,strategy,date,pnl
1,CDE,2007-08-14,94995.00
2,CDE,2007-08-15,96360.00
3,CDE,2007-08-16,96360.00
4,CDE,2007-08-17,94995.00
5,CDE,2007-08-20,97725.00
6,CDE,2007-08-21,98635.00
7,CDE,2007-08-22,98180.00
8,CDE,2007-08-23,99090.00
9,CDE,2007-08-24,100000.00
10,CDE,2007-08-27,101365.00
11,CDE,2007-08-28,97270.00
12,CDE,2007-08-29,100910.00
13,CDE,2007-08-30,99545.00
14,CDE,2007-08-31,99090.00
15,CDE,2007-09-04,100000.00
16,CDE,2007-09-05,98635.00
17,CDE,2007-09-06,98180.00
18,CDE,2007-09-07,97725.00
19,CDE,2007-09-10,99545.00
20,CDE,2007-09-11,101900.00
21,CDE,2007-09-12,104295.00
22,CDE,2007-09-13,103305.00
23,CDE,2007-09-14,106155.00
24,CDE,2007-09-17,108390.00
25,CDE,2007-09-18,111400.00
26,CDE,2007-09-19,108135.00
27,CDE,2007-09-20,110115.00
28,CDE,2007-09-21,111105.00
29,CDE,2007-09-24,112095.00
30,CDE,2007-09-25,114075.00
31,CDE,2007-09-26,113580.00
32,CDE,2007-09-27,113580.00
33,CDE,2007-09-28,113580.00
34,CDE,2007-10-01,111600.00
35,CDE,2007-10-02,110115.00
36,CDE,2007-10-03,111600.00
37,CDE,2007-10-04,110610.00
38,CDE,2007-10-05,108135.00
39,CDE,2007-10-08,110115.00
40,CDE,2007-10-16,109670.00
41,CDE,2007-10-17,110560.00
42,CDE,2007-10-18,111005.00
43,CDE,2007-10-19,107000.00
44,CDE,2007-10-22,109225.00
45,CDE,2007-10-23,110560.00
46,CDE,2007-10-24,111895.00
47,CDE,2007-10-25,112340.00
48,CDE,2007-10-26,112785.00
49,CDE,2007-10-29,113675.00
50,CDE,2007-10-30,111450.00
51,CDE,2007-10-31,112785.00
52,CDE,2007-11-01,111895.00
53,CDE,2007-11-02,109670.00
54,CDE,2007-11-05,113230.00
55,CDE,2007-11-06,117680.00
56,CDE,2007-11-07,111450.00
57,CDE,2007-11-13,113800.00
58,CDE,2007-11-14,110510.00
59,CDE,2007-11-15,109570.00
60,CDE,2007-11-16,110040.00
61,CDE,2007-11-19,109570.00
62,CDE,2007-11-20,108630.00
63,CDE,2007-11-21,111450.00
64,CDE,2007-11-23,110980.00
65,CDE,2007-11-26,110980.00
66,CDE,2007-11-27,114270.00
67,CDE,2007-11-28,117090.00
68,CDE,2007-11-29,117560.00
69,CDE,2007-11-30,118030.00
70,CDE,2007-12-03,118500.00
71,CDE,2007-12-04,120380.00
72,CDE,2007-12-05,122260.00
73,CDE,2007-12-06,121320.00
74,CDE,2007-12-07,123200.00
75,CDE,2007-12-10,123670.00
76,CDE,2007-12-11,124140.00
77,CDE,2007-12-12,125080.00
78,CDE,2007-12-13,126490.00
79,CDE,2007-12-14,127430.00
80,CDE,2007-12-17,129310.00
81,CDE,2008-02-12,130705.00
82,CDE,2008-02-13,132565.00
83,CDE,2008-02-14,132100.00
84,CDE,2008-02-15,133030.00
85,CDE,2008-02-19,133030.00
86,CDE,2008-02-20,134890.00
87,CDE,2008-02-21,134425.00
88,CDE,2008-02-22,135820.00
89,CDE,2008-02-25,138610.00
90,CDE,2008-02-26,138145.00
91,CDE,2008-02-27,138145.00
92,CDE,2008-02-28,138145.00
93,CDE,2008-02-29,135820.00
94,CDE,2008-03-03,137680.00
95,CDE,2008-03-04,140470.00
96,CDE,2008-03-05,143260.00
97,CDE,2008-03-06,140470.00
98,CDE,2008-03-07,141865.00
99,CDE,2008-03-10,135820.00
100,CDE,2008-03-11,135820.00
101,CDE,2008-03-12,135370.00
102,CDE,2008-03-13,136270.00
103,CDE,2008-03-14,135370.00
104,CDE,2008-03-17,134020.00
105,CDE,2008-03-18,133120.00
106,CDE,2008-03-19,135820.00
107,CDE,2008-03-20,136720.00
108,CDE,2008-03-24,135370.00
109,CDE,2008-03-25,134470.00
110,CDE,2008-03-26,138520.00
111,CDE,2008-03-27,138070.00
112,CDE,2008-03-28,140320.00
113,CDE,2008-03-31,139420.00
114,CDE,2008-04-01,139420.00
115,CDE,2008-04-02,138745.00
116,CDE,2008-04-03,138295.00
117,CDE,2008-04-04,139645.00
118,CDE,2008-07-15,140095.00
119,CDE,2008-07-16,140995.00
120,CDE,2008-07-17,140995.00
121,CDE,2008-07-18,141445.00
122,CDE,2008-07-21,142795.00
123,CDE,2008-07-22,141895.00
124,CDE,2008-07-23,140995.00
125,CDE,2008-07-24,143695.00
126,CDE,2008-07-25,142795.00
127,CDE,2008-07-28,144595.00
128,CDE,2008-07-29,144820.00
129,CDE,2008-07-30,144595.00
130,CDE,2008-07-31,144370.00
131,CDE,2008-08-01,144145.00
132,CDE,2008-08-04,148195.00
133,CDE,2008-08-05,143695.00
134,CDE,2008-08-06,143020.00
135,CDE,2008-09-16,143940.00
136,CDE,2008-09-17,140260.00
137,CDE,2008-09-18,143480.00
138,CDE,2008-09-19,140260.00
139,CDE,2008-09-22,141180.00
140,CDE,2008-09-23,141640.00
141,CDE,2008-09-24,141180.00
142,CDE,2008-09-25,143020.00
143,CDE,2008-09-26,141640.00
144,CDE,2008-09-29,134280.00
145,CDE,2008-09-30,141640.00
146,CDE,2008-10-01,138880.00
147,CDE,2008-10-02,129220.00
148,CDE,2008-11-11,129220.00
149,CDE,2008-11-12,127735.00
150,CDE,2008-11-13,128725.00
151,CDE,2008-11-14,125260.00
152,CDE,2008-11-17,129220.00
153,CDE,2008-11-18,118825.00
154,CDE,2008-12-16,122360.00
155,CDE,2008-12-17,124380.00
156,CDE,2008-12-18,127410.00
157,CDE,2008-12-19,128420.00
158,CDE,2008-12-22,130440.00
159,CDE,2008-12-23,128925.00
160,CDE,2008-12-24,129430.00
161,CDE,2008-12-26,131450.00
162,CDE,2008-12-29,131450.00
163,CDE,2008-12-30,132965.00
164,CDE,2008-12-31,132460.00
165,CDE,2009-01-02,133470.00
166,CDE,2009-01-05,132965.00
167,CDE,2009-01-06,131197.50
168,CDE,2009-01-07,133470.00
169,CDE,2009-01-08,132965.00
170,CDE,2009-01-09,135490.00
171,CDE,2009-01-12,138520.00
172,CDE,2009-01-13,138955.00
173,CDE,2009-01-14,139095.00
174,CDE,2009-01-15,140505.00
175,CDE,2009-01-16,142385.00
176,CDE,2009-01-20,136275.00
177,CDE,2009-01-21,141445.00
178,CDE,2009-01-22,141445.00
179,CDE,2009-01-23,144735.00
180,CDE,2009-01-26,145675.00
181,CDE,2009-01-27,149435.00
182,CDE,2009-01-28,150375.00
183,CDE,2009-01-29,150845.00
184,CDE,2009-01-30,149435.00
185,CDE,2009-02-02,151315.00
186,CDE,2009-02-03,155075.00
187,CDE,2009-02-04,155075.00
188,CDE,2009-02-05,155545.00
189,CDE,2009-02-06,155075.00
190,CDE,2009-02-09,157425.00
191,CDE,2009-02-10,156955.00
192,CDE,2009-02-11,160715.00
193,CDE,2011-03-15,153355.00
194,CDE,2011-03-16,157955.00
195,CDE,2011-03-17,159795.00
196,CDE,2011-03-18,158415.00
197,CDE,2011-03-21,164395.00
198,CDE,2011-03-22,165315.00
199,CDE,2011-03-23,163935.00
200,CDE,2011-03-24,164395.00
201,CDE,2011-03-25,164855.00
202,CDE,2011-03-28,164395.00
203,CDE,2011-03-29,164395.00
204,CDE,2011-03-30,164395.00
205,CDE,2011-03-31,164395.00
206,CDE,2011-04-01,164395.00
207,CDE,2011-04-04,166695.00
208,CDE,2011-04-05,165085.00
209,CDE,2011-04-06,165775.00
210,CDE,2011-04-07,165545.00
211,CDE,2011-04-08,168305.00
212,CDE,2011-04-11,170375.00
213,CDE,2011-04-12,175420.00
214,CDE,2011-04-13,178385.00
215,CDE,2011-04-14,179745.00
216,CDE,2011-04-15,178350.00
217,CDE,2011-04-18,181080.00
218,CDE,2011-04-19,182445.00
219,CDE,2011-04-20,179260.00
220,CDE,2011-04-21,179260.00
221,CDE,2011-04-25,181080.00
222,CDE,2011-04-26,176530.00
223,CDE,2011-04-27,177440.00
224,CDE,2011-04-28,177440.00
225,CDE,2011-04-29,176075.00
226,CDE,2011-05-02,178350.00
227,CDE,2011-05-03,179715.00
228,CDE,2011-05-04,184265.00
229,CDE,2011-05-05,183355.00
230,CDE,2011-05-06,185630.00
231,CDE,2011-05-09,184720.00
232,CDE,2011-05-10,181535.00
233,CDE,2011-05-11,187450.00
234,CDE,2011-05-12,183355.00
235,CDE,2011-05-13,188360.00
236,CDE,2011-05-16,192910.00
237,CDE,2011-11-15,193920.00
238,CDE,2011-11-16,194425.00
239,CDE,2011-11-17,190385.00
240,CDE,2011-11-18,191395.00
241,CDE,2011-11-21,190385.00
242,CDE,2011-11-22,193920.00
243,CDE,2011-11-23,190890.00
244,CDE,2011-12-13,186480.00
245,CDE,2011-12-14,187950.00
246,CDE,2011-12-15,190400.00
247,CDE,2011-12-16,191870.00
248,CDE,2011-12-19,191870.00
249,CDE,2011-12-20,197260.00
250,CDE,2011-12-21,195790.00
251,CDE,2011-12-22,197750.00
252,CDE,2011-12-23,198730.00
253,CDE,2011-12-27,199710.00
254,CDE,2011-12-28,198730.00
255,CDE,2011-12-29,199220.00
256,CDE,2011-12-30,200690.00
257,CDE,2012-01-03,201670.00
258,CDE,2012-01-04,202650.00
259,CDE,2012-01-05,203630.00
260,CDE,2012-01-06,205590.00
261,CDE,2012-01-09,205590.00
262,CDE,2012-01-10,203630.00
263,CDE,2012-04-10,201405.00
264,CDE,2012-04-11,200070.00
265,CDE,2012-04-12,201850.00
266,CDE,2012-04-13,202740.00
267,CDE,2012-04-16,205855.00
268,CDE,2012-04-17,206300.00
269,CDE,2012-04-18,206745.00
270,CDE,2012-04-19,208525.00
271,CDE,2012-04-20,209860.00
272,CDE,2012-04-23,209415.00
273,CDE,2012-04-24,210305.00
274,CDE,2012-04-25,212530.00
275,CDE,2012-04-26,210750.00
276,CDE,2012-04-27,210305.00
277,CDE,2012-04-30,211195.00
278,CDE,2012-05-01,212530.00
279,CDE,2012-05-02,212085.00
280,CDE,2012-05-03,215200.00
281,CDE,2012-05-04,217870.00
282,CDE,2012-05-07,220985.00
283,CDE,2012-05-08,220540.00
284,CDE,2012-05-09,219205.00
285,CDE,2012-05-10,222765.00
286,CDE,2012-05-15,221400.00
287,CDE,2012-05-16,222310.00
288,CDE,2012-05-17,221400.00
289,CDE,2012-05-18,217760.00
290,CDE,2012-05-21,222765.00
291,CDE,2012-05-22,221400.00
292,CDE,2012-05-23,227315.00
293,CDE,2012-05-24,225040.00
294,CDE,2012-05-25,224585.00
295,CDE,2012-05-29,226860.00
296,CDE,2012-05-30,224585.00
297,CDE,2012-05-31,225950.00
298,CDE,2012-06-01,223675.00
299,CDE,2012-06-12,222325.00
300,CDE,2012-06-13,220975.00
301,CDE,2012-06-14,222775.00
302,CDE,2014-04-15,221825.00
303,CDE,2014-04-16,226575.00
304,CDE,2014-04-17,224675.00
305,CDE,2014-04-21,227525.00
306,CDE,2014-04-22,228000.00
307,CDE,2014-04-23,226575.00
308,CDE,2014-04-24,228950.00
309,CDE,2014-04-25,227050.00
310,CDE,2014-04-28,228950.00
311,CDE,2014-04-29,228950.00
312,CDE,2014-04-30,229900.00
313,CDE,2014-05-01,231325.00
314,CDE,2014-05-02,230850.00
315,CDE,2014-05-05,233225.00
316,CDE,2014-05-06,233700.00
317,CDE,2014-05-07,233225.00
318,CDE,2014-05-08,233700.00
319,CDE,2014-05-09,234650.00
320,CDE,2014-05-12,237975.00
321,CDE,2014-05-13,243200.00
322,CDE,2014-09-16,242300.00
323,CDE,2014-09-17,245000.00
324,CDE,2014-09-18,244100.00
325,CDE,2014-09-19,245450.00
326,CDE,2014-09-22,245000.00
327,CDE,2014-09-23,243200.00
328,CDE,2014-09-24,245000.00
329,CDE,2014-09-25,243650.00
330,CDE,2014-09-26,244100.00
331,CDE,2014-09-29,246350.00
332,CDE,2014-09-30,246800.00
333,CDE,2014-10-14,245390.00
334,CDE,2014-10-15,246330.00
335,CDE,2014-10-16,245860.00
336,CDE,2014-10-17,245860.00
337,CDE,2014-10-20,247270.00
338,CDE,2014-10-21,248680.00
339,CDE,2014-10-22,246800.00
340,CDE,2014-10-23,249150.00
341,CDE,2014-10-24,249150.00
342,CDE,2014-10-27,248210.00
343,CDE,2014-10-28,246565.00
344,CDE,2014-10-29,245860.00
345,CDE,2014-10-30,247035.00
346,CDE,2014-10-31,245390.00
347,CDE,2014-12-15,245390.00
348,CDE,2014-12-16,244905.00
349,CDE,2014-12-17,246845.00
350,CDE,2014-12-18,248785.00
351,CDE,2014-12-19,247815.00
352,CDE,2014-12-22,247815.00
353,CDE,2014-12-23,248785.00
354,CDE,2014-12-24,250725.00
355,CDE,2014-12-26,248300.00
356,CDE,2014-12-29,248300.00
357,CDE,2014-12-30,249270.00
358,CDE,2014-12-31,247330.00
359,CDE,2015-01-02,250725.00
360,CDE,2015-01-05,249270.00
361,CDE,2015-01-06,250240.00
362,CDE,2015-01-07,253635.00
363,CDE,2015-01-08,254120.00
364,CDE,2015-01-09,252180.00
365,CDE,2015-01-12,252225.00
366,CDE,2015-01-13,248935.00
367,CDE,2015-01-14,250375.00
368,CDE,2015-01-15,248450.00
369,CDE,2015-01-16,254165.00
370,CDE,2015-01-20,259880.00
371,CDE,2015-01-21,264185.00
372,CDE,2015-01-22,265035.00
373,CDE,2015-01-23,263155.00
374,CDE,2015-01-26,262685.00
375,CDE,2015-01-27,260805.00
376,CDE,2015-01-28,260805.00
377,CDE,2015-01-29,259395.00
378,CDE,2015-01-30,262685.00
379,CDE,2015-02-02,261275.00
380,CDE,2015-02-03,261745.00
381,CDE,2015-02-04,264095.00
382,CDE,2015-02-05,262215.00
383,CDE,2015-02-06,262215.00
384,CDE,2015-02-09,266960.00
385,CDE,2015-02-10,268900.00
386,CDE,2015-02-11,270340.00
387,CDE,2015-02-12,272235.00
388,CDE,2015-02-13,273705.00
389,CDE,2015-02-17,274190.00
390,CDE,2015-02-18,274675.00
391,CDE,2015-02-19,273705.00
392,CDE,2015-02-20,275160.00
393,CDE,2015-02-23,274190.00
394,CDE,2015-02-24,276130.00
395,CDE,2015-02-25,274190.00
396,CDE,2015-02-26,277585.00
397,CDE,2015-02-27,274190.00
398,CDE,2015-03-02,276615.00
399,CDE,2015-03-03,276615.00
400,CDE,2015-03-04,277585.00
401,CDE,2015-03-05,276615.00
402,CDE,2015-03-06,280495.00
403,CDE,2015-03-09,281810.00
404,CDE,2015-03-10,285305.00
405,CDE,2015-03-11,283285.00
406,CDE,2015-03-12,280840.00
407,CDE,2015-03-13,279445.00
408,CDE,2015-03-16,280840.00
409,CDE,2015-03-17,279445.00
410,CDE,2015-03-18,279445.00
411,CDE,2015-03-19,279445.00
412,CDE,2015-03-20,278980.00
413,CDE,2015-03-23,280375.00
414,CDE,2015-03-24,280840.00
415,CDE,2015-03-25,281770.00
416,CDE,2015-03-26,283630.00
417,CDE,2015-03-27,283630.00
418,CDE,2015-03-30,281770.00
419,CDE,2015-03-31,281770.00
420,CDE,2015-04-01,280840.00
421,CDE,2015-04-02,283165.00
422,CDE,2015-04-06,281770.00
423,CDE,2015-06-15,280870.00
424,CDE,2015-06-16,277720.00
425,CDE,2015-06-17,278620.00
426,CDE,2015-06-18,279520.00
427,CDE,2015-06-19,281770.00
428,CDE,2015-06-22,282670.00
429,CDE,2015-06-23,283120.00
430,CDE,2015-06-24,282220.00
431,CDE,2015-06-25,282220.00
432,CDE,2015-06-26,281770.00
433,CDE,2015-06-29,279070.00
434,CDE,2015-06-30,281320.00
435,CDE,2015-07-01,284470.00
436,CDE,2015-07-02,284020.00
437,CDE,2015-07-06,280870.00
438,CDE,2015-07-07,283120.00
439,CDE,2015-07-08,283570.00
440,CDE,2015-07-09,285820.00
441,CDE,2015-07-10,288070.00
442,CDE,2015-07-13,290320.00
443,CDE,2015-07-14,291670.00
444,CDE,2015-07-15,292570.00
445,CDE,2015-07-16,292570.00
446,CDE,2015-07-17,296620.00
447,CDE,2015-08-10,296620.00
448,CDE,2015-08-11,297085.00
449,CDE,2015-08-12,297085.00
450,CDE,2015-08-13,299410.00
451,CDE,2015-08-14,299875.00
452,CDE,2015-08-17,298945.00
453,CDE,2015-08-18,299410.00
454,CDE,2015-08-19,299875.00
455,CDE,2015-08-20,300805.00
456,CDE,2015-08-21,296155.00
457,CDE,2015-10-13,290240.00
458,CDE,2015-10-14,297065.00
459,CDE,2015-10-15,297065.00
460,CDE,2015-10-16,296610.00
461,CDE,2015-10-19,297520.00
462,CDE,2015-10-20,297520.00
463,CDE,2015-10-21,297065.00
464,CDE,2015-10-22,297975.00
465,CDE,2015-10-23,298885.00
466,CDE,2015-10-26,300250.00
467,CDE,2015-10-27,302070.00
468,CDE,2015-10-28,299795.00
469,CDE,2015-10-29,303435.00
470,CDE,2015-10-30,302525.00
471,CDE,2015-11-02,300250.00
472,CDE,2015-11-03,298430.00
473,CDE,2015-11-04,300250.00
474,CDE,2015-11-05,298885.00
475,CDE,2015-11-06,299340.00
476,CDE,2015-11-09,298430.00
477,CDE,2015-11-10,299795.00
478,CDE,2015-11-11,303435.00
479,CDE,2015-11-12,304345.00
480,CDE,2015-11-13,304345.00
481,CDE,2015-11-16,307530.00
482,CDE,2015-11-17,306620.00
483,CDE,2015-11-18,308895.00
484,CDE,2015-11-19,312535.00
485,CDE,2015-12-14,313475.00
486,CDE,2015-12-15,315825.00
487,CDE,2015-12-16,315825.00
488,CDE,2015-12-17,317705.00
489,CDE,2015-12-18,316765.00
490,CDE,2015-12-21,318645.00
491,CDE,2015-12-22,318645.00
492,CDE,2015-12-23,318645.00
493,CDE,2015-12-24,317235.00
494,CDE,2015-12-28,318645.00
495,CDE,2015-12-29,318645.00
496,CDE,2015-12-30,319585.00
497,CDE,2015-12-31,319115.00
498,CDE,2016-01-04,320525.00
499,CDE,2016-01-05,322875.00
500,CDE,2016-01-06,324285.00
501,CDE,2016-01-07,312065.00
502,CDE,2016-01-11,313035.00
503,CDE,2016-01-12,316430.00
504,CDE,2016-01-13,312550.00
505,CDE,2016-01-14,314005.00
506,CDE,2016-01-15,306730.00
507,CDE,2016-02-08,311185.00
508,CDE,2016-02-09,308710.00
509,CDE,2016-02-10,303265.00
510,CDE,2016-02-11,304750.00
511,CDE,2016-02-12,304255.00
512,CDE,2016-02-16,310690.00
513,CDE,2016-02-17,312175.00
514,CDE,2016-02-18,314155.00
515,CDE,2016-02-19,314650.00
516,CDE,2016-02-22,317125.00
517,CDE,2016-02-23,317620.00
518,CDE,2016-02-24,316135.00
519,CDE,2016-02-25,317620.00
520,CDE,2016-02-26,316135.00
521,CDE,2016-02-29,316630.00
522,CDE,2016-03-01,314650.00
523,CDE,2016-03-02,313660.00
524,CDE,2016-03-03,313907.50
525,CDE,2016-05-09,315287.50
526,CDE,2016-05-10,315287.50
527,CDE,2016-05-11,314827.50
528,CDE,2016-05-12,315747.50
529,CDE,2016-05-13,315747.50
530,CDE,2016-05-16,318507.50
531,CDE,2016-05-17,317127.50
532,CDE,2016-05-18,317127.50
533,CDE,2016-05-19,315287.50
534,CDE,2016-05-20,318047.50
535,CDE,2016-05-23,319887.50
536,CDE,2016-05-24,319427.50
537,CDE,2016-05-25,319887.50
538,CDE,2016-05-26,320347.50
539,CDE,2016-05-27,318967.50
540,CDE,2016-05-31,317587.50
541,CDE,2016-06-01,317127.50
542,CDE,2016-06-02,315747.50
543,CDE,2016-06-03,316667.50
544,CDE,2016-06-06,314597.50
545,CDE,2016-06-13,310917.50
546,CDE,2016-06-14,310457.50
547,CDE,2016-06-15,313217.50
548,CDE,2016-06-16,312757.50
549,CDE,2016-06-17,313677.50
550,CDE,2016-06-20,315057.50
551,CDE,2016-06-21,316437.50
552,CDE,2016-06-22,315057.50
553,CDE,2016-06-23,315977.50
554,CDE,2016-06-24,315057.50
555,CDE,2016-06-27,308617.50
556,CDE,2016-09-12,309557.50
557,CDE,2016-09-13,312377.50
558,CDE,2016-09-14,306267.50
559,CDE,2016-09-15,309087.50
560,CDE,2016-09-16,309557.50
561,CDE,2016-09-19,310967.50
562,CDE,2016-09-20,309557.50
563,CDE,2016-09-21,312377.50
564,CDE,2016-09-22,310497.50
565,CDE,2016-09-23,311437.50
566,CDE,2016-09-26,312377.50
567,CDE,2016-09-27,313317.50
568,CDE,2016-09-28,312847.50
569,CDE,2016-09-29,312847.50
570,CDE,2016-09-30,312847.50
571,CDE,2016-10-03,313317.50
572,CDE,2016-10-04,314727.50
573,CDE,2016-10-05,312377.50
574,CDE,2016-10-06,314257.50
575,CDE,2016-10-07,314727.50
576,CDE,2016-10-10,315192.50
577,CDE,2016-10-11,313797.50
578,CDE,2016-10-12,314727.50
579,CDE,2016-10-13,315192.50
580,CDE,2016-10-14,315192.50
581,CDE,2016-10-17,313797.50
582,CDE,2016-10-18,315657.50
583,CDE,2016-10-19,318447.50
584,CDE,2016-10-20,319842.50
585,CDE,2016-10-21,318912.50
586,CDE,2016-10-24,322167.50
587,CDE,2016-10-25,324492.50
588,CDE,2016-10-26,322167.50
589,CDE,2016-10-27,320772.50
590,CDE,2017-01-09,320307.50
591,CDE,2017-01-10,323097.50
592,CDE,2017-01-11,323097.50
593,CDE,2017-01-12,324492.50
594,CDE,2017-01-13,326352.50
595,CDE,2017-01-17,326352.50
596,CDE,2017-01-18,329142.50
597,CDE,2017-01-19,328677.50
598,CDE,2017-01-20,332397.50
599,CDE,2017-01-23,332397.50
600,CDE,2017-01-24,333327.50
601,CDE,2017-01-25,334722.50
602,CDE,2017-01-26,334722.50
603,CDE,2017-01-27,335652.50
604,CDE,2017-01-30,333792.50
605,CDE,2017-01-31,332397.50
606,CDE,2017-02-01,335652.50
607,CDE,2017-02-02,333792.50
608,CDE,2017-02-03,334722.50
609,CDE,2017-02-06,336582.50
610,CDE,2017-02-07,335652.50
611,CDE,2017-02-08,336117.50
612,CDE,2017-02-09,337512.50
613,CDE,2017-02-10,334722.50
614,CDE,2017-02-13,335652.50
615,CDE,2017-02-14,335187.50
616,CDE,2017-02-15,332862.50
617,CDE,2017-08-14,335652.50
618,CDE,2017-08-15,338442.50
619,CDE,2017-08-16,337977.50
620,CDE,2017-08-17,337512.50
621,CDE,2017-08-18,338907.50
622,CDE,2017-08-21,337047.50
623,CDE,2017-08-22,339372.50
624,CDE,2017-08-23,339372.50
625,CDE,2017-08-24,340767.50
626,CDE,2017-08-25,339837.50
627,CDE,2017-08-28,340302.50
628,CDE,2017-08-29,340767.50
629,CDE,2017-08-30,341697.50
630,CDE,2017-08-31,336582.50
631,CDE,2017-09-01,336117.50
632,CDE,2017-09-05,338442.50
633,CDE,2017-09-06,337047.50
634,CDE,2017-09-07,338442.50
635,CDE,2017-09-08,338907.50
636,CDE,2017-09-11,335187.50
637,CDE,2018-04-09,335187.50
638,CDE,2018-04-10,336147.50
639,CDE,2018-04-11,335187.50
640,CDE,2018-04-12,337107.50
641,CDE,2018-04-13,337107.50
642,CDE,2018-04-16,339027.50
643,CDE,2018-04-17,337587.50
644,CDE,2018-04-18,337107.50
645,CDE,2018-04-19,337587.50
646,CDE,2018-04-20,338067.50
647,CDE,2018-04-23,339027.50
648,CDE,2018-04-24,338547.50
649,CDE,2018-04-25,340467.50
650,CDE,2018-04-26,339027.50
651,CDE,2018-04-27,340947.50
652,CDE,2018-04-30,342867.50
653,CDE,2018-05-01,342867.50
654,CDE,2018-05-02,342387.50
655,CDE,2018-05-03,344787.50
656,CDE,2018-05-04,341427.50
657,CDE,2018-05-07,339027.50
658,CDE,2018-07-16,338572.50
659,CDE,2018-07-17,339482.50
660,CDE,2018-07-18,341302.50
661,CDE,2018-07-19,340392.50
662,CDE,2018-07-20,340392.50
663,CDE,2018-07-23,342667.50
664,CDE,2018-07-24,342667.50
665,CDE,2018-07-25,344487.50
666,CDE,2018-07-26,343122.50
667,CDE,2018-07-27,344032.50
668,CDE,2018-07-30,343577.50
669,CDE,2018-07-31,344942.50
670,CDE,2018-08-01,347672.50
671,CDE,2018-08-02,347217.50
672,CDE,2018-08-03,349947.50
673,CDE,2018-08-06,351312.50
674,CDE,2018-08-07,352677.50
675,CDE,2018-08-08,354042.50
676,CDE,2018-08-09,353587.50
677,CDE,2018-08-10,354952.50
678,CDE,2018-08-13,356317.50
679,CDE,2018-08-14,353132.50
680,CDE,2018-08-15,356772.50
681,CDE,2018-08-16,353587.50
682,CDE,2018-08-17,354042.50
683,CDE,2018-09-10,354042.50
684,CDE,2018-09-11,354962.50
685,CDE,2018-09-12,355882.50
686,CDE,2018-09-13,356802.50
687,CDE,2018-09-14,357262.50
688,CDE,2018-09-17,358182.50
689,CDE,2018-09-18,358642.50
690,CDE,2018-09-19,360942.50
691,CDE,2018-09-20,359562.50
692,CDE,2018-09-21,360942.50
693,CDE,2018-09-24,363702.50
694,CDE,2018-09-25,362782.50
695,CDE,2018-09-26,364162.50
696,CDE,2018-09-27,368302.50
697,CDE,2018-09-28,366002.50
698,CDE,2018-10-01,367382.50
699,CDE,2018-10-02,365542.50
700,CDE,2018-10-15,368632.50
701,CDE,2018-10-16,371722.50
702,CDE,2018-10-17,371207.50
703,CDE,2018-10-18,368632.50
704,CDE,2018-10-19,366572.50
705,CDE,2018-10-22,367602.50
706,CDE,2018-10-23,365027.50
707,CDE,2018-10-24,356272.50
708,CDE,2018-11-12,353747.50
709,CDE,2018-11-13,353242.50
710,CDE,2018-11-14,352232.50
711,CDE,2018-12-10,351152.50
712,CDE,2018-12-11,353852.50
713,CDE,2018-12-12,356012.50
714,CDE,2018-12-13,354392.50
715,CDE,2018-12-14,347372.50
716,CDE,2019-03-11,349332.50
717,CDE,2019-03-12,349332.50
718,CDE,2019-03-13,351782.50
719,CDE,2019-03-14,352272.50
720,CDE,2019-03-15,351292.50
721,CDE,2019-03-18,352272.50
722,CDE,2019-03-19,351782.50
723,CDE,2019-03-20,353742.50
724,CDE,2019-03-21,353252.50
725,CDE,2019-03-22,350312.50
726,CDE,2019-03-25,349332.50
727,CDE,2019-03-26,351292.50
728,CDE,2019-03-27,353252.50
729,CDE,2019-03-28,354232.50
730,CDE,2019-03-29,353742.50
731,CDE,2019-04-01,355212.50
732,CDE,2019-04-02,355212.50
733,CDE,2019-04-03,354722.50
734,CDE,2019-04-04,355212.50
735,CDE,2019-04-05,353252.50
736,CDE,2019-04-08,353742.50
737,CDE,2019-08-12,347242.50
738,CDE,2019-08-13,350742.50
739,CDE,2019-08-14,346742.50
740,CDE,2019-09-09,345752.50
741,CDE,2019-09-10,347237.50
742,CDE,2019-09-11,348227.50
743,CDE,2019-09-12,347237.50
744,CDE,2019-09-13,348227.50
745,CDE,2019-09-16,348227.50
746,CDE,2019-09-17,348227.50
747,CDE,2019-09-18,347732.50
748,CDE,2019-09-19,349712.50
749,CDE,2019-09-20,348722.50
750,CDE,2019-09-23,348722.50
751,CDE,2019-09-24,347732.50
752,CDE,2019-09-25,350207.50
753,CDE,2019-09-26,349217.50
754,CDE,2019-09-27,348227.50
755,CDE,2019-09-30,350702.50
756,CDE,2019-10-01,350702.50
757,CDE,2019-10-02,345752.50
758,CDE,2019-10-03,346247.50
759,CDE,2019-10-04,351692.50
760,CDE,2019-10-07,352187.50
761,CDE,2019-10-08,351692.50
762,CDE,2019-10-09,349217.50
763,CDE,2019-10-10,352682.50
764,CDE,2019-10-11,356642.50
765,CDE,2019-10-14,358622.50
766,CDE,2019-10-15,361592.50
767,CDE,2019-10-16,361097.50
768,CDE,2019-10-17,359612.50
769,CDE,2019-12-16,360542.50
770,CDE,2019-12-17,362402.50
771,CDE,2019-12-18,361007.50
772,CDE,2019-12-19,359612.50
773,CDE,2019-12-20,360542.50
774,CDE,2019-12-23,359612.50
775,CDE,2019-12-24,358682.50
776,CDE,2019-12-26,358682.50
777,CDE,2019-12-27,360077.50
778,CDE,2019-12-30,360077.50
779,CDE,2019-12-31,359612.50
780,CDE,2020-01-02,362867.50
781,CDE,2020-01-03,361007.50
782,CDE,2020-01-06,361007.50
783,CDE,2020-01-07,363332.50
784,CDE,2020-01-08,363332.50
785,CDE,2020-01-09,365192.50
786,CDE,2020-01-10,367052.50
787,CDE,2020-01-13,367517.50
788,CDE,2020-01-14,367052.50
789,CDE,2020-01-15,366122.50
790,CDE,2020-01-16,365192.50
791,CDE,2020-01-17,364727.50
792,CDE,2020-01-21,367052.50
793,CDE,2020-01-22,366122.50
794,CDE,2020-01-23,366587.50
795,CDE,2020-01-24,365657.50
796,CDE,2020-01-27,363332.50
797,CDE,2020-01-28,365192.50
798,CDE,2020-01-29,366122.50
799,CDE,2020-01-30,367052.50
800,CDE,2020-01-31,357287.50
801,CDE,2020-02-10,357757.50
802,CDE,2020-02-11,358227.50
803,CDE,2020-02-12,359167.50
804,CDE,2020-02-13,358227.50
805,CDE,2020-02-14,358697.50
806,CDE,2020-02-18,358227.50
807,CDE,2020-02-19,359167.50
808,CDE,2020-02-20,358697.50
809,CDE,2020-02-21,359167.50
810,CDE,2020-02-24,349767.50
811,CDE,2020-02-25,339427.50
812,CDE,2020-03-09,317197.50
813,CDE,2020-04-14,317197.50
814,CDE,2020-04-15,309332.50
815,CDE,2020-04-16,306912.50
816,CDE,2020-04-17,314172.50
817,CDE,2020-04-20,309332.50
818,CDE,2020-04-21,312357.50
819,CDE,2020-04-22,318407.50
820,CDE,2020-04-23,316592.50
821,CDE,2020-04-24,321432.50
822,CDE,2020-04-27,328087.50
823,CDE,2020-04-28,328692.50
824,CDE,2020-04-29,334137.50
825,CDE,2020-04-30,329297.50
826,CDE,2020-05-01,321432.50
827,CDE,2020-05-04,325062.50
828,CDE,2020-05-05,325667.50
829,CDE,2020-05-06,323852.50
830,CDE,2020-05-07,326272.50
831,CDE,2020-05-08,330507.50
832,CDE,2020-05-11,333532.50
833,CDE,2020-09-14,338881.55
834,CDE,2020-09-15,338286.55
835,CDE,2020-09-16,340077.50
836,CDE,2020-09-17,339482.50
837,CDE,2020-09-18,338887.50
838,CDE,2020-09-21,330557.50
839,CDE,2020-09-22,331747.50
840,CDE,2020-09-23,325202.50
841,CDE,2020-11-09,329802.50
842,CDE,2020-11-10,333827.50
843,CDE,2020-11-11,331527.50
844,CDE,2020-11-12,330377.50
845,CDE,2020-11-13,333252.50
846,CDE,2020-11-16,334977.50
847,CDE,2020-11-17,334402.50
848,CDE,2020-11-18,334402.50
849,CDE,2020-11-19,336127.50
850,CDE,2020-11-20,335552.50
851,CDE,2020-11-23,336702.50
852,CDE,2020-11-24,339002.50
853,CDE,2020-11-25,337277.50
854,CDE,2020-11-27,337852.50
855,CDE,2020-11-30,336127.50
856,CDE,2020-12-01,339002.50
857,CDE,2020-12-02,337852.50
858,CDE,2020-12-03,340152.50
859,CDE,2020-12-04,340727.50
860,CDE,2020-12-07,339577.50
861,CDE,2020-12-14,340167.50
862,CDE,2020-12-15,344297.50
863,CDE,2020-12-16,344887.50
864,CDE,2020-12-17,346657.50
865,CDE,2020-12-18,344887.50
866,CDE,2020-12-21,343707.50
867,CDE,2020-12-22,346067.50
868,CDE,2020-12-23,347837.50
869,CDE,2020-12-24,346657.50
870,CDE,2020-12-28,349017.50
871,CDE,2020-12-29,344887.50
872,CDE,2020-12-30,345477.50
873,CDE,2020-12-31,345477.50
874,CDE,2021-01-04,343117.50
875,CDE,2021-01-05,347247.50
876,CDE,2021-01-06,353147.50
877,CDE,2021-01-07,353737.50
878,CDE,2021-01-08,352557.50
879,CDE,2021-01-11,353197.50
880,CDPE,2007-08-10,97600.00
881,CDPE,2007-08-13,100960.00
882,CDPE,2007-08-14,99520.00
883,CDPE,2007-08-15,102400.00
884,CDPE,2007-08-16,102400.00
885,CDPE,2007-08-17,99040.00
886,CDPE,2007-08-20,101440.00
887,CDPE,2007-08-21,104320.00
888,CDPE,2007-08-22,104800.00
889,CDPE,2007-08-23,104800.00
890,CDPE,2007-08-24,105280.00
891,CDPE,2007-08-27,107200.00
892,CDPE,2007-08-28,104800.00
893,CDPE,2007-08-29,105280.00
894,CDPE,2007-08-30,105280.00
895,CDPE,2007-08-31,105760.00
896,CDPE,2007-09-04,106720.00
897,CDPE,2007-09-05,106240.00
898,CDPE,2007-09-06,106250.00
899,CDPE,2007-09-07,99970.00
900,CDPE,2007-09-10,102850.00
901,CDPE,2007-09-11,109130.00
902,CDPE,2007-09-12,109605.00
903,CDPE,2007-09-13,109615.00
904,CDPE,2007-09-14,111045.00
905,CDPE,2007-09-17,111530.00
906,CDPE,2007-09-18,118785.00
907,CDPE,2007-09-19,116375.00
908,CDPE,2007-09-20,120710.00
909,CDPE,2007-09-21,120235.00
910,CDPE,2007-09-24,130830.00
911,CDPE,2007-09-25,131315.00
912,CDPE,2007-09-26,131800.00
913,CDPE,2007-09-27,132770.00
914,CDPE,2007-09-28,133255.00
915,CDPE,2007-10-01,130345.00
916,CDPE,2007-10-02,128890.00
917,CDPE,2007-10-03,129375.00
918,CDPE,2007-10-04,128405.00
919,CDPE,2007-10-05,125980.00
920,CDPE,2007-10-08,126950.00
921,CDPE,2007-10-09,127435.00
922,CDPE,2007-10-11,126100.00
923,CDPE,2007-10-12,126545.00
924,CDPE,2007-10-15,128325.00
925,CDPE,2007-10-16,127435.00
926,CDPE,2007-10-17,129215.00
927,CDPE,2007-10-18,128325.00
928,CDPE,2007-10-19,125210.00
929,CDPE,2007-10-22,127435.00
930,CDPE,2007-10-23,129660.00
931,CDPE,2007-10-24,130995.00
932,CDPE,2007-10-25,129660.00
933,CDPE,2007-10-26,130550.00
934,CDPE,2007-10-29,130995.00
935,CDPE,2007-10-30,129660.00
936,CDPE,2007-10-31,132330.00
937,CDPE,2007-11-01,127435.00
938,CDPE,2007-11-08,131195.00
939,CDPE,2007-11-09,126025.00
940,CDPE,2007-11-12,127435.00
941,CDPE,2007-11-13,127435.00
942,CDPE,2007-11-14,126025.00
943,CDPE,2007-11-15,123675.00
944,CDPE,2007-11-16,126025.00
945,CDPE,2007-11-19,126495.00
946,CDPE,2007-11-20,125555.00
947,CDPE,2007-11-21,125555.00
948,CDPE,2007-11-23,126965.00
949,CDPE,2007-11-26,125555.00
950,CDPE,2007-12-10,127415.00
951,CDPE,2007-12-11,125090.00
952,CDPE,2007-12-12,125090.00
953,CDPE,2007-12-13,126020.00
954,CDPE,2007-12-14,123230.00
955,CDPE,2007-12-17,123230.00
956,CDPE,2007-12-18,126020.00
957,CDPE,2007-12-19,130205.00
958,CDPE,2007-12-20,132065.00
959,CDPE,2007-12-21,132995.00
960,CDPE,2007-12-24,132530.00
961,CDPE,2007-12-26,133925.00
962,CDPE,2007-12-27,134390.00
963,CDPE,2007-12-28,133925.00
964,CDPE,2007-12-31,134390.00
965,CDPE,2008-01-02,137180.00
966,CDPE,2008-01-03,135785.00
967,CDPE,2008-01-04,127880.00
968,CDPE,2008-01-10,128800.00
969,CDPE,2008-01-11,127420.00
970,CDPE,2008-01-14,129260.00
971,CDPE,2008-01-15,129260.00
972,CDPE,2008-01-16,130180.00
973,CDPE,2008-01-17,128800.00
974,CDPE,2008-01-18,129260.00
975,CDPE,2008-01-22,131100.00
976,CDPE,2008-01-23,136160.00
977,CDPE,2008-01-24,132940.00
978,CDPE,2008-01-25,132020.00
979,CDPE,2008-01-28,132020.00
980,CDPE,2008-01-29,132480.00
981,CDPE,2008-01-30,134320.00
982,CDPE,2008-01-31,133400.00
983,CDPE,2008-02-01,134320.00
984,CDPE,2008-02-04,133860.00
985,CDPE,2008-02-05,132020.00
986,CDPE,2008-02-06,132020.00
987,CDPE,2008-02-07,135270.00
988,CDPE,2008-02-08,136635.00
989,CDPE,2008-02-11,140345.00
990,CDPE,2008-02-12,143655.00
991,CDPE,2008-02-13,143210.00
992,CDPE,2008-02-14,145940.00
993,CDPE,2008-02-15,149220.00
994,CDPE,2008-02-19,153375.00
995,CDPE,2008-02-20,154325.00
996,CDPE,2008-02-21,153850.00
997,CDPE,2008-02-22,154800.00
998,CDPE,2008-02-25,156225.00
999,CDPE,2008-02-26,157175.00
1000,CDPE,2008-02-27,156225.00
1001,CDPE,2008-02-28,156225.00
1002,CDPE,2008-02-29,155750.00
1003,CDPE,2008-03-03,156700.00
1004,CDPE,2008-03-04,161925.00
1005,CDPE,2008-03-05,162875.00
1006,CDPE,2008-03-06,159595.00
1007,CDPE,2008-03-07,159640.00
1008,CDPE,2008-03-10,156775.00
1009,CDPE,2008-03-11,162755.00
1010,CDPE,2008-03-12,159995.00
1011,CDPE,2008-03-13,160455.00
1012,CDPE,2008-03-14,157695.00
1013,CDPE,2008-03-17,159995.00
1014,CDPE,2008-03-18,166435.00
1015,CDPE,2008-03-19,160455.00
1016,CDPE,2008-03-20,161375.00
1017,CDPE,2008-03-24,162755.00
1018,CDPE,2008-03-25,163215.00
1019,CDPE,2008-03-26,163215.00
1020,CDPE,2008-03-27,164595.00
1021,CDPE,2008-03-28,165515.00
1022,CDPE,2008-03-31,166895.00
1023,CDPE,2008-04-01,167355.00
1024,CDPE,2008-04-02,165515.00
1025,CDPE,2008-04-03,165975.00
1026,CDPE,2008-04-04,167355.00
1027,CDPE,2008-04-07,169885.00
1028,CDPE,2008-04-08,170345.00
1029,CDPE,2008-04-10,171695.00
1030,CDPE,2008-04-11,168995.00
1031,CDPE,2008-04-14,171245.00
1032,CDPE,2008-04-15,172145.00
1033,CDPE,2008-04-16,174845.00
1034,CDPE,2008-04-17,174845.00
1035,CDPE,2008-04-18,175295.00
1036,CDPE,2008-04-21,175745.00
1037,CDPE,2008-04-22,176645.00
1038,CDPE,2008-04-23,177545.00
1039,CDPE,2008-04-24,179345.00
1040,CDPE,2008-04-25,178445.00
1041,CDPE,2008-04-28,178445.00
1042,CDPE,2008-04-29,180245.00
1043,CDPE,2008-04-30,180245.00
1044,CDPE,2008-05-01,177995.00
1045,CDPE,2008-05-02,178670.00
1046,CDPE,2008-05-05,179345.00
1047,CDPE,2008-05-06,179120.00
1048,CDPE,2008-05-07,182945.00
1049,CDPE,2008-05-08,183620.00
1050,CDPE,2008-05-09,183620.00
1051,CDPE,2008-05-12,179570.00
1052,CDPE,2008-05-13,178445.00
1053,CDPE,2008-07-15,178895.00
1054,CDPE,2008-07-16,179795.00
1055,CDPE,2008-07-17,179795.00
1056,CDPE,2008-07-18,180245.00
1057,CDPE,2008-07-21,181595.00
1058,CDPE,2008-07-22,180695.00
1059,CDPE,2008-07-23,179795.00
1060,CDPE,2008-07-24,182495.00
1061,CDPE,2008-07-25,181595.00
1062,CDPE,2008-07-28,183395.00
1063,CDPE,2008-07-29,183620.00
1064,CDPE,2008-07-30,183395.00
1065,CDPE,2008-07-31,183170.00
1066,CDPE,2008-08-01,182945.00
1067,CDPE,2008-08-04,186995.00
1068,CDPE,2008-08-05,182495.00
1069,CDPE,2008-08-06,181820.00
1070,CDPE,2008-09-12,180910.00
1071,CDPE,2008-09-15,178180.00
1072,CDPE,2008-09-16,182275.00
1073,CDPE,2008-09-17,175905.00
1074,CDPE,2008-09-18,181820.00
1075,CDPE,2008-09-19,179090.00
1076,CDPE,2008-09-22,179545.00
1077,CDPE,2008-09-23,179090.00
1078,CDPE,2008-09-24,177270.00
1079,CDPE,2008-09-25,180455.00
1080,CDPE,2008-09-26,180455.00
1081,CDPE,2008-09-29,168170.00
1082,CDPE,2008-10-09,165990.00
1083,CDPE,2008-11-06,165480.00
1084,CDPE,2008-11-07,164970.00
1085,CDPE,2008-11-10,164460.00
1086,CDPE,2008-11-11,165480.00
1087,CDPE,2008-11-12,157320.00
1088,CDPE,2008-12-12,154895.00
1089,CDPE,2008-12-15,153440.00
1090,CDPE,2008-12-16,157320.00
1091,CDPE,2008-12-17,159260.00
1092,CDPE,2008-12-18,162170.00
1093,CDPE,2008-12-19,163140.00
1094,CDPE,2008-12-22,165080.00
1095,CDPE,2008-12-23,163625.00
1096,CDPE,2008-12-24,164110.00
1097,CDPE,2008-12-26,166050.00
1098,CDPE,2008-12-29,166050.00
1099,CDPE,2008-12-30,167505.00
1100,CDPE,2008-12-31,167020.00
1101,CDPE,2009-01-02,167990.00
1102,CDPE,2009-01-05,167505.00
1103,CDPE,2009-01-06,165807.50
1104,CDPE,2009-01-07,167990.00
1105,CDPE,2009-01-08,165625.00
1106,CDPE,2009-01-09,169930.00
1107,CDPE,2009-01-12,167670.00
1108,CDPE,2009-01-13,169535.00
1109,CDPE,2009-01-14,169125.00
1110,CDPE,2009-01-15,171550.00
1111,CDPE,2009-02-05,172000.00
1112,CDPE,2009-02-06,172000.00
1113,CDPE,2009-02-09,172900.00
1114,CDPE,2009-02-10,172450.00
1115,CDPE,2009-02-11,173350.00
1116,CDPE,2009-02-12,174700.00
1117,CDPE,2009-02-13,176050.00
1118,CDPE,2009-02-17,173800.00
1119,CDPE,2009-02-18,176500.00
1120,CDPE,2009-02-19,176950.00
1121,CDPE,2009-02-20,176500.00
1122,CDPE,2010-05-07,170650.00
1123,CDPE,2010-05-10,176500.00
1124,CDPE,2010-05-11,172900.00
1125,CDPE,2010-05-12,175150.00
1126,CDPE,2010-05-13,176050.00
1127,CDPE,2010-05-14,172900.00
1128,CDPE,2010-05-17,176500.00
1129,CDPE,2010-05-18,175600.00
1130,CDPE,2010-05-19,172900.00
1131,CDPE,2010-05-20,169750.00
1132,CDPE,2010-05-21,170200.00
1133,CDPE,2010-05-24,176950.00
1134,CDPE,2010-05-25,176050.00
1135,CDPE,2010-06-10,179445.00
1136,CDPE,2010-06-11,180415.00
1137,CDPE,2010-06-14,178960.00
1138,CDPE,2010-06-15,181385.00
1139,CDPE,2010-06-16,175080.00
1140,CDPE,2010-06-17,180415.00
1141,CDPE,2010-06-18,180415.00
1142,CDPE,2010-06-21,185750.00
1143,CDPE,2010-06-22,182355.00
1144,CDPE,2010-06-23,182840.00
1145,CDPE,2010-06-24,182840.00
1146,CDPE,2010-06-25,182840.00
1147,CDPE,2010-06-28,182840.00
1148,CDPE,2010-06-29,184295.00
1149,CDPE,2010-06-30,185265.00
1150,CDPE,2010-07-01,188175.00
1151,CDPE,2010-07-02,190115.00
1152,CDPE,2010-07-06,190600.00
1153,CDPE,2010-07-07,195450.00
1154,CDPE,2010-07-08,196420.00
1155,CDPE,2010-07-19,197320.00
1156,CDPE,2010-07-20,198670.00
1157,CDPE,2010-07-21,197770.00
1158,CDPE,2010-07-22,199120.00
1159,CDPE,2010-07-23,198220.00
1160,CDPE,2010-07-26,193270.00
1161,CDPE,2010-07-27,193720.00
1162,CDPE,2010-07-28,197770.00
1163,CDPE,2010-07-29,196420.00
1164,CDPE,2010-07-30,198220.00
1165,CDPE,2010-08-02,197320.00
1166,CDPE,2010-08-03,197770.00
1167,CDPE,2010-08-04,195970.00
1168,CDPE,2010-08-05,198670.00
1169,CDPE,2010-08-06,200470.00
1170,CDPE,2010-08-09,200470.00
1171,CDPE,2010-08-10,207445.00
1172,CDPE,2010-08-11,203845.00
1173,CDPE,2010-08-12,206095.00
1174,CDPE,2010-08-13,202045.00
1175,CDPE,2010-08-16,205645.00
1176,CDPE,2010-08-17,208795.00
1177,CDPE,2010-08-18,206545.00
1178,CDPE,2010-08-19,207445.00
1179,CDPE,2010-08-20,206995.00
1180,CDPE,2010-08-23,205645.00
1181,CDPE,2011-01-10,206995.00
1182,CDPE,2011-01-11,209245.00
1183,CDPE,2011-01-12,209245.00
1184,CDPE,2011-01-13,212395.00
1185,CDPE,2011-01-14,209695.00
1186,CDPE,2011-01-18,210145.00
1187,CDPE,2011-01-19,214195.00
1188,CDPE,2011-01-20,212845.00
1189,CDPE,2011-01-21,211945.00
1190,CDPE,2011-01-24,217345.00
1191,CDPE,2011-01-25,219145.00
1192,CDPE,2011-01-26,215545.00
1193,CDPE,2011-01-27,216445.00
1194,CDPE,2011-01-28,219595.00
1195,CDPE,2011-01-31,218695.00
1196,CDPE,2011-02-01,215545.00
1197,CDPE,2011-02-02,216895.00
1198,CDPE,2011-02-03,216895.00
1199,CDPE,2011-02-04,216895.00
1200,CDPE,2011-02-07,216445.00
1201,CDPE,2011-02-08,216895.00
1202,CDPE,2011-02-09,215995.00
1203,CDPE,2011-02-10,215095.00
1204,CDPE,2011-02-11,212620.00
1205,CDPE,2011-03-11,212620.00
1206,CDPE,2011-03-14,213550.00
1207,CDPE,2011-03-15,206575.00
1208,CDPE,2011-03-16,211225.00
1209,CDPE,2011-03-17,213085.00
1210,CDPE,2011-03-18,211690.00
1211,CDPE,2011-03-21,217735.00
1212,CDPE,2011-03-22,218665.00
1213,CDPE,2011-03-23,217270.00
1214,CDPE,2011-03-24,217735.00
1215,CDPE,2011-03-25,218200.00
1216,CDPE,2011-03-28,217735.00
1217,CDPE,2011-03-29,217735.00
1218,CDPE,2011-03-30,217735.00
1219,CDPE,2011-03-31,217735.00
1220,CDPE,2011-04-01,217735.00
1221,CDPE,2011-04-04,220060.00
1222,CDPE,2011-04-05,218432.50
1223,CDPE,2011-04-06,219130.00
1224,CDPE,2011-04-07,218897.50
1225,CDPE,2011-04-08,222142.50
1226,CDPE,2011-04-11,226055.00
1227,CDPE,2011-04-12,229775.00
1228,CDPE,2011-04-13,234112.50
1229,CDPE,2011-04-14,236377.50
1230,CDPE,2011-04-15,234042.50
1231,CDPE,2011-04-18,238592.50
1232,CDPE,2011-04-19,240867.50
1233,CDPE,2011-04-20,237682.50
1234,CDPE,2011-04-21,236317.50
1235,CDPE,2011-04-25,237227.50
1236,CDPE,2011-04-26,234497.50
1237,CDPE,2011-04-27,236317.50
1238,CDPE,2011-04-28,235862.50
1239,CDPE,2011-04-29,233587.50
1240,CDPE,2011-05-02,236317.50
1241,CDPE,2011-05-03,237227.50
1242,CDPE,2011-05-04,242687.50
1243,CDPE,2011-05-05,240402.50
1244,CDPE,2011-05-06,245367.50
1245,CDPE,2011-05-09,247592.50
1246,CDPE,2011-05-10,243142.50
1247,CDPE,2011-05-11,247592.50
1248,CDPE,2011-05-12,245812.50
1249,CDPE,2011-05-13,245812.50
1250,CDPE,2011-05-16,247592.50
1251,CDPE,2011-05-17,250707.50
1252,CDPE,2011-05-18,254267.50
1253,CDPE,2011-05-19,251152.50
1254,CDPE,2011-05-20,251597.50
1255,CDPE,2011-05-23,253377.50
1256,CDPE,2011-05-24,255157.50
1257,CDPE,2011-05-25,256047.50
1258,CDPE,2011-05-26,257382.50
1259,CDPE,2011-05-27,256492.50
1260,CDPE,2011-05-31,254267.50
1261,CDPE,2011-06-01,259607.50
1262,CDPE,2011-06-02,258272.50
1263,CDPE,2011-06-03,263612.50
1264,CDPE,2011-08-11,262582.50
1265,CDPE,2011-08-12,268247.50
1266,CDPE,2011-08-15,277002.50
1267,CDPE,2011-08-16,263097.50
1268,CDPE,2011-08-17,269277.50
1269,CDPE,2011-08-18,261037.50
1270,CDPE,2011-08-19,266702.50
1271,CDPE,2011-08-22,267732.50
1272,CDPE,2011-08-23,267217.50
1273,CDPE,2011-08-24,270307.50
1274,CDPE,2011-08-25,266187.50
1275,CDPE,2011-08-26,269277.50
1276,CDPE,2011-08-29,271337.50
1277,CDPE,2011-08-30,271337.50
1278,CDPE,2011-08-31,272367.50
1279,CDPE,2011-09-01,273397.50
1280,CDPE,2011-09-02,273912.50
1281,CDPE,2011-09-06,272882.50
1282,CDPE,2011-09-07,273912.50
1283,CDPE,2011-09-08,276487.50
1284,CDPE,2011-09-09,263367.50
1285,CDPE,2011-09-12,267792.50
1286,CDPE,2011-09-13,263367.50
1287,CDPE,2011-09-14,273412.50
1288,CDPE,2011-09-15,277912.50
1289,CDPE,2011-09-16,276412.50
1290,CDPE,2011-09-19,276412.50
1291,CDPE,2011-09-20,275912.50
1292,CDPE,2011-09-21,276912.50
1293,CDPE,2011-09-22,260412.50
1294,CDPE,2011-10-10,262472.50
1295,CDPE,2011-10-11,262472.50
1296,CDPE,2011-10-12,266077.50
1297,CDPE,2011-10-13,264532.50
1298,CDPE,2011-10-14,267107.50
1299,CDPE,2011-10-17,263502.50
1300,CDPE,2011-10-18,265562.50
1301,CDPE,2011-10-19,262472.50
1302,CDPE,2011-10-20,265562.50
1303,CDPE,2011-10-21,267107.50
1304,CDPE,2011-10-24,267622.50
1305,CDPE,2011-10-25,266592.50
1306,CDPE,2011-10-26,268137.50
1307,CDPE,2011-10-27,269682.50
1308,CDPE,2011-10-28,267622.50
1309,CDPE,2011-10-31,268652.50
1310,CDPE,2011-11-01,265562.50
1311,CDPE,2011-11-02,267622.50
1312,CDPE,2011-11-03,267622.50
1313,CDPE,2011-11-04,269167.50
1314,CDPE,2011-11-07,268137.50
1315,CDPE,2011-11-08,269167.50
1316,CDPE,2011-11-10,263722.50
1317,CDPE,2011-11-11,265702.50
1318,CDPE,2011-11-14,266197.50
1319,CDPE,2011-11-15,267682.50
1320,CDPE,2011-11-16,268672.50
1321,CDPE,2011-11-17,263227.50
1322,CDPE,2011-11-18,266197.50
1323,CDPE,2011-11-21,265702.50
1324,CDPE,2011-11-22,266197.50
1325,CDPE,2011-11-23,264217.50
1326,CDPE,2011-12-08,253877.50
1327,CDPE,2011-12-09,258107.50
1328,CDPE,2011-12-12,259047.50
1329,CDPE,2011-12-13,256227.50
1330,CDPE,2011-12-14,256697.50
1331,CDPE,2012-01-05,254837.50
1332,CDPE,2012-01-06,257627.50
1333,CDPE,2012-01-09,259022.50
1334,CDPE,2012-01-10,258557.50
1335,CDPE,2012-01-11,259952.50
1336,CDPE,2012-01-12,259022.50
1337,CDPE,2012-01-13,258557.50
1338,CDPE,2012-01-17,257627.50
1339,CDPE,2012-01-18,258557.50
1340,CDPE,2012-01-19,259487.50
1341,CDPE,2012-01-20,259952.50
1342,CDPE,2012-01-23,261347.50
1343,CDPE,2012-01-24,263207.50
1344,CDPE,2012-01-25,261347.50
1345,CDPE,2012-01-26,261812.50
1346,CDPE,2012-01-27,261812.50
1347,CDPE,2012-01-30,261812.50
1348,CDPE,2012-01-31,263672.50
1349,CDPE,2012-02-01,260417.50
1350,CDPE,2012-02-02,260185.00
1351,CDPE,2012-02-03,257627.50
1352,CDPE,2012-02-13,259022.50
1353,CDPE,2012-02-14,258092.50
1354,CDPE,2012-02-15,258557.50
1355,CDPE,2012-02-16,259487.50
1356,CDPE,2012-02-17,259952.50
1357,CDPE,2012-02-21,262277.50
1358,CDPE,2012-02-22,263207.50
1359,CDPE,2012-02-23,263207.50
1360,CDPE,2012-02-24,262742.50
1361,CDPE,2012-02-27,261812.50
1362,CDPE,2012-02-28,264137.50
1363,CDPE,2012-02-29,265532.50
1364,CDPE,2012-03-01,265532.50
1365,CDPE,2012-03-02,270647.50
1366,CDPE,2012-03-05,270647.50
1367,CDPE,2012-03-06,273437.50
1368,CDPE,2012-03-07,274832.50
1369,CDPE,2012-03-08,272972.50
1370,CDPE,2012-03-09,272972.50
1371,CDPE,2012-03-12,274832.50
1372,CDPE,2012-03-13,271577.50
1373,CDPE,2012-03-14,272972.50
1374,CDPE,2012-03-15,271577.50
1375,CDPE,2012-03-16,272972.50
1376,CDPE,2012-03-19,270415.00
1377,CDPE,2012-03-20,273902.50
1378,CDPE,2012-04-05,274352.50
1379,CDPE,2012-04-09,273902.50
1380,CDPE,2012-04-10,270302.50
1381,CDPE,2012-04-11,272552.50
1382,CDPE,2012-04-12,271652.50
1383,CDPE,2012-04-13,274352.50
1384,CDPE,2012-04-16,276152.50
1385,CDPE,2012-04-17,277052.50
1386,CDPE,2012-04-18,277502.50
1387,CDPE,2012-04-19,279752.50
1388,CDPE,2012-04-20,279752.50
1389,CDPE,2012-04-23,282002.50
1390,CDPE,2012-04-24,281552.50
1391,CDPE,2012-04-25,283802.50
1392,CDPE,2012-04-26,285152.50
1393,CDPE,2012-04-27,282452.50
1394,CDPE,2012-04-30,283352.50
1395,CDPE,2012-05-01,286052.50
1396,CDPE,2012-05-02,285602.50
1397,CDPE,2012-05-03,287402.50
1398,CDPE,2012-05-04,291002.50
1399,CDPE,2012-05-07,293702.50
1400,CDPE,2012-05-10,294602.50
1401,CDPE,2012-05-11,292802.50
1402,CDPE,2012-05-14,294602.50
1403,CDPE,2012-05-15,292802.50
1404,CDPE,2012-05-16,291902.50
1405,CDPE,2012-05-17,292802.50
1406,CDPE,2012-05-18,289202.50
1407,CDPE,2012-06-08,288292.50
1408,CDPE,2012-06-11,289657.50
1409,CDPE,2012-06-12,288747.50
1410,CDPE,2012-06-13,287382.50
1411,CDPE,2012-06-14,289202.50
1412,CDPE,2013-06-06,287402.50
1413,CDPE,2013-06-07,291002.50
1414,CDPE,2013-06-10,291002.50
1415,CDPE,2013-06-11,290102.50
1416,CDPE,2013-06-12,288752.50
1417,CDPE,2013-06-13,289202.50
1418,CDPE,2013-06-14,291002.50
1419,CDPE,2013-06-17,291452.50
1420,CDPE,2013-06-18,290552.50
1421,CDPE,2013-06-19,294152.50
1422,CDPE,2013-06-20,292352.50
1423,CDPE,2013-06-21,294152.50
1424,CDPE,2013-06-24,294602.50
1425,CDPE,2013-06-25,295952.50
1426,CDPE,2013-06-26,298202.50
1427,CDPE,2013-06-27,295052.50
1428,CDPE,2013-06-28,295502.50
1429,CDPE,2013-07-01,296402.50
1430,CDPE,2013-07-02,296402.50
1431,CDPE,2013-07-03,296402.50
1432,CDPE,2013-07-05,295502.50
1433,CDPE,2013-07-08,293252.50
1434,CDPE,2013-07-09,292352.50
1435,CDPE,2013-10-10,293747.50
1436,CDPE,2013-10-11,294212.50
1437,CDPE,2013-10-14,294212.50
1438,CDPE,2013-10-15,297932.50
1439,CDPE,2013-10-16,293747.50
1440,CDPE,2013-10-17,297932.50
1441,CDPE,2013-10-18,293282.50
1442,CDPE,2013-10-21,295142.50
1443,CDPE,2013-10-22,295142.50
1444,CDPE,2013-10-23,296072.50
1445,CDPE,2013-10-24,294677.50
1446,CDPE,2013-10-25,294910.00
1447,CDPE,2013-10-28,294910.00
1448,CDPE,2013-10-29,293747.50
1449,CDPE,2013-10-30,296770.00
1450,CDPE,2013-10-31,297002.50
1451,CDPE,2013-11-01,300257.50
1452,CDPE,2013-11-04,297467.50
1453,CDPE,2013-11-05,298165.00
1454,CDPE,2013-11-06,301420.00
1455,CDPE,2013-11-07,305372.50
1456,CDPE,2013-11-08,300025.00
1457,CDPE,2013-11-11,298862.50
1458,CDPE,2013-11-12,297700.00
1459,CDPE,2014-02-06,304630.00
1460,CDPE,2014-02-07,306610.00
1461,CDPE,2014-02-10,308095.00
1462,CDPE,2014-02-11,306115.00
1463,CDPE,2014-02-12,306115.00
1464,CDPE,2014-02-13,305125.00
1465,CDPE,2014-02-14,305620.00
1466,CDPE,2014-02-18,302155.00
1467,CDPE,2014-02-19,306115.00
1468,CDPE,2014-02-20,300175.00
1469,CDPE,2014-02-21,304630.00
1470,CDPE,2014-02-24,299680.00
1471,CDPE,2014-02-25,303640.00
1472,CDPE,2014-02-26,300175.00
1473,CDPE,2014-02-27,301660.00
1474,CDPE,2014-02-28,303145.00
1475,CDPE,2014-03-03,305620.00
1476,CDPE,2014-03-04,299927.50
1477,CDPE,2014-03-06,300857.50
1478,CDPE,2014-03-07,303647.50
1479,CDPE,2014-03-10,305507.50
1480,CDPE,2014-03-11,300392.50
1481,CDPE,2014-03-12,304112.50
1482,CDPE,2014-03-13,301322.50
1483,CDPE,2014-03-14,298532.50
1484,CDPE,2014-03-17,303182.50
1485,CDPE,2014-03-18,302717.50
1486,CDPE,2014-03-19,305507.50
1487,CDPE,2014-03-20,305042.50
1488,CDPE,2014-03-21,305042.50
1489,CDPE,2014-03-24,304577.50
1490,CDPE,2014-03-25,308762.50
1491,CDPE,2014-03-26,308297.50
1492,CDPE,2014-04-11,301857.50
1493,CDPE,2014-04-14,304157.50
1494,CDPE,2014-04-15,304157.50
1495,CDPE,2014-04-16,306917.50
1496,CDPE,2014-04-17,308757.50
1497,CDPE,2014-04-21,311517.50
1498,CDPE,2014-04-22,312437.50
1499,CDPE,2014-04-23,312897.50
1500,CDPE,2014-04-24,311517.50
1501,CDPE,2014-04-25,309677.50
1502,CDPE,2014-04-28,311517.50
1503,CDPE,2014-04-29,311517.50
1504,CDPE,2014-04-30,315197.50
1505,CDPE,2014-05-01,313357.50
1506,CDPE,2014-05-02,316117.50
1507,CDPE,2014-05-05,315657.50
1508,CDPE,2014-05-06,318417.50
1509,CDPE,2014-05-07,316577.50
1510,CDPE,2014-05-08,313357.50
1511,CDPE,2014-05-09,326237.50
1512,CDPE,2014-05-12,325317.50
1513,CDPE,2014-05-13,330837.50
1514,CDPE,2014-05-14,332677.50
1515,CDPE,2014-05-15,333137.50
1516,CDPE,2014-05-16,334057.50
1517,CDPE,2014-05-19,334977.50
1518,CDPE,2014-05-20,334977.50
1519,CDPE,2014-05-21,336357.50
1520,CDPE,2014-05-22,337277.50
1521,CDPE,2014-05-23,338197.50
1522,CDPE,2014-05-27,333597.50
1523,CDPE,2014-05-28,334977.50
1524,CDPE,2014-05-29,334977.50
1525,CDPE,2014-05-30,335897.50
1526,CDPE,2014-06-02,336817.50
1527,CDPE,2014-06-03,337737.50
1528,CDPE,2014-06-04,336817.50
1529,CDPE,2014-06-05,335667.50
1530,CDPE,2014-06-06,333137.50
1531,CDPE,2014-06-09,330607.50
1532,CDPE,2014-06-10,331527.50
1533,CDPE,2014-07-11,332427.50
1534,CDPE,2014-07-14,326577.50
1535,CDPE,2014-07-15,333777.50
1536,CDPE,2014-07-16,331077.50
1537,CDPE,2014-07-17,331077.50
1538,CDPE,2014-07-18,333327.50
1539,CDPE,2014-07-21,332877.50
1540,CDPE,2014-07-22,335127.50
1541,CDPE,2014-07-23,335577.50
1542,CDPE,2014-07-24,339177.50
1543,CDPE,2014-07-25,335577.50
1544,CDPE,2014-07-28,337377.50
1545,CDPE,2014-07-29,334677.50
1546,CDPE,2014-07-30,340977.50
1547,CDPE,2014-07-31,335127.50
1548,CDPE,2014-08-01,337377.50
1549,CDPE,2014-08-08,336912.50
1550,CDPE,2014-08-11,337842.50
1551,CDPE,2014-08-12,339237.50
1552,CDPE,2014-08-13,340632.50
1553,CDPE,2014-08-14,343887.50
1554,CDPE,2014-08-15,341097.50
1555,CDPE,2014-08-18,341097.50
1556,CDPE,2014-08-19,341097.50
1557,CDPE,2014-08-20,340167.50
1558,CDPE,2014-08-21,342027.50
1559,CDPE,2014-08-22,342027.50
1560,CDPE,2014-08-25,341562.50
1561,CDPE,2014-08-26,339702.50
1562,CDPE,2014-08-27,339702.50
1563,CDPE,2014-08-28,342492.50
1564,CDPE,2014-08-29,341562.50
1565,CDPE,2014-09-02,340632.50
1566,CDPE,2014-09-03,342957.50
1567,CDPE,2014-09-04,342027.50
1568,CDPE,2014-09-05,341562.50
1569,CDPE,2014-09-08,342260.00
1570,CDPE,2014-09-09,345282.50
1571,CDPE,2014-09-15,345737.50
1572,CDPE,2014-09-16,346647.50
1573,CDPE,2014-09-17,348467.50
1574,CDPE,2014-09-18,348467.50
1575,CDPE,2014-09-19,348922.50
1576,CDPE,2014-09-22,348467.50
1577,CDPE,2014-09-23,347102.50
1578,CDPE,2014-09-24,346647.50
1579,CDPE,2014-09-25,347102.50
1580,CDPE,2014-10-10,343777.50
1581,CDPE,2014-10-13,345677.50
1582,CDPE,2014-10-14,342827.50
1583,CDPE,2014-10-15,344252.50
1584,CDPE,2014-10-16,348052.50
1585,CDPE,2014-10-17,347577.50
1586,CDPE,2014-10-20,349477.50
1587,CDPE,2014-10-21,350427.50
1588,CDPE,2014-10-22,349477.50
1589,CDPE,2014-10-23,349952.50
1590,CDPE,2014-10-24,349477.50
1591,CDPE,2014-10-27,350902.50
1592,CDPE,2014-10-28,349952.50
1593,CDPE,2014-10-29,349002.50
1594,CDPE,2014-10-30,350902.50
1595,CDPE,2014-10-31,348765.00
1596,CDPE,2014-11-10,350565.00
1597,CDPE,2014-11-11,351015.00
1598,CDPE,2014-11-12,347865.00
1599,CDPE,2014-11-13,352365.00
1600,CDPE,2014-11-14,352815.00
1601,CDPE,2014-11-17,352365.00
1602,CDPE,2014-11-18,351915.00
1603,CDPE,2014-11-19,353715.00
1604,CDPE,2014-11-20,353715.00
1605,CDPE,2014-11-21,353715.00
1606,CDPE,2014-11-24,353265.00
1607,CDPE,2014-11-25,355515.00
1608,CDPE,2014-11-26,353265.00
1609,CDPE,2014-11-28,354165.00
1610,CDPE,2014-12-01,355965.00
1611,CDPE,2014-12-02,356865.00
1612,CDPE,2014-12-03,354615.00
1613,CDPE,2014-12-04,357765.00
1614,CDPE,2014-12-05,356415.00
1615,CDPE,2014-12-08,358215.00
1616,CDPE,2014-12-09,355980.00
1617,CDPE,2014-12-10,355935.00
1618,CDPE,2014-12-11,349545.00
1619,CDPE,2014-12-12,352695.00
1620,CDPE,2014-12-15,350925.00
1621,CDPE,2014-12-16,354030.00
1622,CDPE,2014-12-17,356805.00
1623,CDPE,2014-12-18,355500.00
1624,CDPE,2014-12-19,351420.00
1625,CDPE,2014-12-22,352545.00
1626,CDPE,2014-12-23,354870.00
1627,CDPE,2014-12-24,355800.00
1628,CDPE,2014-12-26,355800.00
1629,CDPE,2014-12-29,355335.00
1630,CDPE,2014-12-30,354405.00
1631,CDPE,2014-12-31,353010.00
1632,CDPE,2015-01-02,354870.00
1633,CDPE,2015-01-05,355800.00
1634,CDPE,2015-01-06,355285.00
1635,CDPE,2015-01-07,360010.00
1636,CDPE,2015-01-08,361015.00
1637,CDPE,2015-01-09,360110.00
1638,CDPE,2015-01-12,360085.00
1639,CDPE,2015-01-13,356240.00
1640,CDPE,2015-01-14,358050.00
1641,CDPE,2015-01-15,359910.00
1642,CDPE,2015-01-16,367035.00
1643,CDPE,2015-01-20,366695.00
1644,CDPE,2015-01-21,372400.00
1645,CDPE,2015-01-22,373820.00
1646,CDPE,2015-01-23,373820.00
1647,CDPE,2015-01-26,374800.00
1648,CDPE,2015-01-27,373330.00
1649,CDPE,2015-01-28,374310.00
1650,CDPE,2015-01-29,377250.00
1651,CDPE,2015-01-30,367940.00
1652,CDPE,2015-02-02,373820.00
1653,CDPE,2015-02-03,376270.00
1654,CDPE,2015-02-04,376760.00
1655,CDPE,2015-02-05,378230.00
1656,CDPE,2015-02-06,376760.00
1657,CDPE,2015-02-09,380190.00
1658,CDPE,2015-02-10,381660.00
1659,CDPE,2015-02-11,382150.00
1660,CDPE,2015-02-12,386070.00
1661,CDPE,2015-02-13,386070.00
1662,CDPE,2015-02-17,383620.00
1663,CDPE,2015-02-18,386560.00
1664,CDPE,2015-02-19,385090.00
1665,CDPE,2015-02-20,387050.00
1666,CDPE,2015-02-23,385580.00
1667,CDPE,2015-02-24,389500.00
1668,CDPE,2015-02-25,389990.00
1669,CDPE,2015-02-26,388030.00
1670,CDPE,2015-02-27,388030.00
1671,CDPE,2015-03-02,388030.00
1672,CDPE,2015-03-03,390480.00
1673,CDPE,2015-03-04,389920.00
1674,CDPE,2015-03-05,391390.00
1675,CDPE,2015-03-06,393245.00
1676,CDPE,2015-03-09,390480.00
1677,CDPE,2015-03-10,386385.00
1678,CDPE,2015-03-11,390935.00
1679,CDPE,2015-03-12,391390.00
1680,CDPE,2015-03-13,389570.00
1681,CDPE,2015-03-16,390480.00
1682,CDPE,2015-03-17,390935.00
1683,CDPE,2015-03-18,390935.00
1684,CDPE,2015-03-19,393665.00
1685,CDPE,2015-03-20,390025.00
1686,CDPE,2015-03-23,393210.00
1687,CDPE,2015-03-24,393210.00
1688,CDPE,2015-03-25,394575.00
1689,CDPE,2015-03-26,395030.00
1690,CDPE,2015-03-27,396850.00
1691,CDPE,2015-03-30,395030.00
1692,CDPE,2015-03-31,394120.00
1693,CDPE,2015-04-01,394575.00
1694,CDPE,2015-04-02,393665.00
1695,CDPE,2015-04-06,394575.00
1696,CDPE,2015-04-07,395940.00
1697,CDPE,2015-04-08,396860.00
1698,CDPE,2015-04-09,396395.00
1699,CDPE,2015-04-10,398720.00
1700,CDPE,2015-04-13,397790.00
1701,CDPE,2015-04-14,398720.00
1702,CDPE,2015-04-15,399650.00
1703,CDPE,2015-04-16,399650.00
1704,CDPE,2015-04-17,401045.00
1705,CDPE,2015-04-20,401045.00
1706,CDPE,2015-04-21,401045.00
1707,CDPE,2015-04-22,400580.00
1708,CDPE,2015-04-23,402440.00
1709,CDPE,2015-04-24,402905.00
1710,CDPE,2015-04-27,402440.00
1711,CDPE,2015-04-28,404765.00
1712,CDPE,2015-04-29,403370.00
1713,CDPE,2015-04-30,404300.00
1714,CDPE,2015-05-01,408020.00
1715,CDPE,2015-05-04,412670.00
1716,CDPE,2015-05-05,410345.00
1717,CDPE,2015-05-06,406620.00
1718,CDPE,2015-05-07,410350.00
1719,CDPE,2015-05-08,415475.00
1720,CDPE,2015-05-11,415940.00
1721,CDPE,2015-05-12,419680.00
1722,CDPE,2015-05-13,420150.00
1723,CDPE,2015-05-14,420150.00
1724,CDPE,2015-05-15,421090.00
1725,CDPE,2015-05-18,420620.00
1726,CDPE,2015-05-19,423440.00
1727,CDPE,2015-05-20,420150.00
1728,CDPE,2015-05-21,422970.00
1729,CDPE,2015-05-22,421560.00
1730,CDPE,2015-05-26,425320.00
1731,CDPE,2015-05-27,422970.00
1732,CDPE,2015-05-28,422500.00
1733,CDPE,2015-05-29,421560.00
1734,CDPE,2015-06-01,422970.00
1735,CDPE,2015-06-02,422500.00
1736,CDPE,2015-06-03,421090.00
1737,CDPE,2015-06-04,422500.00
1738,CDPE,2015-06-05,422970.00
1739,CDPE,2015-06-08,422500.00
1740,CDPE,2015-06-09,423895.00
1741,CDPE,2015-06-10,425290.00
1742,CDPE,2015-06-11,425290.00
1743,CDPE,2015-06-12,425755.00
1744,CDPE,2015-06-15,425290.00
1745,CDPE,2015-06-16,422035.00
1746,CDPE,2015-06-17,422965.00
1747,CDPE,2015-06-18,423895.00
1748,CDPE,2015-06-19,426220.00
1749,CDPE,2015-06-22,427150.00
1750,CDPE,2015-06-23,427615.00
1751,CDPE,2015-06-24,426685.00
1752,CDPE,2015-06-25,426685.00
1753,CDPE,2015-06-26,426220.00
1754,CDPE,2015-06-29,423430.00
1755,CDPE,2015-06-30,425755.00
1756,CDPE,2015-07-01,429010.00
1757,CDPE,2015-07-02,428545.00
1758,CDPE,2015-07-06,425290.00
1759,CDPE,2015-07-07,428110.00
1760,CDPE,2015-07-08,428080.00
1761,CDPE,2015-07-09,431395.00
1762,CDPE,2015-07-10,437185.00
1763,CDPE,2015-07-13,440995.00
1764,CDPE,2015-07-14,442885.00
1765,CDPE,2015-07-15,443320.00
1766,CDPE,2015-07-16,445300.00
1767,CDPE,2015-07-17,451960.00
1768,CDPE,2015-07-20,453445.00
1769,CDPE,2015-07-21,452950.00
1770,CDPE,2015-07-22,453940.00
1771,CDPE,2015-07-23,455920.00
1772,CDPE,2015-07-24,456910.00
1773,CDPE,2015-07-27,453940.00
1774,CDPE,2015-07-28,461860.00
1775,CDPE,2015-08-04,461860.00
1776,CDPE,2015-08-05,460060.00
1777,CDPE,2015-08-06,460510.00
1778,CDPE,2015-08-07,462310.00
1779,CDPE,2015-08-10,462310.00
1780,CDPE,2015-08-11,457360.00
1781,CDPE,2015-08-12,460510.00
1782,CDPE,2015-08-13,461410.00
1783,CDPE,2015-08-14,461860.00
1784,CDPE,2015-08-17,467260.00
1785,CDPE,2015-08-18,465910.00
1786,CDPE,2015-08-19,464560.00
1787,CDPE,2015-08-20,459610.00
1788,CDPE,2015-10-13,453695.00
1789,CDPE,2015-10-14,460520.00
1790,CDPE,2015-10-15,460520.00
1791,CDPE,2015-10-16,460065.00
1792,CDPE,2015-10-19,460975.00
1793,CDPE,2015-10-20,460975.00
1794,CDPE,2015-10-21,460520.00
1795,CDPE,2015-10-22,461430.00
1796,CDPE,2015-10-23,462340.00
1797,CDPE,2015-10-26,463705.00
1798,CDPE,2015-10-27,465525.00
1799,CDPE,2015-10-28,463250.00
1800,CDPE,2015-10-29,466890.00
1801,CDPE,2015-10-30,465980.00
1802,CDPE,2015-11-02,463705.00
1803,CDPE,2015-11-03,461885.00
1804,CDPE,2015-11-04,463705.00
1805,CDPE,2015-11-05,460520.00
1806,CDPE,2015-11-06,461430.00
1807,CDPE,2015-11-09,460520.00
1808,CDPE,2015-11-10,460975.00
1809,CDPE,2015-11-11,464160.00
1810,CDPE,2015-11-12,464615.00
1811,CDPE,2015-11-13,463705.00
1812,CDPE,2015-11-16,466890.00
1813,CDPE,2015-11-17,465980.00
1814,CDPE,2015-11-18,468255.00
1815,CDPE,2015-11-19,471895.00
1816,CDPE,2015-12-08,471895.00
1817,CDPE,2015-12-09,470955.00
1818,CDPE,2015-12-10,472365.00
1819,CDPE,2015-12-11,469075.00
1820,CDPE,2016-01-05,468590.00
1821,CDPE,2016-01-06,471500.00
1822,CDPE,2016-01-07,464225.00
1823,CDPE,2016-02-03,464710.00
1824,CDPE,2016-02-04,466165.00
1825,CDPE,2016-02-05,459860.00
1826,CDPE,2016-02-08,459375.00
1827,CDPE,2016-03-09,457965.00
1828,CDPE,2016-03-10,458905.00
1829,CDPE,2016-03-11,459845.00
1830,CDPE,2016-03-14,461725.00
1831,CDPE,2016-03-15,462665.00
1832,CDPE,2016-03-16,465955.00
1833,CDPE,2016-03-17,464545.00
1834,CDPE,2016-03-18,464075.00
1835,CDPE,2016-03-21,465955.00
1836,CDPE,2016-03-22,465015.00
1837,CDPE,2016-03-23,466425.00
1838,CDPE,2016-03-24,468775.00
1839,CDPE,2016-03-28,466895.00
1840,CDPE,2016-03-29,466895.00
1841,CDPE,2016-03-30,465015.00
1842,CDPE,2016-03-31,465015.00
1843,CDPE,2016-04-01,464545.00
1844,CDPE,2016-04-04,467835.00
1845,CDPE,2016-04-05,467425.00
1846,CDPE,2016-04-06,467365.00
1847,CDPE,2016-04-07,467445.00
1848,CDPE,2016-04-08,468365.00
1849,CDPE,2016-04-11,471575.00
1850,CDPE,2016-04-12,471495.00
1851,CDPE,2016-04-13,471495.00
1852,CDPE,2016-04-14,472395.00
1853,CDPE,2016-04-15,471495.00
1854,CDPE,2016-04-18,472845.00
1855,CDPE,2016-04-19,472845.00
1856,CDPE,2016-04-20,473295.00
1857,CDPE,2016-04-21,473745.00
1858,CDPE,2016-04-22,471945.00
1859,CDPE,2016-04-25,472845.00
1860,CDPE,2016-04-26,471045.00
1861,CDPE,2016-04-27,471945.00
1862,CDPE,2016-04-28,473295.00
1863,CDPE,2016-04-29,473295.00
1864,CDPE,2016-05-02,472845.00
1865,CDPE,2016-05-03,475095.00
1866,CDPE,2016-05-04,479175.00
1867,CDPE,2016-05-05,480990.00
1868,CDPE,2016-05-06,483240.00
1869,CDPE,2016-05-09,484635.00
1870,CDPE,2016-05-10,484230.00
1871,CDPE,2016-05-11,486450.00
1872,CDPE,2016-05-12,487800.00
1873,CDPE,2016-05-13,490950.00
1874,CDPE,2016-05-16,493740.00
1875,CDPE,2016-05-17,492810.00
1876,CDPE,2016-05-18,492345.00
1877,CDPE,2016-05-19,491415.00
1878,CDPE,2016-05-20,494205.00
1879,CDPE,2016-05-23,495600.00
1880,CDPE,2016-05-24,495135.00
1881,CDPE,2016-05-25,497460.00
1882,CDPE,2016-05-26,496530.00
1883,CDPE,2016-05-27,495600.00
1884,CDPE,2016-05-31,495135.00
1885,CDPE,2016-06-01,494670.00
1886,CDPE,2016-06-02,494205.00
1887,CDPE,2016-06-03,494670.00
1888,CDPE,2016-06-06,491647.50
1889,CDPE,2016-06-10,488087.50
1890,CDPE,2016-06-13,485417.50
1891,CDPE,2016-06-14,485862.50
1892,CDPE,2016-06-15,485862.50
1893,CDPE,2016-06-16,488532.50
1894,CDPE,2016-06-17,486752.50
1895,CDPE,2016-06-20,491647.50
1896,CDPE,2016-06-21,492092.50
1897,CDPE,2016-06-22,489867.50
1898,CDPE,2016-06-23,492982.50
1899,CDPE,2016-06-24,485417.50
1900,CDPE,2016-07-06,485882.50
1901,CDPE,2016-07-07,484487.50
1902,CDPE,2016-07-08,486347.50
1903,CDPE,2016-07-11,485882.50
1904,CDPE,2016-07-12,484022.50
1905,CDPE,2016-07-13,484487.50
1906,CDPE,2016-07-14,484952.50
1907,CDPE,2016-07-15,485417.50
1908,CDPE,2016-07-18,485882.50
1909,CDPE,2016-07-19,485882.50
1910,CDPE,2016-07-20,485417.50
1911,CDPE,2016-07-21,486347.50
1912,CDPE,2016-07-22,484952.50
1913,CDPE,2016-07-25,484952.50
1914,CDPE,2016-07-26,485417.50
1915,CDPE,2016-07-27,484952.50
1916,CDPE,2016-07-28,484487.50
1917,CDPE,2016-07-29,484952.50
1918,CDPE,2016-08-01,485417.50
1919,CDPE,2016-08-02,487277.50
1920,CDPE,2016-08-03,487277.50
1921,CDPE,2016-08-04,486115.00
1922,CDPE,2016-08-05,483790.00
1923,CDPE,2016-08-11,483790.00
1924,CDPE,2016-08-12,484690.00
1925,CDPE,2016-08-15,485140.00
1926,CDPE,2016-08-16,483340.00
1927,CDPE,2016-08-17,485140.00
1928,CDPE,2016-08-18,485140.00
1929,CDPE,2016-08-19,485140.00
1930,CDPE,2016-08-22,485590.00
1931,CDPE,2016-08-23,483340.00
1932,CDPE,2016-08-24,485140.00
1933,CDPE,2016-08-25,484240.00
1934,CDPE,2016-08-26,485140.00
1935,CDPE,2016-08-29,485140.00
1936,CDPE,2016-08-30,484240.00
1937,CDPE,2016-08-31,484690.00
1938,CDPE,2016-09-01,486040.00
1939,CDPE,2016-09-02,485140.00
1940,CDPE,2016-09-06,483790.00
1941,CDPE,2016-09-07,483790.00
1942,CDPE,2016-09-08,482890.00
1943,CDPE,2016-09-09,482890.00
1944,CDPE,2016-09-12,487390.00
1945,CDPE,2016-09-13,481990.00
1946,CDPE,2016-09-14,481990.00
1947,CDPE,2016-09-15,482440.00
1948,CDPE,2016-09-16,485590.00
1949,CDPE,2016-09-19,484240.00
1950,CDPE,2016-09-20,485140.00
1951,CDPE,2016-09-21,483790.00
1952,CDPE,2016-09-22,477940.00
1953,CDPE,2016-10-04,475615.00
1954,CDPE,2016-10-05,477475.00
1955,CDPE,2016-10-06,478870.00
1956,CDPE,2016-10-07,477940.00
1957,CDPE,2016-10-10,478870.00
1958,CDPE,2016-10-11,477475.00
1959,CDPE,2016-10-12,478405.00
1960,CDPE,2016-10-13,478870.00
1961,CDPE,2016-10-14,478870.00
1962,CDPE,2016-10-17,477475.00
1963,CDPE,2016-10-18,479335.00
1964,CDPE,2016-10-19,482125.00
1965,CDPE,2016-10-20,483520.00
1966,CDPE,2016-10-21,482590.00
1967,CDPE,2016-10-24,485845.00
1968,CDPE,2016-10-25,488170.00
1969,CDPE,2016-10-26,485845.00
1970,CDPE,2016-10-27,484450.00
1971,CDPE,2016-11-17,483070.00
1972,CDPE,2016-11-18,484910.00
1973,CDPE,2016-11-21,485830.00
1974,CDPE,2016-11-22,485370.00
1975,CDPE,2016-11-23,483530.00
1976,CDPE,2016-11-25,483990.00
1977,CDPE,2016-11-28,485830.00
1978,CDPE,2016-11-29,486290.00
1979,CDPE,2016-11-30,487670.00
1980,CDPE,2016-12-01,486750.00
1981,CDPE,2016-12-02,488130.00
1982,CDPE,2016-12-05,486290.00
1983,CDPE,2016-12-06,485370.00
1984,CDPE,2016-12-07,484450.00
1985,CDPE,2016-12-08,483300.00
1986,CDPE,2016-12-09,483530.00
1987,CDPE,2016-12-12,484910.00
1988,CDPE,2016-12-13,483970.00
1989,CDPE,2016-12-14,483030.00
1990,CDPE,2016-12-15,485380.00
1991,CDPE,2016-12-16,488200.00
1992,CDPE,2016-12-19,490550.00
1993,CDPE,2016-12-20,489610.00
1994,CDPE,2016-12-21,491020.00
1995,CDPE,2016-12-22,488200.00
1996,CDPE,2016-12-23,490080.00
1997,CDPE,2016-12-27,491960.00
1998,CDPE,2016-12-28,491020.00
1999,CDPE,2016-12-29,491020.00
2000,CDPE,2016-12-30,490550.00
2001,CDPE,2017-01-03,493840.00
2002,CDPE,2017-01-04,492430.00
2003,CDPE,2017-01-05,496190.00
2004,CDPE,2017-01-06,499480.00
2005,CDPE,2017-01-09,502300.00
2006,CDPE,2017-01-10,506500.00
2007,CDPE,2017-01-11,506500.00
2008,CDPE,2017-01-12,507895.00
2009,CDPE,2017-01-13,509755.00
2010,CDPE,2017-01-17,509755.00
2011,CDPE,2017-01-18,512545.00
2012,CDPE,2017-01-19,512080.00
2013,CDPE,2017-01-20,515800.00
2014,CDPE,2017-01-23,515800.00
2015,CDPE,2017-01-24,516730.00
2016,CDPE,2017-01-25,518125.00
2017,CDPE,2017-01-26,518125.00
2018,CDPE,2017-01-27,519055.00
2019,CDPE,2017-01-30,517195.00
2020,CDPE,2017-01-31,515800.00
2021,CDPE,2017-02-01,519055.00
2022,CDPE,2017-02-02,517195.00
2023,CDPE,2017-02-03,518125.00
2024,CDPE,2017-02-06,519985.00
2025,CDPE,2017-02-07,516325.00
2026,CDPE,2017-02-08,518155.00
2027,CDPE,2017-02-09,521825.00
2028,CDPE,2017-02-10,518125.00
2029,CDPE,2017-02-13,521785.00
2030,CDPE,2017-02-14,521785.00
2031,CDPE,2017-02-15,522240.00
2032,CDPE,2017-02-16,522240.00
2033,CDPE,2017-02-17,523605.00
2034,CDPE,2017-02-21,522240.00
2035,CDPE,2017-02-22,522695.00
2036,CDPE,2017-02-23,522695.00
2037,CDPE,2017-02-24,522695.00
2038,CDPE,2017-02-27,522240.00
2039,CDPE,2017-02-28,523150.00
2040,CDPE,2017-03-01,521330.00
2041,CDPE,2017-03-02,524060.00
2042,CDPE,2017-03-03,525880.00
2043,CDPE,2017-03-06,527700.00
2044,CDPE,2017-03-07,531815.00
2045,CDPE,2017-03-08,530865.00
2046,CDPE,2017-03-09,530835.00
2047,CDPE,2017-03-10,537255.00
2048,CDPE,2017-03-13,541440.00
2049,CDPE,2017-03-14,540945.00
2050,CDPE,2017-03-15,546990.00
2051,CDPE,2017-03-16,546525.00
2052,CDPE,2017-03-17,546525.00
2053,CDPE,2017-03-20,547455.00
2054,CDPE,2017-03-21,540480.00
2055,CDPE,2017-04-05,538230.00
2056,CDPE,2017-04-06,540480.00
2057,CDPE,2017-04-07,541830.00
2058,CDPE,2017-04-10,542730.00
2059,CDPE,2017-04-11,543180.00
2060,CDPE,2017-04-12,539130.00
2061,CDPE,2017-04-13,540480.00
2062,CDPE,2017-04-17,544080.00
2063,CDPE,2017-04-18,543630.00
2064,CDPE,2017-04-19,542730.00
2065,CDPE,2017-04-20,542280.00
2066,CDPE,2017-04-21,541380.00
2067,CDPE,2017-04-24,544080.00
2068,CDPE,2017-04-25,540930.00
2069,CDPE,2017-04-26,539580.00
2070,CDPE,2017-04-27,540030.00
2071,CDPE,2017-04-28,544080.00
2072,CDPE,2017-05-01,541830.00
2073,CDPE,2017-05-02,545430.00
2074,CDPE,2017-05-03,548580.00
2075,CDPE,2017-05-04,550380.00
2076,CDPE,2017-05-05,547230.00
2077,CDPE,2017-05-08,548130.00
2078,CDPE,2017-05-09,550380.00
2079,CDPE,2017-05-10,547680.00
2080,CDPE,2017-08-10,546315.00
2081,CDPE,2017-08-11,548590.00
2082,CDPE,2017-08-14,549500.00
2083,CDPE,2017-08-15,553140.00
2084,CDPE,2017-08-16,554050.00
2085,CDPE,2017-08-17,549955.00
2086,CDPE,2017-08-18,550410.00
2087,CDPE,2017-08-21,552685.00
2088,CDPE,2017-08-22,554505.00
2089,CDPE,2017-08-23,551775.00
2090,CDPE,2017-08-24,551320.00
2091,CDPE,2017-08-25,554050.00
2092,CDPE,2017-08-28,554505.00
2093,CDPE,2017-08-29,555415.00
2094,CDPE,2017-08-30,555870.00
2095,CDPE,2017-08-31,554960.00
2096,CDPE,2017-09-01,554960.00
2097,CDPE,2017-09-05,557235.00
2098,CDPE,2017-09-06,554965.00
2099,CDPE,2017-09-07,564105.00
2100,CDPE,2017-09-08,561360.00
2101,CDPE,2017-09-11,557730.00
2102,CDPE,2017-09-12,555450.00
2103,CDPE,2017-09-13,555450.00
2104,CDPE,2017-09-14,558210.00
2105,CDPE,2017-09-15,556830.00
2106,CDPE,2017-09-18,553150.00
2107,CDPE,2017-09-19,556830.00
2108,CDPE,2017-09-20,556830.00
2109,CDPE,2017-09-21,555450.00
2110,CDPE,2017-09-22,554530.00
2111,CDPE,2017-09-25,553150.00
2112,CDPE,2017-09-26,551770.00
2113,CDPE,2017-09-27,550390.00
2114,CDPE,2017-09-28,549470.00
2115,CDPE,2017-09-29,550390.00
2116,CDPE,2017-10-02,550390.00
2117,CDPE,2018-02-06,550900.00
2118,CDPE,2018-02-07,557020.00
2119,CDPE,2018-02-08,549880.00
2120,CDPE,2018-02-09,545290.00
2121,CDPE,2018-02-12,567730.00
2122,CDPE,2018-02-13,557020.00
2123,CDPE,2018-02-14,565690.00
2124,CDPE,2018-02-15,562120.00
2125,CDPE,2018-02-16,560080.00
2126,CDPE,2018-02-20,562120.00
2127,CDPE,2018-02-21,559570.00
2128,CDPE,2018-02-22,560590.00
2129,CDPE,2018-02-23,561610.00
2130,CDPE,2018-02-26,559570.00
2131,CDPE,2018-02-27,560590.00
2132,CDPE,2018-02-28,561610.00
2133,CDPE,2018-03-01,564160.00
2134,CDPE,2018-03-02,564670.00
2135,CDPE,2018-03-05,560080.00
2136,CDPE,2018-03-06,560080.00
2137,CDPE,2018-03-07,558040.00
2138,CDPE,2018-03-08,560080.00
2139,CDPE,2018-03-09,560890.00
2140,CDPE,2018-03-12,557530.00
2141,CDPE,2018-03-13,560380.00
2142,CDPE,2018-03-14,562280.00
2143,CDPE,2018-03-15,561805.00
2144,CDPE,2018-03-16,562280.00
2145,CDPE,2018-03-19,562755.00
2146,CDPE,2018-03-20,563230.00
2147,CDPE,2018-03-21,562755.00
2148,CDPE,2018-03-22,559905.00
2149,CDPE,2018-03-23,556580.00
2150,CDPE,2018-04-03,557590.00
2151,CDPE,2018-04-04,562135.00
2152,CDPE,2018-04-05,560620.00
2153,CDPE,2018-04-06,560620.00
2154,CDPE,2018-04-09,560620.00
2155,CDPE,2018-04-10,560115.00
2156,CDPE,2018-04-11,560620.00
2157,CDPE,2018-04-12,562135.00
2158,CDPE,2018-04-13,562640.00
2159,CDPE,2018-04-16,562135.00
2160,CDPE,2018-04-17,561125.00
2161,CDPE,2018-04-18,560115.00
2162,CDPE,2018-04-19,562135.00
2163,CDPE,2018-04-20,562135.00
2164,CDPE,2018-04-23,562640.00
2165,CDPE,2018-04-24,563650.00
2166,CDPE,2018-04-25,564155.00
2167,CDPE,2018-04-26,565165.00
2168,CDPE,2018-04-27,565165.00
2169,CDPE,2018-04-30,566680.00
2170,CDPE,2018-05-01,566680.00
2171,CDPE,2018-05-02,565165.00
2172,CDPE,2018-05-03,567690.00
2173,CDPE,2018-05-04,564155.00
2174,CDPE,2018-05-07,562387.50
2175,CDPE,2018-07-11,561917.50
2176,CDPE,2018-07-12,562857.50
2177,CDPE,2018-07-13,565207.50
2178,CDPE,2018-07-16,565207.50
2179,CDPE,2018-07-17,566147.50
2180,CDPE,2018-07-18,568027.50
2181,CDPE,2018-07-19,567087.50
2182,CDPE,2018-07-20,567087.50
2183,CDPE,2018-07-23,569437.50
2184,CDPE,2018-07-24,569437.50
2185,CDPE,2018-07-25,571317.50
2186,CDPE,2018-07-26,569907.50
2187,CDPE,2018-07-27,570847.50
2188,CDPE,2018-07-30,570377.50
2189,CDPE,2018-07-31,571787.50
2190,CDPE,2018-08-01,574607.50
2191,CDPE,2018-08-02,574137.50
2192,CDPE,2018-08-03,576957.50
2193,CDPE,2018-08-06,578367.50
2194,CDPE,2018-08-07,579777.50
2195,CDPE,2018-08-08,581187.50
2196,CDPE,2018-08-14,582087.50
2197,CDPE,2018-08-15,582537.50
2198,CDPE,2018-08-16,582537.50
2199,CDPE,2018-08-17,583437.50
2200,CDPE,2018-08-20,582087.50
2201,CDPE,2018-08-21,580737.50
2202,CDPE,2018-08-22,579387.50
2203,CDPE,2018-08-23,580287.50
2204,CDPE,2018-08-24,579837.50
2205,CDPE,2018-08-27,580287.50
2206,CDPE,2018-08-28,579837.50
2207,CDPE,2018-08-29,579387.50
2208,CDPE,2018-08-30,579837.50
2209,CDPE,2018-08-31,578937.50
2210,CDPE,2018-09-04,579387.50
2211,CDPE,2018-09-05,581652.50
2212,CDPE,2018-09-06,582552.50
2213,CDPE,2018-09-07,583002.50
2214,CDPE,2018-09-10,583932.50
2215,CDPE,2018-09-11,585792.50
2216,CDPE,2018-09-12,587652.50
2217,CDPE,2018-09-13,588582.50
2218,CDPE,2018-09-14,589512.50
2219,CDPE,2018-09-17,589977.50
2220,CDPE,2018-09-18,591837.50
2221,CDPE,2018-09-19,593697.50
2222,CDPE,2018-09-20,592302.50
2223,CDPE,2018-09-21,598812.50
2224,CDPE,2018-09-24,596952.50
2225,CDPE,2018-09-25,597417.50
2226,CDPE,2018-09-26,596952.50
2227,CDPE,2018-09-27,598347.50
2228,CDPE,2018-09-28,599277.50
2229,CDPE,2018-10-01,589047.50
2230,CDPE,2018-10-09,589537.50
2231,CDPE,2018-10-10,580717.50
2232,CDPE,2018-11-06,581767.50
2233,CDPE,2018-11-07,587017.50
2234,CDPE,2018-11-08,585967.50
2235,CDPE,2018-11-09,584392.50
2236,CDPE,2018-11-12,582292.50
2237,CDPE,2018-11-13,581767.50
2238,CDPE,2018-11-14,580717.50
2239,CDPE,2018-12-06,579667.50
2240,CDPE,2018-12-07,572842.50
2241,CDPE,2018-12-10,573367.50
2242,CDPE,2018-12-11,573367.50
2243,CDPE,2018-12-12,579667.50
2244,CDPE,2018-12-13,576517.50
2245,CDPE,2019-01-04,583057.50
2246,CDPE,2019-01-07,585782.50
2247,CDPE,2019-01-08,587417.50
2248,CDPE,2019-01-09,587962.50
2249,CDPE,2019-01-10,586327.50
2250,CDPE,2019-01-11,589052.50
2251,CDPE,2019-01-14,588507.50
2252,CDPE,2019-01-15,589597.50
2253,CDPE,2019-01-16,588507.50
2254,CDPE,2019-01-17,589052.50
2255,CDPE,2019-01-18,589052.50
2256,CDPE,2019-01-22,589052.50
2257,CDPE,2019-01-23,588507.50
2258,CDPE,2019-01-24,587417.50
2259,CDPE,2019-01-25,587962.50
2260,CDPE,2019-01-28,588507.50
2261,CDPE,2019-01-29,587962.50
2262,CDPE,2019-01-30,589597.50
2263,CDPE,2019-03-05,589132.50
2264,CDPE,2019-03-06,584947.50
2265,CDPE,2019-03-07,582622.50
2266,CDPE,2019-04-09,582147.50
2267,CDPE,2019-04-10,582147.50
2268,CDPE,2019-04-11,582622.50
2269,CDPE,2019-04-12,583572.50
2270,CDPE,2019-04-15,584047.50
2271,CDPE,2019-04-16,585472.50
2272,CDPE,2019-04-17,584047.50
2273,CDPE,2019-04-18,585947.50
2274,CDPE,2019-04-22,585472.50
2275,CDPE,2019-04-23,587847.50
2276,CDPE,2019-04-24,588797.50
2277,CDPE,2019-04-25,588322.50
2278,CDPE,2019-04-26,588797.50
2279,CDPE,2019-04-29,589272.50
2280,CDPE,2019-04-30,588797.50
2281,CDPE,2019-05-01,590697.50
2282,CDPE,2019-05-02,588797.50
2283,CDPE,2019-05-03,587847.50
2284,CDPE,2019-05-06,585472.50
2285,CDPE,2019-05-07,581672.50
2286,CDPE,2019-05-08,583217.50
2287,CDPE,2019-05-09,581752.50
2288,CDPE,2019-05-10,589552.50
2289,CDPE,2019-05-13,574782.50
2290,CDPE,2019-06-06,575792.50
2291,CDPE,2019-06-07,577307.50
2292,CDPE,2019-06-10,576297.50
2293,CDPE,2019-06-11,577307.50
2294,CDPE,2019-06-12,576802.50
2295,CDPE,2019-06-13,577812.50
2296,CDPE,2019-06-14,577812.50
2297,CDPE,2019-06-17,579327.50
2298,CDPE,2019-06-18,579832.50
2299,CDPE,2019-06-19,580842.50
2300,CDPE,2019-06-20,581852.50
2301,CDPE,2019-06-21,581852.50
2302,CDPE,2019-06-24,582862.50
2303,CDPE,2019-06-25,582357.50
2304,CDPE,2019-06-26,581852.50
2305,CDPE,2019-06-27,582357.50
2306,CDPE,2019-06-28,581852.50
2307,CDPE,2019-07-01,583367.50
2308,CDPE,2019-07-02,584377.50
2309,CDPE,2019-07-03,582862.50
2310,CDPE,2019-07-05,583367.50
2311,CDPE,2019-07-08,585387.50
2312,CDPE,2019-07-09,584907.50
2313,CDPE,2019-07-10,586827.50
2314,CDPE,2019-07-11,588267.50
2315,CDPE,2019-07-12,588267.50
2316,CDPE,2019-07-15,588267.50
2317,CDPE,2019-07-16,589227.50
2318,CDPE,2019-07-17,589707.50
2319,CDPE,2019-07-18,589227.50
2320,CDPE,2019-07-19,591147.50
2321,CDPE,2019-07-22,591147.50
2322,CDPE,2019-07-23,591147.50
2323,CDPE,2019-07-24,591147.50
2324,CDPE,2019-07-25,594027.50
2325,CDPE,2019-07-26,593067.50
2326,CDPE,2019-07-29,593067.50
2327,CDPE,2019-07-30,590667.50
2328,CDPE,2019-07-31,587787.50
2329,CDPE,2019-08-01,586827.50
2330,CDPE,2019-08-02,582987.50
2331,CDPE,2019-08-05,574347.50
2332,CDPE,2019-08-06,572772.50
2333,CDPE,2019-08-07,576447.50
2334,CDPE,2019-08-08,578547.50
2335,CDPE,2019-08-09,576972.50
2336,CDPE,2019-08-12,577497.50
2337,CDPE,2019-08-13,577497.50
2338,CDPE,2019-08-14,575397.50
2339,CDPE,2019-08-15,572247.50
2340,CDPE,2019-08-16,577497.50
2341,CDPE,2019-08-19,583797.50
2342,CDPE,2019-08-20,579597.50
2343,CDPE,2019-08-21,580647.50
2344,CDPE,2019-08-22,582747.50
2345,CDPE,2019-08-23,575397.50
2346,CDPE,2019-08-26,576447.50
2347,CDPE,2019-08-27,574872.50
2348,CDPE,2019-08-28,577497.50
2349,CDPE,2019-08-29,581697.50
2350,CDPE,2019-08-30,580122.50
2351,CDPE,2019-09-03,584847.50
2352,CDPE,2019-09-04,584837.50
2353,CDPE,2019-09-05,593197.50
2354,CDPE,2019-09-06,595812.50
2355,CDPE,2019-09-09,593197.50
2356,CDPE,2019-09-10,593717.50
2357,CDPE,2019-09-11,593197.50
2358,CDPE,2019-09-12,595277.50
2359,CDPE,2019-09-13,594237.50
2360,CDPE,2019-09-16,594237.50
2361,CDPE,2019-09-17,594237.50
2362,CDPE,2019-09-18,596317.50
2363,CDPE,2019-09-19,594757.50
2364,CDPE,2019-09-20,596317.50
2365,CDPE,2019-09-23,596317.50
2366,CDPE,2019-09-24,594237.50
2367,CDPE,2019-09-25,595277.50
2368,CDPE,2019-09-26,596317.50
2369,CDPE,2019-09-27,594237.50
2370,CDPE,2019-09-30,596317.50
2371,CDPE,2019-10-01,595797.50
2372,CDPE,2019-10-02,594237.50
2373,CDPE,2019-10-03,596317.50
2374,CDPE,2019-10-04,596317.50
2375,CDPE,2019-10-07,597357.50
2376,CDPE,2019-10-08,589147.50
2377,CDPE,2019-10-09,586137.50
2378,CDPE,2019-10-10,593277.50
2379,CDPE,2019-10-11,593287.50
2380,CDPE,2019-10-14,599407.50
2381,CDPE,2019-10-15,602467.50
2382,CDPE,2019-10-16,603487.50
2383,CDPE,2019-10-17,603997.50
2384,CDPE,2019-10-18,603487.50
2385,CDPE,2019-10-21,604507.50
2386,CDPE,2019-10-22,605017.50
2387,CDPE,2019-10-23,606547.50
2388,CDPE,2019-10-24,606037.50
2389,CDPE,2019-10-25,607057.50
2390,CDPE,2019-10-28,606037.50
2391,CDPE,2019-10-29,604507.50
2392,CDPE,2019-10-30,605527.50
2393,CDPE,2019-10-31,607057.50
2394,CDPE,2019-11-01,606037.50
2395,CDPE,2019-11-04,605017.50
2396,CDPE,2019-11-05,605017.50
2397,CDPE,2019-11-06,606547.50
2398,CDPE,2019-11-07,605057.50
2399,CDPE,2019-11-08,605997.50
2400,CDPE,2019-11-11,606937.50
2401,CDPE,2019-11-12,607407.50
2402,CDPE,2019-11-13,606937.50
2403,CDPE,2019-11-14,606467.50
2404,CDPE,2019-11-15,608817.50
2405,CDPE,2019-11-18,608347.50
2406,CDPE,2019-11-19,609757.50
2407,CDPE,2019-11-20,608817.50
2408,CDPE,2019-11-21,609757.50
2409,CDPE,2019-11-22,609757.50
2410,CDPE,2019-11-25,608817.50
2411,CDPE,2019-11-26,610227.50
2412,CDPE,2019-11-27,608817.50
2413,CDPE,2019-11-29,609287.50
2414,CDPE,2019-12-02,609287.50
2415,CDPE,2019-12-03,606937.50
2416,CDPE,2019-12-04,607407.50
2417,CDPE,2019-12-05,607877.50
2418,CDPE,2019-12-06,607877.50
2419,CDPE,2019-12-09,608347.50
2420,CDPE,2019-12-10,607857.50
2421,CDPE,2019-12-11,607857.50
2422,CDPE,2019-12-12,608837.50
2423,CDPE,2019-12-13,612757.50
2424,CDPE,2019-12-16,613737.50
2425,CDPE,2019-12-17,614717.50
2426,CDPE,2019-12-18,613737.50
2427,CDPE,2019-12-19,613737.50
2428,CDPE,2019-12-20,614227.50
2429,CDPE,2019-12-23,612267.50
2430,CDPE,2019-12-24,612267.50
2431,CDPE,2019-12-26,611777.50
2432,CDPE,2019-12-27,612757.50
2433,CDPE,2019-12-30,612267.50
2434,CDPE,2019-12-31,612267.50
2435,CDPE,2020-01-02,616677.50
2436,CDPE,2020-01-03,614227.50
2437,CDPE,2020-01-06,614717.50
2438,CDPE,2020-01-07,616677.50
2439,CDPE,2020-01-08,615697.50
2440,CDPE,2020-01-09,618117.50
2441,CDPE,2020-01-10,622007.50
2442,CDPE,2020-01-13,621977.50
2443,CDPE,2020-01-14,623877.50
2444,CDPE,2020-01-15,622927.50
2445,CDPE,2020-01-16,621977.50
2446,CDPE,2020-01-17,621502.50
2447,CDPE,2020-01-21,623877.50
2448,CDPE,2020-01-22,622927.50
2449,CDPE,2020-01-23,623402.50
2450,CDPE,2020-01-24,622452.50
2451,CDPE,2020-01-27,620077.50
2452,CDPE,2020-01-28,621977.50
2453,CDPE,2020-01-29,622927.50
2454,CDPE,2020-01-30,623877.50
2455,CDPE,2020-01-31,613902.50
2456,CDPE,2020-02-07,612002.50
2457,CDPE,2020-02-10,612477.50
2458,CDPE,2020-02-11,612477.50
2459,CDPE,2020-02-12,617227.50
2460,CDPE,2020-02-13,616277.50
2461,CDPE,2020-02-14,617227.50
2462,CDPE,2020-02-18,616277.50
2463,CDPE,2020-02-19,617702.50
2464,CDPE,2020-02-20,617227.50
2465,CDPE,2020-02-21,615327.50
2466,CDPE,2020-02-24,609627.50
2467,CDPE,2020-03-04,611322.50
2468,CDPE,2020-03-05,609627.50
2469,CDPE,2020-03-06,597762.50
2470,CDPE,2020-04-14,597762.50
2471,CDPE,2020-04-15,589897.50
2472,CDPE,2020-04-16,587477.50
2473,CDPE,2020-04-17,594737.50
2474,CDPE,2020-04-20,589897.50
2475,CDPE,2020-04-21,592922.50
2476,CDPE,2020-04-22,598972.50
2477,CDPE,2020-04-23,597157.50
2478,CDPE,2020-04-24,601997.50
2479,CDPE,2020-04-27,608652.50
2480,CDPE,2020-04-28,609257.50
2481,CDPE,2020-04-29,614702.50
2482,CDPE,2020-04-30,609862.50
2483,CDPE,2020-05-01,601997.50
2484,CDPE,2020-05-04,605627.50
2485,CDPE,2020-05-05,606232.50
2486,CDPE,2020-05-06,604417.50
2487,CDPE,2020-05-07,608712.50
2488,CDPE,2020-05-08,616072.50
2489,CDPE,2020-05-11,620347.50
2490,CDPE,2020-05-12,618472.50
2491,CDPE,2020-05-13,610347.50
2492,CDPE,2020-06-10,606112.50
2493,CDPE,2020-07-08,607322.50
2494,CDPE,2020-07-09,605507.50
2495,CDPE,2020-07-10,606717.50
2496,CDPE,2020-07-13,606112.50
2497,CDPE,2020-07-14,607927.50
2498,CDPE,2020-07-15,613372.50
2499,CDPE,2020-07-16,612162.50
2500,CDPE,2020-07-17,613372.50
2501,CDPE,2020-07-20,615187.50
2502,CDPE,2020-07-21,617002.50
2503,CDPE,2020-07-22,618817.50
2504,CDPE,2020-07-23,618212.50
2505,CDPE,2020-07-24,617607.50
2506,CDPE,2020-07-27,619422.50
2507,CDPE,2020-07-28,619422.50
2508,CDPE,2020-07-29,621842.50
2509,CDPE,2020-07-30,621842.50
2510,CDPE,2020-07-31,618212.50
2511,CDPE,2020-08-03,621842.50
2512,CDPE,2020-08-04,624867.50
2513,CDPE,2020-08-05,626682.50
2514,CDPE,2020-08-06,626682.50
2515,CDPE,2020-08-07,626682.50
2516,CDPE,2020-08-10,626077.50
2517,CDPE,2020-08-12,626637.50
2518,CDPE,2020-08-13,626077.50
2519,CDPE,2020-08-14,627197.50
2520,CDPE,2020-08-17,629991.90
2521,CDPE,2020-08-18,628877.50
2522,CDPE,2020-08-19,628877.50
2523,CDPE,2020-08-20,627197.50
2524,CDPE,2020-08-21,627197.50
2525,CDPE,2020-08-24,628877.50
2526,CDPE,2020-08-25,631117.50
2527,CDPE,2020-08-26,628877.50
2528,CDPE,2020-08-27,629437.50
2529,CDPE,2020-08-28,631117.50
2530,CDPE,2020-08-31,631677.50
2531,CDPE,2020-09-01,631671.90
2532,CDPE,2020-09-02,631677.50
2533,CDPE,2020-09-03,619357.50
2534,CDPE,2020-09-04,620477.50
2535,CDPE,2020-09-09,623502.50
2536,CDPE,2020-09-10,623502.50
2537,CDPE,2020-09-11,618662.50
2538,CDPE,2020-09-14,625317.50
2539,CDPE,2020-09-15,625922.50
2540,CDPE,2020-09-16,628342.50
2541,CDPE,2020-09-17,628342.50
2542,CDPE,2020-09-18,627132.50
2543,CDPE,2020-09-21,618057.50
2544,CDPE,2020-09-22,618057.50
2545,CDPE,2020-09-23,613822.50
2546,CDPE,2020-10-14,613822.50
2547,CDPE,2020-10-15,615562.50
2548,CDPE,2020-10-16,615562.50
2549,CDPE,2020-10-19,612082.50
2550,CDPE,2020-10-20,613242.50
2551,CDPE,2020-10-21,613242.50
2552,CDPE,2020-10-22,612662.50
2553,CDPE,2020-10-23,616722.50
2554,CDPE,2020-10-26,606282.50
2555,CDPE,2020-10-27,608602.50
2556,CDPE,2020-11-05,615147.50
2557,CDPE,2020-11-06,616337.50
2558,CDPE,2020-11-09,623477.50
2559,CDPE,2020-11-10,619907.50
2560,CDPE,2020-11-11,621692.50
2561,CDPE,2020-11-12,619312.50
2562,CDPE,2020-11-13,622882.50
2563,CDPE,2020-11-16,623477.50
2564,CDPE,2020-11-17,623477.50
2565,CDPE,2020-11-18,623477.50
2566,CDPE,2020-11-19,623477.50
2567,CDPE,2020-11-20,622287.50
2568,CDPE,2020-11-23,625857.50
2569,CDPE,2020-11-24,625262.50
2570,CDPE,2020-11-25,626452.50
2571,CDPE,2020-11-27,632402.50
2572,CDPE,2020-12-08,634172.50
2573,CDPE,2020-12-09,635352.50
2574,CDPE,2020-12-10,635352.50
2575,CDPE,2020-12-11,634762.50
2576,CDPE,2020-12-14,635352.50
2577,CDPE,2020-12-15,637712.50
2578,CDPE,2020-12-16,637712.50
2579,CDPE,2020-12-17,639482.50
2580,CDPE,2020-12-18,638302.50
2581,CDPE,2020-12-21,640072.50
2582,CDPE,2020-12-22,638892.50
2583,CDPE,2020-12-23,641842.50
2584,CDPE,2020-12-24,640662.50
2585,CDPE,2020-12-28,643022.50
2586,CDPE,2020-12-29,638302.50
2587,CDPE,2020-12-30,640072.50
2588,CDPE,2020-12-31,641246.60
2589,CDPE,2021-01-04,637712.50
2590,CDPE,2021-01-05,648557.50
2591,CDPE,2021-01-06,652222.50
2592,CDPE,2021-01-07,660682.50
2593,CDPE,2021-01-08,656502.50
2594,CDPE,2021-01-11,655837.50
2595,CDPE,2021-01-12,657067.50
2596,CDPE,2021-01-13,658297.50
2597,CDPE,2021-01-14,660757.50
2598,CDPE,2021-01-15,658297.50
2599,CDPE,2021-01-19,660142.50
2600,CDPE,2021-01-20,660757.50
2601,CDPE,2021-01-21,659527.50
2602,CDPE,2021-01-22,660757.50
2603,CDPE,2021-01-25,658297.50
2604,CDPE,2021-01-26,659527.50
2605,CDPE,2021-01-27,656452.50
2606,CDPE,2021-01-28,657067.50
2607,CDPE,2021-01-29,655837.50
2608,CDP,2007-08-10,97600.00
2609,CDP,2007-08-13,100960.00
2610,CDP,2007-08-14,99520.00
2611,CDP,2007-08-15,102400.00
2612,CDP,2007-08-16,102400.00
2613,CDP,2007-08-17,99040.00
2614,CDP,2007-08-20,101440.00
2615,CDP,2007-08-21,104320.00
2616,CDP,2007-08-22,104800.00
2617,CDP,2007-08-23,104800.00
2618,CDP,2007-08-24,105280.00
2619,CDP,2007-08-27,107200.00
2620,CDP,2007-08-28,104800.00
2621,CDP,2007-08-29,105280.00
2622,CDP,2007-08-30,105280.00
2623,CDP,2007-08-31,105760.00
2624,CDP,2007-09-04,106720.00
2625,CDP,2007-09-05,106240.00
2626,CDP,2007-09-06,106250.00
2627,CDP,2007-09-07,99970.00
2628,CDP,2007-09-10,102850.00
2629,CDP,2007-09-11,109130.00
2630,CDP,2007-09-12,109605.00
2631,CDP,2007-09-13,109615.00
2632,CDP,2007-09-14,111045.00
2633,CDP,2007-09-17,111530.00
2634,CDP,2007-09-18,118785.00
2635,CDP,2007-09-19,116375.00
2636,CDP,2007-09-20,120710.00
2637,CDP,2007-09-21,120235.00
2638,CDP,2007-09-24,130830.00
2639,CDP,2007-09-25,131315.00
2640,CDP,2007-09-26,131800.00
2641,CDP,2007-09-27,132770.00
2642,CDP,2007-09-28,133255.00
2643,CDP,2007-10-01,130345.00
2644,CDP,2007-10-02,128890.00
2645,CDP,2007-10-03,129375.00
2646,CDP,2007-10-04,128405.00
2647,CDP,2007-10-05,125980.00
2648,CDP,2007-10-08,126950.00
2649,CDP,2007-10-09,127435.00
2650,CDP,2007-10-11,126100.00
2651,CDP,2007-10-12,126545.00
2652,CDP,2007-10-15,128325.00
2653,CDP,2007-10-16,127435.00
2654,CDP,2007-10-17,129215.00
2655,CDP,2007-10-18,128325.00
2656,CDP,2007-10-19,125210.00
2657,CDP,2007-10-22,127435.00
2658,CDP,2007-10-23,129660.00
2659,CDP,2007-10-24,130995.00
2660,CDP,2007-10-25,129660.00
2661,CDP,2007-10-26,130550.00
2662,CDP,2007-10-29,130995.00
2663,CDP,2007-10-30,129660.00
2664,CDP,2007-10-31,132330.00
2665,CDP,2007-11-01,127435.00
2666,CDP,2007-11-08,131195.00
2667,CDP,2007-11-09,126025.00
2668,CDP,2007-11-12,127435.00
2669,CDP,2007-11-13,127435.00
2670,CDP,2007-11-14,126025.00
2671,CDP,2007-11-15,123675.00
2672,CDP,2007-11-16,126025.00
2673,CDP,2007-11-19,126495.00
2674,CDP,2007-11-20,125555.00
2675,CDP,2007-11-21,125555.00
2676,CDP,2007-11-23,126965.00
2677,CDP,2007-11-26,125555.00
2678,CDP,2007-12-10,127415.00
2679,CDP,2007-12-11,125090.00
2680,CDP,2007-12-12,125090.00
2681,CDP,2007-12-13,126020.00
2682,CDP,2007-12-14,123230.00
2683,CDP,2007-12-17,123230.00
2684,CDP,2007-12-18,126020.00
2685,CDP,2007-12-19,130205.00
2686,CDP,2007-12-20,132065.00
2687,CDP,2007-12-21,132995.00
2688,CDP,2007-12-24,132530.00
2689,CDP,2007-12-26,133925.00
2690,CDP,2007-12-27,134390.00
2691,CDP,2007-12-28,133925.00
2692,CDP,2007-12-31,134390.00
2693,CDP,2008-01-02,137180.00
2694,CDP,2008-01-03,135785.00
2695,CDP,2008-01-04,127880.00
2696,CDP,2008-01-10,128800.00
2697,CDP,2008-01-11,127420.00
2698,CDP,2008-01-14,129260.00
2699,CDP,2008-01-15,129260.00
2700,CDP,2008-01-16,130180.00
2701,CDP,2008-01-17,128800.00
2702,CDP,2008-01-18,129260.00
2703,CDP,2008-01-22,131100.00
2704,CDP,2008-01-23,136160.00
2705,CDP,2008-01-24,132940.00
2706,CDP,2008-01-25,132020.00
2707,CDP,2008-01-28,132020.00
2708,CDP,2008-01-29,132480.00
2709,CDP,2008-01-30,134320.00
2710,CDP,2008-01-31,133400.00
2711,CDP,2008-02-01,134320.00
2712,CDP,2008-02-04,133860.00
2713,CDP,2008-02-05,132020.00
2714,CDP,2008-02-06,132020.00
2715,CDP,2008-02-07,135270.00
2716,CDP,2008-02-08,136635.00
2717,CDP,2008-02-11,140345.00
2718,CDP,2008-02-12,143655.00
2719,CDP,2008-02-13,143210.00
2720,CDP,2008-02-14,145940.00
2721,CDP,2008-02-15,149220.00
2722,CDP,2008-02-19,153375.00
2723,CDP,2008-02-20,154325.00
2724,CDP,2008-02-21,153850.00
2725,CDP,2008-02-22,154800.00
2726,CDP,2008-02-25,156225.00
2727,CDP,2008-02-26,157175.00
2728,CDP,2008-02-27,156225.00
2729,CDP,2008-02-28,156225.00
2730,CDP,2008-02-29,155750.00
2731,CDP,2008-03-03,156700.00
2732,CDP,2008-03-04,161925.00
2733,CDP,2008-03-05,162875.00
2734,CDP,2008-03-06,159595.00
2735,CDP,2008-03-07,159640.00
2736,CDP,2008-03-10,156775.00
2737,CDP,2008-03-11,162755.00
2738,CDP,2008-03-12,159995.00
2739,CDP,2008-03-13,160455.00
2740,CDP,2008-03-14,157695.00
2741,CDP,2008-03-17,159995.00
2742,CDP,2008-03-18,166435.00
2743,CDP,2008-03-19,160455.00
2744,CDP,2008-03-20,161375.00
2745,CDP,2008-03-24,162755.00
2746,CDP,2008-03-25,163215.00
2747,CDP,2008-03-26,163215.00
2748,CDP,2008-03-27,164595.00
2749,CDP,2008-03-28,165515.00
2750,CDP,2008-03-31,166895.00
2751,CDP,2008-04-01,167355.00
2752,CDP,2008-04-02,165515.00
2753,CDP,2008-04-03,165975.00
2754,CDP,2008-04-04,167355.00
2755,CDP,2008-04-07,169885.00
2756,CDP,2008-04-08,170345.00
2757,CDP,2008-04-10,171695.00
2758,CDP,2008-04-11,168995.00
2759,CDP,2008-04-14,171245.00
2760,CDP,2008-04-15,172145.00
2761,CDP,2008-04-16,174845.00
2762,CDP,2008-04-17,174845.00
2763,CDP,2008-04-18,175295.00
2764,CDP,2008-04-21,175745.00
2765,CDP,2008-04-22,176645.00
2766,CDP,2008-04-23,177545.00
2767,CDP,2008-04-24,179345.00
2768,CDP,2008-04-25,178445.00
2769,CDP,2008-04-28,178445.00
2770,CDP,2008-04-29,180245.00
2771,CDP,2008-04-30,180245.00
2772,CDP,2008-05-01,177995.00
2773,CDP,2008-05-02,178670.00
2774,CDP,2008-05-05,179345.00
2775,CDP,2008-05-06,179120.00
2776,CDP,2008-05-07,182945.00
2777,CDP,2008-05-08,183620.00
2778,CDP,2008-05-09,183620.00
2779,CDP,2008-05-12,179570.00
2780,CDP,2008-05-13,178445.00
2781,CDP,2008-07-15,178895.00
2782,CDP,2008-07-16,179795.00
2783,CDP,2008-07-17,179795.00
2784,CDP,2008-07-18,180245.00
2785,CDP,2008-07-21,181595.00
2786,CDP,2008-07-22,180695.00
2787,CDP,2008-07-23,179795.00
2788,CDP,2008-07-24,182495.00
2789,CDP,2008-07-25,181595.00
2790,CDP,2008-07-28,183395.00
2791,CDP,2008-07-29,183620.00
2792,CDP,2008-07-30,183395.00
2793,CDP,2008-07-31,183170.00
2794,CDP,2008-08-01,182945.00
2795,CDP,2008-08-04,186995.00
2796,CDP,2008-08-05,182495.00
2797,CDP,2008-08-06,181820.00
2798,CDP,2008-08-07,184745.00
2799,CDP,2008-08-08,179795.00
2800,CDP,2008-08-11,177095.00
2801,CDP,2008-08-12,179345.00
2802,CDP,2008-09-12,178435.00
2803,CDP,2008-09-15,175705.00
2804,CDP,2008-09-16,179800.00
2805,CDP,2008-09-17,173430.00
2806,CDP,2008-09-18,179345.00
2807,CDP,2008-09-19,176615.00
2808,CDP,2008-09-22,177070.00
2809,CDP,2008-09-23,176615.00
2810,CDP,2008-09-24,174795.00
2811,CDP,2008-09-25,177980.00
2812,CDP,2008-09-26,177980.00
2813,CDP,2008-09-29,165695.00
2814,CDP,2008-10-09,163515.00
2815,CDP,2008-11-06,163005.00
2816,CDP,2008-11-07,162495.00
2817,CDP,2008-11-10,161985.00
2818,CDP,2008-11-11,163005.00
2819,CDP,2008-11-12,154845.00
2820,CDP,2008-12-12,152420.00
2821,CDP,2008-12-15,150965.00
2822,CDP,2008-12-16,154845.00
2823,CDP,2008-12-17,156785.00
2824,CDP,2008-12-18,159695.00
2825,CDP,2008-12-19,160665.00
2826,CDP,2008-12-22,162605.00
2827,CDP,2008-12-23,161150.00
2828,CDP,2008-12-24,161635.00
2829,CDP,2008-12-26,163575.00
2830,CDP,2008-12-29,163575.00
2831,CDP,2008-12-30,165030.00
2832,CDP,2008-12-31,164545.00
2833,CDP,2009-01-02,165515.00
2834,CDP,2009-01-05,165030.00
2835,CDP,2009-01-06,163332.50
2836,CDP,2009-01-07,165515.00
2837,CDP,2009-01-08,163150.00
2838,CDP,2009-01-09,167455.00
2839,CDP,2009-01-12,165195.00
2840,CDP,2009-01-13,167060.00
2841,CDP,2009-01-14,166650.00
2842,CDP,2009-01-15,169075.00
2843,CDP,2009-02-05,169525.00
2844,CDP,2009-02-06,169525.00
2845,CDP,2009-02-09,170425.00
2846,CDP,2009-02-10,169975.00
2847,CDP,2009-02-11,170875.00
2848,CDP,2009-02-12,172225.00
2849,CDP,2009-02-13,173575.00
2850,CDP,2009-02-17,171325.00
2851,CDP,2009-02-18,174025.00
2852,CDP,2009-02-19,174475.00
2853,CDP,2009-02-20,174025.00
2854,CDP,2010-05-07,168175.00
2855,CDP,2010-05-10,174025.00
2856,CDP,2010-05-11,170425.00
2857,CDP,2010-05-12,172675.00
2858,CDP,2010-05-13,173575.00
2859,CDP,2010-05-14,170425.00
2860,CDP,2010-05-17,174025.00
2861,CDP,2010-05-18,173125.00
2862,CDP,2010-05-19,170425.00
2863,CDP,2010-05-20,167275.00
2864,CDP,2010-05-21,167725.00
2865,CDP,2010-05-24,174475.00
2866,CDP,2010-05-25,173575.00
2867,CDP,2010-06-10,176970.00
2868,CDP,2010-06-11,177940.00
2869,CDP,2010-06-14,176485.00
2870,CDP,2010-06-15,178910.00
2871,CDP,2010-06-16,172605.00
2872,CDP,2010-06-17,177940.00
2873,CDP,2010-06-18,177940.00
2874,CDP,2010-06-21,183275.00
2875,CDP,2010-06-22,179880.00
2876,CDP,2010-06-23,180365.00
2877,CDP,2010-06-24,180365.00
2878,CDP,2010-06-25,180365.00
2879,CDP,2010-06-28,180365.00
2880,CDP,2010-06-29,181820.00
2881,CDP,2010-06-30,182790.00
2882,CDP,2010-07-01,185700.00
2883,CDP,2010-07-02,187640.00
2884,CDP,2010-07-06,188125.00
2885,CDP,2010-07-07,192975.00
2886,CDP,2010-07-08,193945.00
2887,CDP,2010-07-19,194845.00
2888,CDP,2010-07-20,196195.00
2889,CDP,2010-07-21,195295.00
2890,CDP,2010-07-22,196645.00
2891,CDP,2010-07-23,195745.00
2892,CDP,2010-07-26,190795.00
2893,CDP,2010-07-27,191245.00
2894,CDP,2010-07-28,195295.00
2895,CDP,2010-07-29,193945.00
2896,CDP,2010-07-30,195745.00
2897,CDP,2010-08-02,194845.00
2898,CDP,2010-08-03,195295.00
2899,CDP,2010-08-04,193495.00
2900,CDP,2010-08-05,196195.00
2901,CDP,2010-08-06,197995.00
2902,CDP,2010-08-09,197995.00
2903,CDP,2010-08-10,204970.00
2904,CDP,2010-08-11,201370.00
2905,CDP,2010-08-12,203620.00
2906,CDP,2010-08-13,199570.00
2907,CDP,2010-08-16,203170.00
2908,CDP,2010-08-17,206320.00
2909,CDP,2010-08-18,204070.00
2910,CDP,2010-08-19,204970.00
2911,CDP,2010-08-20,204520.00
2912,CDP,2010-08-23,203170.00
2913,CDP,2011-01-10,204520.00
2914,CDP,2011-01-11,206770.00
2915,CDP,2011-01-12,206770.00
2916,CDP,2011-01-13,209920.00
2917,CDP,2011-01-14,207220.00
2918,CDP,2011-01-18,207670.00
2919,CDP,2011-01-19,211720.00
2920,CDP,2011-01-20,210370.00
2921,CDP,2011-01-21,209470.00
2922,CDP,2011-01-24,214870.00
2923,CDP,2011-01-25,216670.00
2924,CDP,2011-01-26,213070.00
2925,CDP,2011-01-27,213970.00
2926,CDP,2011-01-28,217120.00
2927,CDP,2011-01-31,216220.00
2928,CDP,2011-02-01,213070.00
2929,CDP,2011-02-02,214420.00
2930,CDP,2011-02-03,214420.00
2931,CDP,2011-02-04,214420.00
2932,CDP,2011-02-07,213970.00
2933,CDP,2011-02-08,214420.00
2934,CDP,2011-02-09,213520.00
2935,CDP,2011-02-10,212620.00
2936,CDP,2011-02-11,210145.00
2937,CDP,2011-03-11,210145.00
2938,CDP,2011-03-14,211075.00
2939,CDP,2011-03-15,204100.00
2940,CDP,2011-03-16,208750.00
2941,CDP,2011-03-17,210610.00
2942,CDP,2011-03-18,209215.00
2943,CDP,2011-03-21,215260.00
2944,CDP,2011-03-22,216190.00
2945,CDP,2011-03-23,214795.00
2946,CDP,2011-03-24,215260.00
2947,CDP,2011-03-25,215725.00
2948,CDP,2011-03-28,215260.00
2949,CDP,2011-03-29,215260.00
2950,CDP,2011-03-30,215260.00
2951,CDP,2011-03-31,215260.00
2952,CDP,2011-04-01,215260.00
2953,CDP,2011-04-04,217585.00
2954,CDP,2011-04-05,215957.50
2955,CDP,2011-04-06,216655.00
2956,CDP,2011-04-07,216422.50
2957,CDP,2011-04-08,219667.50
2958,CDP,2011-04-11,223580.00
2959,CDP,2011-04-12,227300.00
2960,CDP,2011-04-13,231637.50
2961,CDP,2011-04-14,233902.50
2962,CDP,2011-04-15,231567.50
2963,CDP,2011-04-18,236117.50
2964,CDP,2011-04-19,238392.50
2965,CDP,2011-04-20,235207.50
2966,CDP,2011-04-21,233842.50
2967,CDP,2011-04-25,234752.50
2968,CDP,2011-04-26,232022.50
2969,CDP,2011-04-27,233842.50
2970,CDP,2011-04-28,233387.50
2971,CDP,2011-04-29,231112.50
2972,CDP,2011-05-02,233842.50
2973,CDP,2011-05-03,234752.50
2974,CDP,2011-05-04,240212.50
2975,CDP,2011-05-05,237927.50
2976,CDP,2011-05-06,242892.50
2977,CDP,2011-05-09,245117.50
2978,CDP,2011-05-10,240667.50
2979,CDP,2011-05-11,245117.50
2980,CDP,2011-05-12,243337.50
2981,CDP,2011-05-13,243337.50
2982,CDP,2011-05-16,245117.50
2983,CDP,2011-05-17,248232.50
2984,CDP,2011-05-18,251792.50
2985,CDP,2011-05-19,248677.50
2986,CDP,2011-05-20,249122.50
2987,CDP,2011-05-23,250902.50
2988,CDP,2011-05-24,252682.50
2989,CDP,2011-05-25,253572.50
2990,CDP,2011-05-26,254907.50
2991,CDP,2011-05-27,254017.50
2992,CDP,2011-05-31,251792.50
2993,CDP,2011-06-01,257132.50
2994,CDP,2011-06-02,255797.50
2995,CDP,2011-06-03,261137.50
2996,CDP,2011-08-11,260107.50
2997,CDP,2011-08-12,265772.50
2998,CDP,2011-08-15,274527.50
2999,CDP,2011-08-16,260622.50
3000,CDP,2011-08-17,266802.50
3001,CDP,2011-08-18,258562.50
3002,CDP,2011-08-19,264227.50
3003,CDP,2011-08-22,265257.50
3004,CDP,2011-08-23,264742.50
3005,CDP,2011-08-24,267832.50
3006,CDP,2011-08-25,263712.50
3007,CDP,2011-08-26,266802.50
3008,CDP,2011-08-29,268862.50
3009,CDP,2011-08-30,268862.50
3010,CDP,2011-08-31,269892.50
3011,CDP,2011-09-01,270922.50
3012,CDP,2011-09-02,271437.50
3013,CDP,2011-09-06,270407.50
3014,CDP,2011-09-07,271437.50
3015,CDP,2011-09-08,274012.50
3016,CDP,2011-09-09,260892.50
3017,CDP,2011-09-12,265317.50
3018,CDP,2011-09-13,260892.50
3019,CDP,2011-09-14,270937.50
3020,CDP,2011-09-15,275437.50
3021,CDP,2011-09-16,273937.50
3022,CDP,2011-09-19,273937.50
3023,CDP,2011-09-20,273437.50
3024,CDP,2011-09-21,274437.50
3025,CDP,2011-09-22,257937.50
3026,CDP,2011-10-10,259997.50
3027,CDP,2011-10-11,259997.50
3028,CDP,2011-10-12,263602.50
3029,CDP,2011-10-13,262057.50
3030,CDP,2011-10-14,264632.50
3031,CDP,2011-10-17,261027.50
3032,CDP,2011-10-18,263087.50
3033,CDP,2011-10-19,259997.50
3034,CDP,2011-10-20,263087.50
3035,CDP,2011-10-21,264632.50
3036,CDP,2011-10-24,265147.50
3037,CDP,2011-10-25,264117.50
3038,CDP,2011-10-26,265662.50
3039,CDP,2011-10-27,267207.50
3040,CDP,2011-10-28,265147.50
3041,CDP,2011-10-31,266177.50
3042,CDP,2011-11-01,263087.50
3043,CDP,2011-11-02,265147.50
3044,CDP,2011-11-03,265147.50
3045,CDP,2011-11-04,266692.50
3046,CDP,2011-11-07,265662.50
3047,CDP,2011-11-08,266692.50
3048,CDP,2011-11-10,261247.50
3049,CDP,2011-11-11,263227.50
3050,CDP,2011-11-14,263722.50
3051,CDP,2011-11-15,265207.50
3052,CDP,2011-11-16,266197.50
3053,CDP,2011-11-17,260752.50
3054,CDP,2011-11-18,263722.50
3055,CDP,2011-11-21,263227.50
3056,CDP,2011-11-22,263722.50
3057,CDP,2011-11-23,261742.50
3058,CDP,2011-12-08,251402.50
3059,CDP,2011-12-09,255632.50
3060,CDP,2011-12-12,256572.50
3061,CDP,2011-12-13,253752.50
3062,CDP,2011-12-14,254222.50
3063,CDP,2012-01-05,252362.50
3064,CDP,2012-01-06,255152.50
3065,CDP,2012-01-09,256547.50
3066,CDP,2012-01-10,256082.50
3067,CDP,2012-01-11,257477.50
3068,CDP,2012-01-12,256547.50
3069,CDP,2012-01-13,256082.50
3070,CDP,2012-01-17,255152.50
3071,CDP,2012-01-18,256082.50
3072,CDP,2012-01-19,257012.50
3073,CDP,2012-01-20,257477.50
3074,CDP,2012-01-23,258872.50
3075,CDP,2012-01-24,260732.50
3076,CDP,2012-01-25,258872.50
3077,CDP,2012-01-26,259337.50
3078,CDP,2012-01-27,259337.50
3079,CDP,2012-01-30,259337.50
3080,CDP,2012-01-31,261197.50
3081,CDP,2012-02-01,257942.50
3082,CDP,2012-02-02,257710.00
3083,CDP,2012-02-03,255152.50
3084,CDP,2012-02-06,255850.00
3085,CDP,2012-02-07,255152.50
3086,CDP,2012-02-13,256547.50
3087,CDP,2012-02-14,255617.50
3088,CDP,2012-02-15,256082.50
3089,CDP,2012-02-16,257012.50
3090,CDP,2012-02-17,257477.50
3091,CDP,2012-02-21,259802.50
3092,CDP,2012-02-22,260732.50
3093,CDP,2012-02-23,260732.50
3094,CDP,2012-02-24,260267.50
3095,CDP,2012-02-27,259337.50
3096,CDP,2012-02-28,261662.50
3097,CDP,2012-02-29,263057.50
3098,CDP,2012-03-01,263057.50
3099,CDP,2012-03-02,268172.50
3100,CDP,2012-03-05,268172.50
3101,CDP,2012-03-06,270962.50
3102,CDP,2012-03-07,272357.50
3103,CDP,2012-03-08,270497.50
3104,CDP,2012-03-09,270497.50
3105,CDP,2012-03-12,272357.50
3106,CDP,2012-03-13,269102.50
3107,CDP,2012-03-14,270497.50
3108,CDP,2012-03-15,269102.50
3109,CDP,2012-03-16,270497.50
3110,CDP,2012-03-19,267940.00
3111,CDP,2012-03-20,271427.50
3112,CDP,2012-04-05,271877.50
3113,CDP,2012-04-09,271427.50
3114,CDP,2012-04-10,267827.50
3115,CDP,2012-04-11,270077.50
3116,CDP,2012-04-12,269177.50
3117,CDP,2012-04-13,271877.50
3118,CDP,2012-04-16,273677.50
3119,CDP,2012-04-17,274577.50
3120,CDP,2012-04-18,275027.50
3121,CDP,2012-04-19,277277.50
3122,CDP,2012-04-20,277277.50
3123,CDP,2012-04-23,279527.50
3124,CDP,2012-04-24,279077.50
3125,CDP,2012-04-25,281327.50
3126,CDP,2012-04-26,282677.50
3127,CDP,2012-04-27,279977.50
3128,CDP,2012-04-30,280877.50
3129,CDP,2012-05-01,283577.50
3130,CDP,2012-05-02,283127.50
3131,CDP,2012-05-03,284927.50
3132,CDP,2012-05-04,288527.50
3133,CDP,2012-05-07,291227.50
3134,CDP,2012-05-10,292127.50
3135,CDP,2012-05-11,290327.50
3136,CDP,2012-05-14,292127.50
3137,CDP,2012-05-15,290327.50
3138,CDP,2012-05-16,289427.50
3139,CDP,2012-05-17,290327.50
3140,CDP,2012-05-18,286727.50
3141,CDP,2012-06-08,285817.50
3142,CDP,2012-06-11,287182.50
3143,CDP,2012-06-12,286272.50
3144,CDP,2012-06-13,284907.50
3145,CDP,2012-06-14,286727.50
3146,CDP,2013-06-06,284927.50
3147,CDP,2013-06-07,288527.50
3148,CDP,2013-06-10,288527.50
3149,CDP,2013-06-11,287627.50
3150,CDP,2013-06-12,286277.50
3151,CDP,2013-06-13,286727.50
3152,CDP,2013-06-14,288527.50
3153,CDP,2013-06-17,288977.50
3154,CDP,2013-06-18,288077.50
3155,CDP,2013-06-19,291677.50
3156,CDP,2013-06-20,289877.50
3157,CDP,2013-06-21,291677.50
3158,CDP,2013-06-24,292127.50
3159,CDP,2013-06-25,293477.50
3160,CDP,2013-06-26,295727.50
3161,CDP,2013-06-27,292577.50
3162,CDP,2013-06-28,293027.50
3163,CDP,2013-07-01,293927.50
3164,CDP,2013-07-02,293927.50
3165,CDP,2013-07-03,293927.50
3166,CDP,2013-07-05,293027.50
3167,CDP,2013-07-08,290777.50
3168,CDP,2013-07-09,289877.50
3169,CDP,2013-10-10,291272.50
3170,CDP,2013-10-11,291737.50
3171,CDP,2013-10-14,291737.50
3172,CDP,2013-10-15,295457.50
3173,CDP,2013-10-16,291272.50
3174,CDP,2013-10-17,295457.50
3175,CDP,2013-10-18,290807.50
3176,CDP,2013-10-21,292667.50
3177,CDP,2013-10-22,292667.50
3178,CDP,2013-10-23,293597.50
3179,CDP,2013-10-24,292202.50
3180,CDP,2013-10-25,292435.00
3181,CDP,2013-10-28,292435.00
3182,CDP,2013-10-29,291272.50
3183,CDP,2013-10-30,294295.00
3184,CDP,2013-10-31,294527.50
3185,CDP,2013-11-01,297782.50
3186,CDP,2013-11-04,294992.50
3187,CDP,2013-11-05,295690.00
3188,CDP,2013-11-06,298945.00
3189,CDP,2013-11-07,302897.50
3190,CDP,2013-11-08,297550.00
3191,CDP,2013-11-11,296387.50
3192,CDP,2013-11-12,295225.00
3193,CDP,2014-02-06,302155.00
3194,CDP,2014-02-07,304135.00
3195,CDP,2014-02-10,305620.00
3196,CDP,2014-02-11,303640.00
3197,CDP,2014-02-12,303640.00
3198,CDP,2014-02-13,302650.00
3199,CDP,2014-02-14,303145.00
3200,CDP,2014-02-18,299680.00
3201,CDP,2014-02-19,303640.00
3202,CDP,2014-02-20,297700.00
3203,CDP,2014-02-21,302155.00
3204,CDP,2014-02-24,297205.00
3205,CDP,2014-02-25,301165.00
3206,CDP,2014-02-26,297700.00
3207,CDP,2014-02-27,299185.00
3208,CDP,2014-02-28,300670.00
3209,CDP,2014-03-03,303145.00
3210,CDP,2014-03-04,297452.50
3211,CDP,2014-03-05,299185.00
3212,CDP,2014-03-06,297887.50
3213,CDP,2014-03-07,300182.50
3214,CDP,2014-03-10,305755.00
3215,CDP,2014-03-11,300887.50
3216,CDP,2014-03-12,304607.50
3217,CDP,2014-03-13,301817.50
3218,CDP,2014-03-14,299027.50
3219,CDP,2014-03-17,303677.50
3220,CDP,2014-03-18,303212.50
3221,CDP,2014-03-19,306002.50
3222,CDP,2014-03-20,305537.50
3223,CDP,2014-03-21,305537.50
3224,CDP,2014-03-24,305072.50
3225,CDP,2014-03-25,309257.50
3226,CDP,2014-03-26,308792.50
3227,CDP,2014-04-11,302352.50
3228,CDP,2014-04-14,304652.50
3229,CDP,2014-04-15,304652.50
3230,CDP,2014-04-16,307412.50
3231,CDP,2014-04-17,309252.50
3232,CDP,2014-04-21,312012.50
3233,CDP,2014-04-22,312932.50
3234,CDP,2014-04-23,313392.50
3235,CDP,2014-04-24,312012.50
3236,CDP,2014-04-25,310172.50
3237,CDP,2014-04-28,312012.50
3238,CDP,2014-04-29,312012.50
3239,CDP,2014-04-30,315692.50
3240,CDP,2014-05-01,313852.50
3241,CDP,2014-05-02,316612.50
3242,CDP,2014-05-05,316152.50
3243,CDP,2014-05-06,318912.50
3244,CDP,2014-05-07,317072.50
3245,CDP,2014-05-08,313852.50
3246,CDP,2014-05-09,326732.50
3247,CDP,2014-05-12,325812.50
3248,CDP,2014-05-13,331332.50
3249,CDP,2014-05-14,333172.50
3250,CDP,2014-05-15,333632.50
3251,CDP,2014-05-16,334552.50
3252,CDP,2014-05-19,335472.50
3253,CDP,2014-05-20,335472.50
3254,CDP,2014-05-21,336852.50
3255,CDP,2014-05-22,337772.50
3256,CDP,2014-05-23,338692.50
3257,CDP,2014-05-27,334092.50
3258,CDP,2014-05-28,335472.50
3259,CDP,2014-05-29,335472.50
3260,CDP,2014-05-30,336392.50
3261,CDP,2014-06-02,337312.50
3262,CDP,2014-06-03,338232.50
3263,CDP,2014-06-04,337312.50
3264,CDP,2014-06-05,336162.50
3265,CDP,2014-06-06,333632.50
3266,CDP,2014-06-09,331102.50
3267,CDP,2014-06-10,332022.50
3268,CDP,2014-07-11,332922.50
3269,CDP,2014-07-14,327072.50
3270,CDP,2014-07-15,334272.50
3271,CDP,2014-07-16,331572.50
3272,CDP,2014-07-17,331572.50
3273,CDP,2014-07-18,333822.50
3274,CDP,2014-07-21,333372.50
3275,CDP,2014-07-22,335622.50
3276,CDP,2014-07-23,336072.50
3277,CDP,2014-07-24,339672.50
3278,CDP,2014-07-25,336072.50
3279,CDP,2014-07-28,337872.50
3280,CDP,2014-07-29,335172.50
3281,CDP,2014-07-30,341472.50
3282,CDP,2014-07-31,335622.50
3283,CDP,2014-08-01,337872.50
3284,CDP,2014-08-08,337407.50
3285,CDP,2014-08-11,338337.50
3286,CDP,2014-08-12,339732.50
3287,CDP,2014-08-13,341127.50
3288,CDP,2014-08-14,344382.50
3289,CDP,2014-08-15,341592.50
3290,CDP,2014-08-18,341592.50
3291,CDP,2014-08-19,341592.50
3292,CDP,2014-08-20,340662.50
3293,CDP,2014-08-21,342522.50
3294,CDP,2014-08-22,342522.50
3295,CDP,2014-08-25,342057.50
3296,CDP,2014-08-26,340197.50
3297,CDP,2014-08-27,340197.50
3298,CDP,2014-08-28,342987.50
3299,CDP,2014-08-29,342057.50
3300,CDP,2014-09-02,341127.50
3301,CDP,2014-09-03,343452.50
3302,CDP,2014-09-04,342522.50
3303,CDP,2014-09-05,342057.50
3304,CDP,2014-09-08,342755.00
3305,CDP,2014-09-09,345777.50
3306,CDP,2014-09-15,346232.50
3307,CDP,2014-09-16,347142.50
3308,CDP,2014-09-17,348962.50
3309,CDP,2014-09-18,348962.50
3310,CDP,2014-09-19,349417.50
3311,CDP,2014-09-22,348962.50
3312,CDP,2014-09-23,347597.50
3313,CDP,2014-09-24,347142.50
3314,CDP,2014-09-25,347597.50
3315,CDP,2014-10-10,344272.50
3316,CDP,2014-10-13,346172.50
3317,CDP,2014-10-14,343322.50
3318,CDP,2014-10-15,344747.50
3319,CDP,2014-10-16,348547.50
3320,CDP,2014-10-17,348072.50
3321,CDP,2014-10-20,349972.50
3322,CDP,2014-10-21,350922.50
3323,CDP,2014-10-22,349972.50
3324,CDP,2014-10-23,350447.50
3325,CDP,2014-10-24,349972.50
3326,CDP,2014-10-27,351397.50
3327,CDP,2014-10-28,350447.50
3328,CDP,2014-10-29,349497.50
3329,CDP,2014-10-30,351397.50
3330,CDP,2014-10-31,349260.00
3331,CDP,2014-11-03,349735.00
3332,CDP,2014-11-04,348785.00
3333,CDP,2014-11-05,349260.00
3334,CDP,2014-11-06,348310.00
3335,CDP,2014-11-07,349735.00
3336,CDP,2014-11-10,348922.50
3337,CDP,2014-11-11,349372.50
3338,CDP,2014-11-12,346222.50
3339,CDP,2014-11-13,350722.50
3340,CDP,2014-11-14,351172.50
3341,CDP,2014-11-17,350722.50
3342,CDP,2014-11-18,350272.50
3343,CDP,2014-11-19,352072.50
3344,CDP,2014-11-20,352072.50
3345,CDP,2014-11-21,352072.50
3346,CDP,2014-11-24,351622.50
3347,CDP,2014-11-25,353872.50
3348,CDP,2014-11-26,351622.50
3349,CDP,2014-11-28,352522.50
3350,CDP,2014-12-01,354322.50
3351,CDP,2014-12-02,355222.50
3352,CDP,2014-12-03,352972.50
3353,CDP,2014-12-04,356122.50
3354,CDP,2014-12-05,354772.50
3355,CDP,2014-12-08,356572.50
3356,CDP,2014-12-09,354337.50
3357,CDP,2014-12-10,354292.50
3358,CDP,2014-12-11,347902.50
3359,CDP,2014-12-12,351052.50
3360,CDP,2014-12-15,349282.50
3361,CDP,2014-12-16,352387.50
3362,CDP,2014-12-17,355162.50
3363,CDP,2014-12-18,353857.50
3364,CDP,2014-12-19,349777.50
3365,CDP,2014-12-22,350902.50
3366,CDP,2014-12-23,353227.50
3367,CDP,2014-12-24,354157.50
3368,CDP,2014-12-26,354157.50
3369,CDP,2014-12-29,353692.50
3370,CDP,2014-12-30,352762.50
3371,CDP,2014-12-31,351367.50
3372,CDP,2015-01-02,353227.50
3373,CDP,2015-01-05,354157.50
3374,CDP,2015-01-06,353642.50
3375,CDP,2015-01-07,358367.50
3376,CDP,2015-01-08,359372.50
3377,CDP,2015-01-09,358467.50
3378,CDP,2015-01-12,358442.50
3379,CDP,2015-01-13,354597.50
3380,CDP,2015-01-14,356407.50
3381,CDP,2015-01-15,358267.50
3382,CDP,2015-01-16,365392.50
3383,CDP,2015-01-20,365052.50
3384,CDP,2015-01-21,370757.50
3385,CDP,2015-01-22,372177.50
3386,CDP,2015-01-23,372177.50
3387,CDP,2015-01-26,373157.50
3388,CDP,2015-01-27,371687.50
3389,CDP,2015-01-28,372667.50
3390,CDP,2015-01-29,375607.50
3391,CDP,2015-01-30,366297.50
3392,CDP,2015-02-02,372177.50
3393,CDP,2015-02-03,374627.50
3394,CDP,2015-02-04,375117.50
3395,CDP,2015-02-05,376587.50
3396,CDP,2015-02-06,375117.50
3397,CDP,2015-02-09,378547.50
3398,CDP,2015-02-10,380017.50
3399,CDP,2015-02-11,380507.50
3400,CDP,2015-02-12,384427.50
3401,CDP,2015-02-13,384427.50
3402,CDP,2015-02-17,381977.50
3403,CDP,2015-02-18,384917.50
3404,CDP,2015-02-19,383447.50
3405,CDP,2015-02-20,385407.50
3406,CDP,2015-02-23,383937.50
3407,CDP,2015-02-24,387857.50
3408,CDP,2015-02-25,388347.50
3409,CDP,2015-02-26,386387.50
3410,CDP,2015-02-27,386387.50
3411,CDP,2015-03-02,386387.50
3412,CDP,2015-03-03,388837.50
3413,CDP,2015-03-04,388277.50
3414,CDP,2015-03-05,389747.50
3415,CDP,2015-03-06,391602.50
3416,CDP,2015-03-09,388837.50
3417,CDP,2015-03-10,384742.50
3418,CDP,2015-03-11,389292.50
3419,CDP,2015-03-12,389747.50
3420,CDP,2015-03-13,387927.50
3421,CDP,2015-03-16,388837.50
3422,CDP,2015-03-17,389292.50
3423,CDP,2015-03-18,389292.50
3424,CDP,2015-03-19,392022.50
3425,CDP,2015-03-20,388382.50
3426,CDP,2015-03-23,391567.50
3427,CDP,2015-03-24,391567.50
3428,CDP,2015-03-25,392932.50
3429,CDP,2015-03-26,393387.50
3430,CDP,2015-03-27,395207.50
3431,CDP,2015-03-30,393387.50
3432,CDP,2015-03-31,392477.50
3433,CDP,2015-04-01,392932.50
3434,CDP,2015-04-02,392022.50
3435,CDP,2015-04-06,392932.50
3436,CDP,2015-04-07,394297.50
3437,CDP,2015-04-08,395217.50
3438,CDP,2015-04-09,394752.50
3439,CDP,2015-04-10,397077.50
3440,CDP,2015-04-13,396147.50
3441,CDP,2015-04-14,397077.50
3442,CDP,2015-04-15,398007.50
3443,CDP,2015-04-16,398007.50
3444,CDP,2015-04-17,399402.50
3445,CDP,2015-04-20,399402.50
3446,CDP,2015-04-21,399402.50
3447,CDP,2015-04-22,398937.50
3448,CDP,2015-04-23,400797.50
3449,CDP,2015-04-24,401262.50
3450,CDP,2015-04-27,400797.50
3451,CDP,2015-04-28,403122.50
3452,CDP,2015-04-29,401727.50
3453,CDP,2015-04-30,402657.50
3454,CDP,2015-05-01,406377.50
3455,CDP,2015-05-04,411027.50
3456,CDP,2015-05-05,408702.50
3457,CDP,2015-05-06,404977.50
3458,CDP,2015-05-07,408707.50
3459,CDP,2015-05-08,413832.50
3460,CDP,2015-05-11,414297.50
3461,CDP,2015-05-12,418037.50
3462,CDP,2015-05-13,418507.50
3463,CDP,2015-05-14,418507.50
3464,CDP,2015-05-15,419447.50
3465,CDP,2015-05-18,418977.50
3466,CDP,2015-05-19,421797.50
3467,CDP,2015-05-20,418507.50
3468,CDP,2015-05-21,421327.50
3469,CDP,2015-05-22,419917.50
3470,CDP,2015-05-26,423677.50
3471,CDP,2015-05-27,421327.50
3472,CDP,2015-05-28,420857.50
3473,CDP,2015-05-29,419917.50
3474,CDP,2015-06-01,421327.50
3475,CDP,2015-06-02,420857.50
3476,CDP,2015-06-03,419447.50
3477,CDP,2015-06-04,420857.50
3478,CDP,2015-06-05,421327.50
3479,CDP,2015-06-08,420857.50
3480,CDP,2015-06-09,422252.50
3481,CDP,2015-06-10,423647.50
3482,CDP,2015-06-11,423647.50
3483,CDP,2015-06-12,424112.50
3484,CDP,2015-06-15,423647.50
3485,CDP,2015-06-16,420392.50
3486,CDP,2015-06-17,421322.50
3487,CDP,2015-06-18,422252.50
3488,CDP,2015-06-19,424577.50
3489,CDP,2015-06-22,425507.50
3490,CDP,2015-06-23,425972.50
3491,CDP,2015-06-24,425042.50
3492,CDP,2015-06-25,425042.50
3493,CDP,2015-06-26,424577.50
3494,CDP,2015-06-29,421787.50
3495,CDP,2015-06-30,424112.50
3496,CDP,2015-07-01,427367.50
3497,CDP,2015-07-02,426902.50
3498,CDP,2015-07-06,423647.50
3499,CDP,2015-07-07,426467.50
3500,CDP,2015-07-08,426437.50
3501,CDP,2015-07-09,429752.50
3502,CDP,2015-07-10,435542.50
3503,CDP,2015-07-13,439352.50
3504,CDP,2015-07-14,441242.50
3505,CDP,2015-07-15,441677.50
3506,CDP,2015-07-16,443657.50
3507,CDP,2015-07-17,450317.50
3508,CDP,2015-07-20,451802.50
3509,CDP,2015-07-21,451307.50
3510,CDP,2015-07-22,452297.50
3511,CDP,2015-07-23,454277.50
3512,CDP,2015-07-24,455267.50
3513,CDP,2015-07-27,452297.50
3514,CDP,2015-07-28,460217.50
3515,CDP,2015-08-04,460217.50
3516,CDP,2015-08-05,458417.50
3517,CDP,2015-08-06,458867.50
3518,CDP,2015-08-07,460667.50
3519,CDP,2015-08-10,460667.50
3520,CDP,2015-08-11,455717.50
3521,CDP,2015-08-12,458867.50
3522,CDP,2015-08-13,459767.50
3523,CDP,2015-08-14,460217.50
3524,CDP,2015-08-17,465617.50
3525,CDP,2015-08-18,464267.50
3526,CDP,2015-08-19,462917.50
3527,CDP,2015-08-20,457967.50
3528,CDP,2015-10-13,452052.50
3529,CDP,2015-10-14,458877.50
3530,CDP,2015-10-15,458877.50
3531,CDP,2015-10-16,458422.50
3532,CDP,2015-10-19,459332.50
3533,CDP,2015-10-20,459332.50
3534,CDP,2015-10-21,458877.50
3535,CDP,2015-10-22,459787.50
3536,CDP,2015-10-23,460697.50
3537,CDP,2015-10-26,462062.50
3538,CDP,2015-10-27,463882.50
3539,CDP,2015-10-28,461607.50
3540,CDP,2015-10-29,465247.50
3541,CDP,2015-10-30,464337.50
3542,CDP,2015-11-02,462062.50
3543,CDP,2015-11-03,460242.50
3544,CDP,2015-11-04,462062.50
3545,CDP,2015-11-05,458877.50
3546,CDP,2015-11-06,459787.50
3547,CDP,2015-11-09,458877.50
3548,CDP,2015-11-10,459332.50
3549,CDP,2015-11-11,462517.50
3550,CDP,2015-11-12,462972.50
3551,CDP,2015-11-13,462062.50
3552,CDP,2015-11-16,465247.50
3553,CDP,2015-11-17,464337.50
3554,CDP,2015-11-18,466612.50
3555,CDP,2015-11-19,470252.50
3556,CDP,2015-12-08,470252.50
3557,CDP,2015-12-09,469312.50
3558,CDP,2015-12-10,470722.50
3559,CDP,2015-12-11,467432.50
3560,CDP,2016-01-05,466947.50
3561,CDP,2016-01-06,469857.50
3562,CDP,2016-01-07,462582.50
3563,CDP,2016-02-03,463067.50
3564,CDP,2016-02-04,464522.50
3565,CDP,2016-02-05,458217.50
3566,CDP,2016-02-08,457732.50
3567,CDP,2016-03-09,456322.50
3568,CDP,2016-03-10,457262.50
3569,CDP,2016-03-11,458202.50
3570,CDP,2016-03-14,460082.50
3571,CDP,2016-03-15,461022.50
3572,CDP,2016-03-16,464312.50
3573,CDP,2016-03-17,462902.50
3574,CDP,2016-03-18,462432.50
3575,CDP,2016-03-21,464312.50
3576,CDP,2016-03-22,463372.50
3577,CDP,2016-03-23,464782.50
3578,CDP,2016-03-24,467132.50
3579,CDP,2016-03-28,465252.50
3580,CDP,2016-03-29,465252.50
3581,CDP,2016-03-30,463372.50
3582,CDP,2016-03-31,463372.50
3583,CDP,2016-04-01,462902.50
3584,CDP,2016-04-04,466192.50
3585,CDP,2016-04-05,465782.50
3586,CDP,2016-04-06,465722.50
3587,CDP,2016-04-07,465802.50
3588,CDP,2016-04-08,466722.50
3589,CDP,2016-04-11,469932.50
3590,CDP,2016-04-12,469852.50
3591,CDP,2016-04-13,469852.50
3592,CDP,2016-04-14,470752.50
3593,CDP,2016-04-15,469852.50
3594,CDP,2016-04-18,471202.50
3595,CDP,2016-04-19,471202.50
3596,CDP,2016-04-20,471652.50
3597,CDP,2016-04-21,472102.50
3598,CDP,2016-04-22,470302.50
3599,CDP,2016-04-25,471202.50
3600,CDP,2016-04-26,469402.50
3601,CDP,2016-04-27,470302.50
3602,CDP,2016-04-28,471652.50
3603,CDP,2016-04-29,471652.50
3604,CDP,2016-05-02,471202.50
3605,CDP,2016-05-03,473452.50
3606,CDP,2016-05-04,477532.50
3607,CDP,2016-05-05,479347.50
3608,CDP,2016-05-06,481597.50
3609,CDP,2016-05-09,482992.50
3610,CDP,2016-05-10,482587.50
3611,CDP,2016-05-11,484807.50
3612,CDP,2016-05-12,486157.50
3613,CDP,2016-05-13,489307.50
3614,CDP,2016-05-16,492097.50
3615,CDP,2016-05-17,491167.50
3616,CDP,2016-05-18,490702.50
3617,CDP,2016-05-19,489772.50
3618,CDP,2016-05-20,492562.50
3619,CDP,2016-05-23,493957.50
3620,CDP,2016-05-24,493492.50
3621,CDP,2016-05-25,495817.50
3622,CDP,2016-05-26,494887.50
3623,CDP,2016-05-27,493957.50
3624,CDP,2016-05-31,493492.50
3625,CDP,2016-06-01,493027.50
3626,CDP,2016-06-02,492562.50
3627,CDP,2016-06-03,493027.50
3628,CDP,2016-06-06,490005.00
3629,CDP,2016-06-10,486445.00
3630,CDP,2016-06-13,483775.00
3631,CDP,2016-06-14,484220.00
3632,CDP,2016-06-15,484220.00
3633,CDP,2016-06-16,486890.00
3634,CDP,2016-06-17,485110.00
3635,CDP,2016-06-20,490005.00
3636,CDP,2016-06-21,490450.00
3637,CDP,2016-06-22,488225.00
3638,CDP,2016-06-23,491340.00
3639,CDP,2016-06-24,483775.00
3640,CDP,2016-07-06,484240.00
3641,CDP,2016-07-07,482845.00
3642,CDP,2016-07-08,484705.00
3643,CDP,2016-07-11,484240.00
3644,CDP,2016-07-12,482380.00
3645,CDP,2016-07-13,482845.00
3646,CDP,2016-07-14,483310.00
3647,CDP,2016-07-15,483775.00
3648,CDP,2016-07-18,484240.00
3649,CDP,2016-07-19,484240.00
3650,CDP,2016-07-20,483775.00
3651,CDP,2016-07-21,484705.00
3652,CDP,2016-07-22,483310.00
3653,CDP,2016-07-25,483310.00
3654,CDP,2016-07-26,483775.00
3655,CDP,2016-07-27,483310.00
3656,CDP,2016-07-28,482845.00
3657,CDP,2016-07-29,483310.00
3658,CDP,2016-08-01,483775.00
3659,CDP,2016-08-02,485635.00
3660,CDP,2016-08-03,485635.00
3661,CDP,2016-08-04,484472.50
3662,CDP,2016-08-05,482147.50
3663,CDP,2016-08-08,482147.50
3664,CDP,2016-08-11,482147.50
3665,CDP,2016-08-12,483047.50
3666,CDP,2016-08-15,483497.50
3667,CDP,2016-08-16,481697.50
3668,CDP,2016-08-17,483497.50
3669,CDP,2016-08-18,483497.50
3670,CDP,2016-08-19,483497.50
3671,CDP,2016-08-22,483947.50
3672,CDP,2016-08-23,481697.50
3673,CDP,2016-08-24,483497.50
3674,CDP,2016-08-25,482597.50
3675,CDP,2016-08-26,483497.50
3676,CDP,2016-08-29,483497.50
3677,CDP,2016-08-30,482597.50
3678,CDP,2016-08-31,483047.50
3679,CDP,2016-09-01,484397.50
3680,CDP,2016-09-02,483497.50
3681,CDP,2016-09-06,482147.50
3682,CDP,2016-09-07,482147.50
3683,CDP,2016-09-08,481247.50
3684,CDP,2016-09-09,481247.50
3685,CDP,2016-09-12,485747.50
3686,CDP,2016-09-13,480347.50
3687,CDP,2016-09-14,480347.50
3688,CDP,2016-09-15,480797.50
3689,CDP,2016-09-16,483947.50
3690,CDP,2016-09-19,482597.50
3691,CDP,2016-09-20,483497.50
3692,CDP,2016-09-21,482147.50
3693,CDP,2016-09-22,476297.50
3694,CDP,2016-10-04,473972.50
3695,CDP,2016-10-05,475832.50
3696,CDP,2016-10-06,477227.50
3697,CDP,2016-10-07,476297.50
3698,CDP,2016-10-10,477227.50
3699,CDP,2016-10-11,475832.50
3700,CDP,2016-10-12,476762.50
3701,CDP,2016-10-13,477227.50
3702,CDP,2016-10-14,477227.50
3703,CDP,2016-10-17,475832.50
3704,CDP,2016-10-18,477692.50
3705,CDP,2016-10-19,480482.50
3706,CDP,2016-10-20,481877.50
3707,CDP,2016-10-21,480947.50
3708,CDP,2016-10-24,484202.50
3709,CDP,2016-10-25,486527.50
3710,CDP,2016-10-26,484202.50
3711,CDP,2016-10-27,482807.50
3712,CDP,2016-11-17,481427.50
3713,CDP,2016-11-18,483267.50
3714,CDP,2016-11-21,484187.50
3715,CDP,2016-11-22,483727.50
3716,CDP,2016-11-23,481887.50
3717,CDP,2016-11-25,482347.50
3718,CDP,2016-11-28,484187.50
3719,CDP,2016-11-29,484647.50
3720,CDP,2016-11-30,486027.50
3721,CDP,2016-12-01,485107.50
3722,CDP,2016-12-02,486487.50
3723,CDP,2016-12-05,484647.50
3724,CDP,2016-12-06,483727.50
3725,CDP,2016-12-07,482807.50
3726,CDP,2016-12-08,481657.50
3727,CDP,2016-12-09,481887.50
3728,CDP,2016-12-12,483267.50
3729,CDP,2016-12-13,482327.50
3730,CDP,2016-12-14,481387.50
3731,CDP,2016-12-15,483737.50
3732,CDP,2016-12-16,486557.50
3733,CDP,2016-12-19,488907.50
3734,CDP,2016-12-20,487967.50
3735,CDP,2016-12-21,489377.50
3736,CDP,2016-12-22,486557.50
3737,CDP,2016-12-23,488437.50
3738,CDP,2016-12-27,490317.50
3739,CDP,2016-12-28,489377.50
3740,CDP,2016-12-29,489377.50
3741,CDP,2016-12-30,488907.50
3742,CDP,2017-01-03,492197.50
3743,CDP,2017-01-04,490787.50
3744,CDP,2017-01-05,494547.50
3745,CDP,2017-01-06,497837.50
3746,CDP,2017-01-09,500657.50
3747,CDP,2017-01-10,504857.50
3748,CDP,2017-01-11,504857.50
3749,CDP,2017-01-12,506252.50
3750,CDP,2017-01-13,508112.50
3751,CDP,2017-01-17,508112.50
3752,CDP,2017-01-18,510902.50
3753,CDP,2017-01-19,510437.50
3754,CDP,2017-01-20,514157.50
3755,CDP,2017-01-23,514157.50
3756,CDP,2017-01-24,515087.50
3757,CDP,2017-01-25,516482.50
3758,CDP,2017-01-26,516482.50
3759,CDP,2017-01-27,517412.50
3760,CDP,2017-01-30,515552.50
3761,CDP,2017-01-31,514157.50
3762,CDP,2017-02-01,517412.50
3763,CDP,2017-02-02,515552.50
3764,CDP,2017-02-03,516482.50
3765,CDP,2017-02-06,518342.50
3766,CDP,2017-02-07,514682.50
3767,CDP,2017-02-08,516512.50
3768,CDP,2017-02-09,520182.50
3769,CDP,2017-02-10,516482.50
3770,CDP,2017-02-13,520142.50
3771,CDP,2017-02-14,520142.50
3772,CDP,2017-02-15,520597.50
3773,CDP,2017-02-16,520597.50
3774,CDP,2017-02-17,521962.50
3775,CDP,2017-02-21,520597.50
3776,CDP,2017-02-22,521052.50
3777,CDP,2017-02-23,521052.50
3778,CDP,2017-02-24,521052.50
3779,CDP,2017-02-27,520597.50
3780,CDP,2017-02-28,521507.50
3781,CDP,2017-03-01,519687.50
3782,CDP,2017-03-02,522417.50
3783,CDP,2017-03-03,524237.50
3784,CDP,2017-03-06,526057.50
3785,CDP,2017-03-07,530172.50
3786,CDP,2017-03-08,529222.50
3787,CDP,2017-03-09,529192.50
3788,CDP,2017-03-10,535612.50
3789,CDP,2017-03-13,539797.50
3790,CDP,2017-03-14,539302.50
3791,CDP,2017-03-15,545347.50
3792,CDP,2017-03-16,544882.50
3793,CDP,2017-03-17,544882.50
3794,CDP,2017-03-20,545812.50
3795,CDP,2017-03-21,538837.50
3796,CDP,2017-04-05,536587.50
3797,CDP,2017-04-06,538837.50
3798,CDP,2017-04-07,540187.50
3799,CDP,2017-04-10,541087.50
3800,CDP,2017-04-11,541537.50
3801,CDP,2017-04-12,537487.50
3802,CDP,2017-04-13,538837.50
3803,CDP,2017-04-17,542437.50
3804,CDP,2017-04-18,541987.50
3805,CDP,2017-04-19,541087.50
3806,CDP,2017-04-20,540637.50
3807,CDP,2017-04-21,539737.50
3808,CDP,2017-04-24,542437.50
3809,CDP,2017-04-25,539287.50
3810,CDP,2017-04-26,537937.50
3811,CDP,2017-04-27,538387.50
3812,CDP,2017-04-28,542437.50
3813,CDP,2017-05-01,540187.50
3814,CDP,2017-05-02,543787.50
3815,CDP,2017-05-03,546937.50
3816,CDP,2017-05-04,548737.50
3817,CDP,2017-05-05,545587.50
3818,CDP,2017-05-08,546487.50
3819,CDP,2017-05-09,548737.50
3820,CDP,2017-05-10,546037.50
3821,CDP,2017-08-10,544672.50
3822,CDP,2017-08-11,546947.50
3823,CDP,2017-08-14,547857.50
3824,CDP,2017-08-15,551497.50
3825,CDP,2017-08-16,552407.50
3826,CDP,2017-08-17,548312.50
3827,CDP,2017-08-18,548767.50
3828,CDP,2017-08-21,551042.50
3829,CDP,2017-08-22,552862.50
3830,CDP,2017-08-23,550132.50
3831,CDP,2017-08-24,549677.50
3832,CDP,2017-08-25,552407.50
3833,CDP,2017-08-28,552862.50
3834,CDP,2017-08-29,553772.50
3835,CDP,2017-08-30,554227.50
3836,CDP,2017-08-31,553317.50
3837,CDP,2017-09-01,553317.50
3838,CDP,2017-09-05,555592.50
3839,CDP,2017-09-06,553322.50
3840,CDP,2017-09-07,562462.50
3841,CDP,2017-09-08,559717.50
3842,CDP,2017-09-11,556087.50
3843,CDP,2017-09-12,553807.50
3844,CDP,2017-09-13,553807.50
3845,CDP,2017-09-14,556567.50
3846,CDP,2017-09-15,555187.50
3847,CDP,2017-09-18,551507.50
3848,CDP,2017-09-19,555187.50
3849,CDP,2017-09-20,555187.50
3850,CDP,2017-09-21,553807.50
3851,CDP,2017-09-22,552887.50
3852,CDP,2017-09-25,551507.50
3853,CDP,2017-09-26,550127.50
3854,CDP,2017-09-27,548747.50
3855,CDP,2017-09-28,547827.50
3856,CDP,2017-09-29,548747.50
3857,CDP,2017-10-02,548747.50
3858,CDP,2017-10-03,547827.50
3859,CDP,2017-10-04,546447.50
3860,CDP,2017-10-05,545987.50
3861,CDP,2017-10-06,546677.50
3862,CDP,2017-10-09,547137.50
3863,CDP,2018-02-06,547647.50
3864,CDP,2018-02-07,553767.50
3865,CDP,2018-02-08,546627.50
3866,CDP,2018-02-09,542037.50
3867,CDP,2018-02-12,564477.50
3868,CDP,2018-02-13,553767.50
3869,CDP,2018-02-14,562437.50
3870,CDP,2018-02-15,558867.50
3871,CDP,2018-02-16,556827.50
3872,CDP,2018-02-20,558867.50
3873,CDP,2018-02-21,556317.50
3874,CDP,2018-02-22,557337.50
3875,CDP,2018-02-23,558357.50
3876,CDP,2018-02-26,556317.50
3877,CDP,2018-02-27,557337.50
3878,CDP,2018-02-28,558357.50
3879,CDP,2018-03-01,560907.50
3880,CDP,2018-03-02,561417.50
3881,CDP,2018-03-05,556827.50
3882,CDP,2018-03-06,556827.50
3883,CDP,2018-03-07,554787.50
3884,CDP,2018-03-08,556827.50
3885,CDP,2018-03-09,557637.50
3886,CDP,2018-03-12,554277.50
3887,CDP,2018-03-13,557127.50
3888,CDP,2018-03-14,559027.50
3889,CDP,2018-03-15,558552.50
3890,CDP,2018-03-16,559027.50
3891,CDP,2018-03-19,559502.50
3892,CDP,2018-03-20,559977.50
3893,CDP,2018-03-21,559502.50
3894,CDP,2018-03-22,556652.50
3895,CDP,2018-03-23,553327.50
3896,CDP,2018-04-03,554337.50
3897,CDP,2018-04-04,558882.50
3898,CDP,2018-04-05,557367.50
3899,CDP,2018-04-06,557367.50
3900,CDP,2018-04-09,557367.50
3901,CDP,2018-04-10,556862.50
3902,CDP,2018-04-11,557367.50
3903,CDP,2018-04-12,558882.50
3904,CDP,2018-04-13,559387.50
3905,CDP,2018-04-16,558882.50
3906,CDP,2018-04-17,557872.50
3907,CDP,2018-04-18,556862.50
3908,CDP,2018-04-19,558882.50
3909,CDP,2018-04-20,558882.50
3910,CDP,2018-04-23,559387.50
3911,CDP,2018-04-24,560397.50
3912,CDP,2018-04-25,560902.50
3913,CDP,2018-04-26,561912.50
3914,CDP,2018-04-27,561912.50
3915,CDP,2018-04-30,563427.50
3916,CDP,2018-05-01,563427.50
3917,CDP,2018-05-02,561912.50
3918,CDP,2018-05-03,564437.50
3919,CDP,2018-05-04,560902.50
3920,CDP,2018-05-07,559135.00
3921,CDP,2018-07-11,558665.00
3922,CDP,2018-07-12,559605.00
3923,CDP,2018-07-13,561955.00
3924,CDP,2018-07-16,561955.00
3925,CDP,2018-07-17,562895.00
3926,CDP,2018-07-18,564775.00
3927,CDP,2018-07-19,563835.00
3928,CDP,2018-07-20,563835.00
3929,CDP,2018-07-23,566185.00
3930,CDP,2018-07-24,566185.00
3931,CDP,2018-07-25,568065.00
3932,CDP,2018-07-26,566655.00
3933,CDP,2018-07-27,567595.00
3934,CDP,2018-07-30,567125.00
3935,CDP,2018-07-31,568535.00
3936,CDP,2018-08-01,571355.00
3937,CDP,2018-08-02,570885.00
3938,CDP,2018-08-03,573705.00
3939,CDP,2018-08-06,575115.00
3940,CDP,2018-08-07,576525.00
3941,CDP,2018-08-08,577935.00
3942,CDP,2018-08-14,578835.00
3943,CDP,2018-08-15,579285.00
3944,CDP,2018-08-16,579285.00
3945,CDP,2018-08-17,580185.00
3946,CDP,2018-08-20,578835.00
3947,CDP,2018-08-21,577485.00
3948,CDP,2018-08-22,576135.00
3949,CDP,2018-08-23,577035.00
3950,CDP,2018-08-24,576585.00
3951,CDP,2018-08-27,577035.00
3952,CDP,2018-08-28,576585.00
3953,CDP,2018-08-29,576135.00
3954,CDP,2018-08-30,576585.00
3955,CDP,2018-08-31,575685.00
3956,CDP,2018-09-04,576135.00
3957,CDP,2018-09-05,578400.00
3958,CDP,2018-09-06,579300.00
3959,CDP,2018-09-07,579750.00
3960,CDP,2018-09-10,580680.00
3961,CDP,2018-09-11,582540.00
3962,CDP,2018-09-12,584400.00
3963,CDP,2018-09-13,585330.00
3964,CDP,2018-09-14,586260.00
3965,CDP,2018-09-17,586725.00
3966,CDP,2018-09-18,588585.00
3967,CDP,2018-09-19,590445.00
3968,CDP,2018-09-20,589050.00
3969,CDP,2018-09-21,595560.00
3970,CDP,2018-09-24,593700.00
3971,CDP,2018-09-25,594165.00
3972,CDP,2018-09-26,593700.00
3973,CDP,2018-09-27,595095.00
3974,CDP,2018-09-28,596025.00
3975,CDP,2018-10-01,585795.00
3976,CDP,2018-10-09,586285.00
3977,CDP,2018-10-10,577465.00
3978,CDP,2018-11-06,578515.00
3979,CDP,2018-11-07,583765.00
3980,CDP,2018-11-08,582715.00
3981,CDP,2018-11-09,581140.00
3982,CDP,2018-11-12,579040.00
3983,CDP,2018-11-13,578515.00
3984,CDP,2018-11-14,577465.00
3985,CDP,2018-12-06,576415.00
3986,CDP,2018-12-07,569590.00
3987,CDP,2018-12-10,570115.00
3988,CDP,2018-12-11,570115.00
3989,CDP,2018-12-12,576415.00
3990,CDP,2018-12-13,573265.00
3991,CDP,2019-01-04,579805.00
3992,CDP,2019-01-07,582530.00
3993,CDP,2019-01-08,584165.00
3994,CDP,2019-01-09,584710.00
3995,CDP,2019-01-10,583075.00
3996,CDP,2019-01-11,585800.00
3997,CDP,2019-01-14,585255.00
3998,CDP,2019-01-15,586345.00
3999,CDP,2019-01-16,585255.00
4000,CDP,2019-01-17,585800.00
4001,CDP,2019-01-18,585800.00
4002,CDP,2019-01-22,585800.00
4003,CDP,2019-01-23,585255.00
4004,CDP,2019-01-24,584165.00
4005,CDP,2019-01-25,584710.00
4006,CDP,2019-01-28,585255.00
4007,CDP,2019-01-29,584710.00
4008,CDP,2019-01-30,586345.00
4009,CDP,2019-01-31,585800.00
4010,CDP,2019-03-05,585335.00
4011,CDP,2019-03-06,581150.00
4012,CDP,2019-03-07,578825.00
4013,CDP,2019-04-09,578350.00
4014,CDP,2019-04-10,578350.00
4015,CDP,2019-04-11,578825.00
4016,CDP,2019-04-12,579775.00
4017,CDP,2019-04-15,580250.00
4018,CDP,2019-04-16,581675.00
4019,CDP,2019-04-17,580250.00
4020,CDP,2019-04-18,582150.00
4021,CDP,2019-04-22,581675.00
4022,CDP,2019-04-23,584050.00
4023,CDP,2019-04-24,585000.00
4024,CDP,2019-04-25,584525.00
4025,CDP,2019-04-26,585000.00
4026,CDP,2019-04-29,585475.00
4027,CDP,2019-04-30,585000.00
4028,CDP,2019-05-01,586900.00
4029,CDP,2019-05-02,585000.00
4030,CDP,2019-05-03,584050.00
4031,CDP,2019-05-06,581675.00
4032,CDP,2019-05-07,577875.00
4033,CDP,2019-05-08,579420.00
4034,CDP,2019-05-09,577955.00
4035,CDP,2019-05-10,585755.00
4036,CDP,2019-05-13,570985.00
4037,CDP,2019-06-06,571995.00
4038,CDP,2019-06-07,573510.00
4039,CDP,2019-06-10,572500.00
4040,CDP,2019-06-11,573510.00
4041,CDP,2019-06-12,573005.00
4042,CDP,2019-06-13,574015.00
4043,CDP,2019-06-14,574015.00
4044,CDP,2019-06-17,575530.00
4045,CDP,2019-06-18,576035.00
4046,CDP,2019-06-19,577045.00
4047,CDP,2019-06-20,578055.00
4048,CDP,2019-06-21,578055.00
4049,CDP,2019-06-24,579065.00
4050,CDP,2019-06-25,578560.00
4051,CDP,2019-06-26,578055.00
4052,CDP,2019-06-27,578560.00
4053,CDP,2019-06-28,578055.00
4054,CDP,2019-07-01,579570.00
4055,CDP,2019-07-02,580580.00
4056,CDP,2019-07-03,579065.00
4057,CDP,2019-07-05,579570.00
4058,CDP,2019-07-08,581590.00
4059,CDP,2019-07-09,581110.00
4060,CDP,2019-07-10,583030.00
4061,CDP,2019-07-11,584470.00
4062,CDP,2019-07-12,584470.00
4063,CDP,2019-07-15,584470.00
4064,CDP,2019-07-16,585430.00
4065,CDP,2019-07-17,585910.00
4066,CDP,2019-07-18,585430.00
4067,CDP,2019-07-19,587350.00
4068,CDP,2019-07-22,587350.00
4069,CDP,2019-07-23,587350.00
4070,CDP,2019-07-24,587350.00
4071,CDP,2019-07-25,590230.00
4072,CDP,2019-07-26,589270.00
4073,CDP,2019-07-29,589270.00
4074,CDP,2019-07-30,586870.00
4075,CDP,2019-07-31,583990.00
4076,CDP,2019-08-01,583030.00
4077,CDP,2019-08-02,579190.00
4078,CDP,2019-08-05,570550.00
4079,CDP,2019-08-06,568975.00
4080,CDP,2019-08-07,572650.00
4081,CDP,2019-08-08,574750.00
4082,CDP,2019-08-09,573175.00
4083,CDP,2019-08-12,573700.00
4084,CDP,2019-08-13,573700.00
4085,CDP,2019-08-14,571600.00
4086,CDP,2019-08-15,568450.00
4087,CDP,2019-08-16,573700.00
4088,CDP,2019-08-19,580000.00
4089,CDP,2019-08-20,575800.00
4090,CDP,2019-08-21,576850.00
4091,CDP,2019-08-22,578950.00
4092,CDP,2019-08-23,571600.00
4093,CDP,2019-08-26,572650.00
4094,CDP,2019-08-27,571075.00
4095,CDP,2019-08-28,573700.00
4096,CDP,2019-08-29,577900.00
4097,CDP,2019-08-30,576325.00
4098,CDP,2019-09-03,581050.00
4099,CDP,2019-09-04,581040.00
4100,CDP,2019-09-05,589400.00
4101,CDP,2019-09-06,592015.00
4102,CDP,2019-09-09,589400.00
4103,CDP,2019-09-10,589920.00
4104,CDP,2019-09-11,589400.00
4105,CDP,2019-09-12,591480.00
4106,CDP,2019-09-13,590440.00
4107,CDP,2019-09-16,590440.00
4108,CDP,2019-09-17,590440.00
4109,CDP,2019-09-18,592520.00
4110,CDP,2019-09-19,590960.00
4111,CDP,2019-09-20,592520.00
4112,CDP,2019-09-23,592520.00
4113,CDP,2019-09-24,590440.00
4114,CDP,2019-09-25,591480.00
4115,CDP,2019-09-26,592520.00
4116,CDP,2019-09-27,590440.00
4117,CDP,2019-09-30,592520.00
4118,CDP,2019-10-01,592000.00
4119,CDP,2019-10-02,590440.00
4120,CDP,2019-10-03,592520.00
4121,CDP,2019-10-04,592520.00
4122,CDP,2019-10-07,593560.00
4123,CDP,2019-10-08,585350.00
4124,CDP,2019-10-09,582340.00
4125,CDP,2019-10-10,589480.00
4126,CDP,2019-10-11,589490.00
4127,CDP,2019-10-14,595610.00
4128,CDP,2019-10-15,598670.00
4129,CDP,2019-10-16,599690.00
4130,CDP,2019-10-17,600200.00
4131,CDP,2019-10-18,599690.00
4132,CDP,2019-10-21,600710.00
4133,CDP,2019-10-22,601220.00
4134,CDP,2019-10-23,602750.00
4135,CDP,2019-10-24,602240.00
4136,CDP,2019-10-25,603260.00
4137,CDP,2019-10-28,602240.00
4138,CDP,2019-10-29,600710.00
4139,CDP,2019-10-30,601730.00
4140,CDP,2019-10-31,603260.00
4141,CDP,2019-11-01,602240.00
4142,CDP,2019-11-04,601220.00
4143,CDP,2019-11-05,601220.00
4144,CDP,2019-11-06,602750.00
4145,CDP,2019-11-07,601260.00
4146,CDP,2019-11-08,602200.00
4147,CDP,2019-11-11,603140.00
4148,CDP,2019-11-12,603610.00
4149,CDP,2019-11-13,603140.00
4150,CDP,2019-11-14,602670.00
4151,CDP,2019-11-15,605020.00
4152,CDP,2019-11-18,604550.00
4153,CDP,2019-11-19,605960.00
4154,CDP,2019-11-20,605020.00
4155,CDP,2019-11-21,605960.00
4156,CDP,2019-11-22,605960.00
4157,CDP,2019-11-25,605020.00
4158,CDP,2019-11-26,606430.00
4159,CDP,2019-11-27,605020.00
4160,CDP,2019-11-29,605490.00
4161,CDP,2019-12-02,605490.00
4162,CDP,2019-12-03,603140.00
4163,CDP,2019-12-04,603610.00
4164,CDP,2019-12-05,604080.00
4165,CDP,2019-12-06,604080.00
4166,CDP,2019-12-09,604550.00
4167,CDP,2019-12-10,604060.00
4168,CDP,2019-12-11,604060.00
4169,CDP,2019-12-12,605040.00
4170,CDP,2019-12-13,608960.00
4171,CDP,2019-12-16,609940.00
4172,CDP,2019-12-17,610920.00
4173,CDP,2019-12-18,609940.00
4174,CDP,2019-12-19,609940.00
4175,CDP,2019-12-20,610430.00
4176,CDP,2019-12-23,608470.00
4177,CDP,2019-12-24,608470.00
4178,CDP,2019-12-26,607980.00
4179,CDP,2019-12-27,608960.00
4180,CDP,2019-12-30,608470.00
4181,CDP,2019-12-31,608470.00
4182,CDP,2020-01-02,612880.00
4183,CDP,2020-01-03,610430.00
4184,CDP,2020-01-06,610920.00
4185,CDP,2020-01-07,612880.00
4186,CDP,2020-01-08,611900.00
4187,CDP,2020-01-09,614320.00
4188,CDP,2020-01-10,618210.00
4189,CDP,2020-01-13,618180.00
4190,CDP,2020-01-14,620080.00
4191,CDP,2020-01-15,619130.00
4192,CDP,2020-01-16,618180.00
4193,CDP,2020-01-17,617705.00
4194,CDP,2020-01-21,620080.00
4195,CDP,2020-01-22,619130.00
4196,CDP,2020-01-23,619605.00
4197,CDP,2020-01-24,618655.00
4198,CDP,2020-01-27,616280.00
4199,CDP,2020-01-28,618180.00
4200,CDP,2020-01-29,619130.00
4201,CDP,2020-01-30,620080.00
4202,CDP,2020-01-31,610105.00
4203,CDP,2020-02-07,608205.00
4204,CDP,2020-02-10,608680.00
4205,CDP,2020-02-11,608680.00
4206,CDP,2020-02-12,613430.00
4207,CDP,2020-02-13,612480.00
4208,CDP,2020-02-14,613430.00
4209,CDP,2020-02-18,612480.00
4210,CDP,2020-02-19,613905.00
4211,CDP,2020-02-20,613430.00
4212,CDP,2020-02-21,611530.00
4213,CDP,2020-02-24,605830.00
4214,CDP,2020-03-04,607525.00
4215,CDP,2020-03-05,605830.00
4216,CDP,2020-03-06,593965.00
4217,CDP,2020-04-14,593965.00
4218,CDP,2020-04-15,586100.00
4219,CDP,2020-04-16,583680.00
4220,CDP,2020-04-17,590940.00
4221,CDP,2020-04-20,586100.00
4222,CDP,2020-04-21,589125.00
4223,CDP,2020-04-22,595175.00
4224,CDP,2020-04-23,593360.00
4225,CDP,2020-04-24,598200.00
4226,CDP,2020-04-27,604855.00
4227,CDP,2020-04-28,605460.00
4228,CDP,2020-04-29,610905.00
4229,CDP,2020-04-30,606065.00
4230,CDP,2020-05-01,598200.00
4231,CDP,2020-05-04,601830.00
4232,CDP,2020-05-05,602435.00
4233,CDP,2020-05-06,600620.00
4234,CDP,2020-05-07,604915.00
4235,CDP,2020-05-08,612275.00
4236,CDP,2020-05-11,616550.00
4237,CDP,2020-05-12,614675.00
4238,CDP,2020-05-13,606550.00
4239,CDP,2020-06-10,602315.00
4240,CDP,2020-07-08,603525.00
4241,CDP,2020-07-09,601710.00
4242,CDP,2020-07-10,602920.00
4243,CDP,2020-07-13,602315.00
4244,CDP,2020-07-14,604130.00
4245,CDP,2020-07-15,609575.00
4246,CDP,2020-07-16,608365.00
4247,CDP,2020-07-17,609575.00
4248,CDP,2020-07-20,611390.00
4249,CDP,2020-07-21,613205.00
4250,CDP,2020-07-22,615020.00
4251,CDP,2020-07-23,614415.00
4252,CDP,2020-07-24,613810.00
4253,CDP,2020-07-27,615625.00
4254,CDP,2020-07-28,615625.00
4255,CDP,2020-07-29,618045.00
4256,CDP,2020-07-30,618045.00
4257,CDP,2020-07-31,614415.00
4258,CDP,2020-08-03,618045.00
4259,CDP,2020-08-04,621070.00
4260,CDP,2020-08-05,622885.00
4261,CDP,2020-08-06,622885.00
4262,CDP,2020-08-07,622885.00
4263,CDP,2020-08-10,622280.00
4264,CDP,2020-08-12,622840.00
4265,CDP,2020-08-13,622280.00
4266,CDP,2020-08-14,623400.00
4267,CDP,2020-08-17,626194.40
4268,CDP,2020-08-18,625080.00
4269,CDP,2020-08-19,625080.00
4270,CDP,2020-08-20,623400.00
4271,CDP,2020-08-21,623400.00
4272,CDP,2020-08-24,625080.00
4273,CDP,2020-08-25,627320.00
4274,CDP,2020-08-26,625080.00
4275,CDP,2020-08-27,625640.00
4276,CDP,2020-08-28,627320.00
4277,CDP,2020-08-31,627880.00
4278,CDP,2020-09-01,627874.40
4279,CDP,2020-09-02,627880.00
4280,CDP,2020-09-03,615560.00
4281,CDP,2020-09-04,616680.00
4282,CDP,2020-09-09,619705.00
4283,CDP,2020-09-10,619705.00
4284,CDP,2020-09-11,614865.00
4285,CDP,2020-09-14,621520.00
4286,CDP,2020-09-15,622125.00
4287,CDP,2020-09-16,624545.00
4288,CDP,2020-09-17,624545.00
4289,CDP,2020-09-18,623335.00
4290,CDP,2020-09-21,614260.00
4291,CDP,2020-09-22,614260.00
4292,CDP,2020-09-23,610025.00
4293,CDP,2020-10-14,610025.00
4294,CDP,2020-10-15,611765.00
4295,CDP,2020-10-16,611765.00
4296,CDP,2020-10-19,608285.00
4297,CDP,2020-10-20,609445.00
4298,CDP,2020-10-21,609445.00
4299,CDP,2020-10-22,608865.00
4300,CDP,2020-10-23,612925.00
4301,CDP,2020-10-26,602485.00
4302,CDP,2020-10-27,604805.00
4303,CDP,2020-11-05,611350.00
4304,CDP,2020-11-06,612540.00
4305,CDP,2020-11-09,619680.00
4306,CDP,2020-11-10,616110.00
4307,CDP,2020-11-11,617895.00
4308,CDP,2020-11-12,615515.00
4309,CDP,2020-11-13,619085.00
4310,CDP,2020-11-16,619680.00
4311,CDP,2020-11-17,619680.00
4312,CDP,2020-11-18,619680.00
4313,CDP,2020-11-19,619680.00
4314,CDP,2020-11-20,618490.00
4315,CDP,2020-11-23,622060.00
4316,CDP,2020-11-24,621465.00
4317,CDP,2020-11-25,622655.00
4318,CDP,2020-11-27,628605.00
4319,CDP,2020-11-30,623250.00
4320,CDP,2020-12-01,622060.00
4321,CDP,2020-12-02,625035.00
4322,CDP,2020-12-03,623250.00
4323,CDP,2020-12-04,623845.00
4324,CDP,2020-12-07,625035.00
4325,CDP,2020-12-08,626805.00
4326,CDP,2020-12-09,627985.00
4327,CDP,2020-12-10,627985.00
4328,CDP,2020-12-11,627395.00
4329,CDP,2020-12-14,627985.00
4330,CDP,2020-12-15,630345.00
4331,CDP,2020-12-16,630345.00
4332,CDP,2020-12-17,632115.00
4333,CDP,2020-12-18,630935.00
4334,CDP,2020-12-21,632705.00
4335,CDP,2020-12-22,631525.00
4336,CDP,2020-12-23,634475.00
4337,CDP,2020-12-24,633295.00
4338,CDP,2020-12-28,635655.00
4339,CDP,2020-12-29,630935.00
4340,CDP,2020-12-30,632705.00
4341,CDP,2020-12-31,633879.10
4342,CDP,2021-01-04,630345.00
4343,CDP,2021-01-05,641190.00
4344,CDP,2021-01-06,644855.00
4345,CDP,2021-01-07,653315.00
4346,CDP,2021-01-08,649135.00
4347,CDP,2021-01-11,648470.00
4348,CDP,2021-01-12,649700.00
4349,CDP,2021-01-13,650930.00
4350,CDP,2021-01-14,653390.00
4351,CDP,2021-01-15,650930.00
4352,CDP,2021-01-19,652775.00
4353,CDP,2021-01-20,653390.00
4354,CDP,2021-01-21,652160.00
4355,CDP,2021-01-22,653390.00
4356,CDP,2021-01-25,650930.00
4357,CDP,2021-01-26,652160.00
4358,CDP,2021-01-27,649085.00
4359,CDP,2021-01-28,649700.00
4360,CDP,2021-01-29,648470.00
4361,CDP,2021-02-01,652160.00
4362,CDP,2021-02-02,654620.00
4363,CDP,2021-02-03,656465.00
4364,CDP,2021-02-04,657695.00
4365,CDP,2021-02-05,659540.00
4366,CDP,2021-02-08,658925.00
4367,CPE,2007-08-09,96745.00
4368,CPE,2007-08-10,94885.00
4369,CPE,2007-08-13,98140.00
4370,CPE,2007-08-14,96745.00
4371,CPE,2007-08-15,99535.00
4372,CPE,2007-08-16,99535.00
4373,CPE,2007-08-17,96280.00
4374,CPE,2007-08-20,98605.00
4375,CPE,2007-08-21,101395.00
4376,CPE,2007-08-22,101860.00
4377,CPE,2007-08-23,101860.00
4378,CPE,2007-08-24,102325.00
4379,CPE,2007-08-27,104185.00
4380,CPE,2007-08-28,101860.00
4381,CPE,2007-08-29,102325.00
4382,CPE,2007-08-30,102325.00
4383,CPE,2007-08-31,102790.00
4384,CPE,2007-09-04,103720.00
4385,CPE,2007-09-05,103255.00
4386,CPE,2007-09-06,103295.00
4387,CPE,2007-09-07,97090.00
4388,CPE,2007-09-10,99880.00
4389,CPE,2007-09-11,106085.00
4390,CPE,2007-09-12,106530.00
4391,CPE,2007-09-13,106570.00
4392,CPE,2007-09-14,107925.00
4393,CPE,2007-09-17,108410.00
4394,CPE,2007-09-18,115605.00
4395,CPE,2007-09-19,113240.00
4396,CPE,2007-09-20,117485.00
4397,CPE,2007-09-21,117040.00
4398,CPE,2007-09-24,127410.00
4399,CPE,2007-09-25,127895.00
4400,CPE,2007-09-26,128380.00
4401,CPE,2007-09-27,129350.00
4402,CPE,2007-09-28,129835.00
4403,CPE,2007-10-01,126925.00
4404,CPE,2007-10-02,125470.00
4405,CPE,2007-10-03,125955.00
4406,CPE,2007-10-04,124985.00
4407,CPE,2007-10-05,122560.00
4408,CPE,2007-10-08,123530.00
4409,CPE,2007-10-09,124015.00
4410,CPE,2007-10-11,122680.00
4411,CPE,2007-10-12,123125.00
4412,CPE,2007-10-15,124905.00
4413,CPE,2007-10-16,124015.00
4414,CPE,2007-10-17,125795.00
4415,CPE,2007-10-18,124905.00
4416,CPE,2007-10-19,121790.00
4417,CPE,2007-10-22,124015.00
4418,CPE,2007-10-23,126240.00
4419,CPE,2007-10-24,127575.00
4420,CPE,2007-10-25,126240.00
4421,CPE,2007-10-26,127130.00
4422,CPE,2007-10-29,127575.00
4423,CPE,2007-10-30,126240.00
4424,CPE,2007-10-31,128910.00
4425,CPE,2007-11-01,124015.00
4426,CPE,2007-11-08,127775.00
4427,CPE,2007-11-09,122605.00
4428,CPE,2007-11-12,124015.00
4429,CPE,2007-11-13,124015.00
4430,CPE,2007-11-14,122605.00
4431,CPE,2007-11-15,120255.00
4432,CPE,2007-11-16,122605.00
4433,CPE,2007-11-19,123075.00
4434,CPE,2007-11-20,122135.00
4435,CPE,2007-11-21,122135.00
4436,CPE,2007-11-23,123545.00
4437,CPE,2007-11-26,122135.00
4438,CPE,2007-12-06,125425.00
4439,CPE,2007-12-07,123545.00
4440,CPE,2007-12-10,125425.00
4441,CPE,2007-12-11,123545.00
4442,CPE,2007-12-12,122605.00
4443,CPE,2007-12-13,122135.00
4444,CPE,2007-12-14,124015.00
4445,CPE,2007-12-17,123075.00
4446,CPE,2007-12-18,124485.00
4447,CPE,2007-12-19,128715.00
4448,CPE,2007-12-20,128245.00
4449,CPE,2007-12-21,132005.00
4450,CPE,2007-12-24,130125.00
4451,CPE,2007-12-26,127305.00
4452,CPE,2007-12-27,129655.00
4453,CPE,2007-12-28,130595.00
4454,CPE,2007-12-31,131535.00
4455,CPE,2008-01-02,132475.00
4456,CPE,2008-01-03,132945.00
4457,CPE,2008-01-04,131535.00
4458,CPE,2008-01-07,134825.00
4459,CPE,2008-01-08,132005.00
4460,CPE,2008-01-10,132925.00
4461,CPE,2008-01-11,131545.00
4462,CPE,2008-01-14,133385.00
4463,CPE,2008-01-15,133385.00
4464,CPE,2008-01-16,134305.00
4465,CPE,2008-01-17,132925.00
4466,CPE,2008-01-18,133385.00
4467,CPE,2008-01-22,135225.00
4468,CPE,2008-01-23,140285.00
4469,CPE,2008-01-24,137065.00
4470,CPE,2008-01-25,136145.00
4471,CPE,2008-01-28,136145.00
4472,CPE,2008-01-29,136605.00
4473,CPE,2008-01-30,138445.00
4474,CPE,2008-01-31,137525.00
4475,CPE,2008-02-01,138445.00
4476,CPE,2008-02-04,137985.00
4477,CPE,2008-02-05,136145.00
4478,CPE,2008-02-06,136145.00
4479,CPE,2008-02-07,139395.00
4480,CPE,2008-02-08,140760.00
4481,CPE,2008-02-11,144470.00
4482,CPE,2008-02-12,147780.00
4483,CPE,2008-02-13,147335.00
4484,CPE,2008-02-14,150065.00
4485,CPE,2008-02-15,153345.00
4486,CPE,2008-02-19,157500.00
4487,CPE,2008-02-20,158450.00
4488,CPE,2008-02-21,157975.00
4489,CPE,2008-02-22,158925.00
4490,CPE,2008-02-25,160350.00
4491,CPE,2008-02-26,161300.00
4492,CPE,2008-02-27,160350.00
4493,CPE,2008-02-28,160350.00
4494,CPE,2008-02-29,159875.00
4495,CPE,2008-03-03,160825.00
4496,CPE,2008-03-04,166050.00
4497,CPE,2008-03-05,167000.00
4498,CPE,2008-03-06,163720.00
4499,CPE,2008-03-07,163765.00
4500,CPE,2008-03-10,160900.00
4501,CPE,2008-03-11,166880.00
4502,CPE,2008-03-12,164120.00
4503,CPE,2008-03-13,164580.00
4504,CPE,2008-03-14,161820.00
4505,CPE,2008-03-17,164120.00
4506,CPE,2008-03-18,170560.00
4507,CPE,2008-03-19,164580.00
4508,CPE,2008-03-20,165500.00
4509,CPE,2008-03-24,166880.00
4510,CPE,2008-03-25,167340.00
4511,CPE,2008-03-26,167340.00
4512,CPE,2008-03-27,168720.00
4513,CPE,2008-03-28,169640.00
4514,CPE,2008-03-31,171020.00
4515,CPE,2008-04-01,171480.00
4516,CPE,2008-04-02,169640.00
4517,CPE,2008-04-03,170100.00
4518,CPE,2008-04-04,171480.00
4519,CPE,2008-04-07,174010.00
4520,CPE,2008-04-08,174470.00
4521,CPE,2008-04-10,175820.00
4522,CPE,2008-04-11,173120.00
4523,CPE,2008-04-14,175370.00
4524,CPE,2008-04-15,176270.00
4525,CPE,2008-04-16,178970.00
4526,CPE,2008-04-17,178970.00
4527,CPE,2008-04-18,179420.00
4528,CPE,2008-04-21,179870.00
4529,CPE,2008-04-22,180770.00
4530,CPE,2008-04-23,181670.00
4531,CPE,2008-04-24,183470.00
4532,CPE,2008-04-25,182570.00
4533,CPE,2008-04-28,182570.00
4534,CPE,2008-04-29,184370.00
4535,CPE,2008-04-30,184370.00
4536,CPE,2008-05-01,182120.00
4537,CPE,2008-05-02,182795.00
4538,CPE,2008-05-05,183470.00
4539,CPE,2008-05-06,183245.00
4540,CPE,2008-05-07,187070.00
4541,CPE,2008-05-08,187745.00
4542,CPE,2008-05-09,187745.00
4543,CPE,2008-05-12,183695.00
4544,CPE,2008-05-13,182570.00
4545,CPE,2008-07-11,183920.00
4546,CPE,2008-07-14,183020.00
4547,CPE,2008-07-15,183920.00
4548,CPE,2008-07-16,184820.00
4549,CPE,2008-07-17,184820.00
4550,CPE,2008-07-18,185270.00
4551,CPE,2008-07-21,186620.00
4552,CPE,2008-07-22,185720.00
4553,CPE,2008-07-23,184820.00
4554,CPE,2008-07-24,187520.00
4555,CPE,2008-07-25,186620.00
4556,CPE,2008-07-28,188420.00
4557,CPE,2008-07-29,188645.00
4558,CPE,2008-07-30,188420.00
4559,CPE,2008-07-31,188195.00
4560,CPE,2008-08-01,187970.00
4561,CPE,2008-08-04,192020.00
4562,CPE,2008-08-05,187520.00
4563,CPE,2008-08-06,186845.00
4564,CPE,2008-09-11,185045.00
4565,CPE,2008-09-12,183695.00
4566,CPE,2008-09-15,181445.00
4567,CPE,2008-09-16,186395.00
4568,CPE,2008-09-17,178745.00
4569,CPE,2008-09-18,185045.00
4570,CPE,2008-09-19,181895.00
4571,CPE,2008-09-22,183245.00
4572,CPE,2008-09-23,182345.00
4573,CPE,2008-09-24,180545.00
4574,CPE,2008-09-25,184595.00
4575,CPE,2008-09-26,182345.00
4576,CPE,2008-09-29,169295.00
4577,CPE,2008-10-09,167115.00
4578,CPE,2008-11-06,166605.00
4579,CPE,2008-11-07,166095.00
4580,CPE,2008-11-10,165585.00
4581,CPE,2008-11-11,166605.00
4582,CPE,2008-11-12,158445.00
4583,CPE,2008-12-11,155385.00
4584,CPE,2008-12-12,157935.00
4585,CPE,2008-12-15,159465.00
4586,CPE,2008-12-16,159975.00
4587,CPE,2008-12-17,163545.00
4588,CPE,2008-12-18,164055.00
4589,CPE,2008-12-19,170175.00
4590,CPE,2008-12-22,169155.00
4591,CPE,2008-12-23,168645.00
4592,CPE,2008-12-24,169155.00
4593,CPE,2008-12-26,172725.00
4594,CPE,2008-12-29,171195.00
4595,CPE,2008-12-30,172215.00
4596,CPE,2008-12-31,174765.00
4597,CPE,2009-01-02,175785.00
4598,CPE,2009-01-05,176805.00
4599,CPE,2009-01-06,174255.00
4600,CPE,2009-01-07,175785.00
4601,CPE,2009-01-08,174415.00
4602,CPE,2009-01-09,178845.00
4603,CPE,2009-01-12,175205.00
4604,CPE,2009-01-13,177555.00
4605,CPE,2009-01-14,175205.00
4606,CPE,2009-02-05,175655.00
4607,CPE,2009-02-06,175655.00
4608,CPE,2009-02-09,176555.00
4609,CPE,2009-02-10,176105.00
4610,CPE,2009-02-11,177005.00
4611,CPE,2009-02-12,178355.00
4612,CPE,2009-02-13,179705.00
4613,CPE,2009-02-17,177455.00
4614,CPE,2009-02-18,180155.00
4615,CPE,2009-02-19,180605.00
4616,CPE,2009-02-20,180155.00
4617,CPE,2009-04-09,183755.00
4618,CPE,2009-04-13,184205.00
4619,CPE,2009-04-14,183305.00
4620,CPE,2009-04-15,185105.00
4621,CPE,2009-04-16,184655.00
4622,CPE,2009-04-17,185105.00
4623,CPE,2009-04-20,186005.00
4624,CPE,2009-04-21,184655.00
4625,CPE,2009-04-22,184205.00
4626,CPE,2009-04-23,185555.00
4627,CPE,2009-04-24,184205.00
4628,CPE,2009-04-27,186005.00
4629,CPE,2009-04-28,186005.00
4630,CPE,2009-04-29,183755.00
4631,CPE,2009-04-30,184205.00
4632,CPE,2009-05-01,186005.00
4633,CPE,2009-05-04,183080.00
4634,CPE,2009-05-05,184205.00
4635,CPE,2009-05-06,184655.00
4636,CPE,2010-05-07,178805.00
4637,CPE,2010-05-10,184655.00
4638,CPE,2010-05-11,181055.00
4639,CPE,2010-05-12,183305.00
4640,CPE,2010-05-13,184205.00
4641,CPE,2010-05-14,181055.00
4642,CPE,2010-05-17,184655.00
4643,CPE,2010-05-18,183755.00
4644,CPE,2010-05-19,181055.00
4645,CPE,2010-05-20,177905.00
4646,CPE,2010-05-21,178355.00
4647,CPE,2010-05-24,185105.00
4648,CPE,2010-05-25,184205.00
4649,CPE,2010-06-10,187600.00
4650,CPE,2010-06-11,188570.00
4651,CPE,2010-06-14,187115.00
4652,CPE,2010-06-15,189540.00
4653,CPE,2010-06-16,183235.00
4654,CPE,2010-06-17,188570.00
4655,CPE,2010-06-18,188570.00
4656,CPE,2010-06-21,193905.00
4657,CPE,2010-06-22,190510.00
4658,CPE,2010-06-23,190995.00
4659,CPE,2010-06-24,190995.00
4660,CPE,2010-06-25,190995.00
4661,CPE,2010-06-28,190995.00
4662,CPE,2010-06-29,192450.00
4663,CPE,2010-06-30,193420.00
4664,CPE,2010-07-01,196330.00
4665,CPE,2010-07-02,198270.00
4666,CPE,2010-07-06,198755.00
4667,CPE,2010-07-07,203605.00
4668,CPE,2010-07-08,206825.00
4669,CPE,2010-07-09,204125.00
4670,CPE,2010-07-12,204575.00
4671,CPE,2010-07-13,204575.00
4672,CPE,2010-07-14,199175.00
4673,CPE,2010-07-15,201875.00
4674,CPE,2010-07-16,204125.00
4675,CPE,2010-07-19,205475.00
4676,CPE,2010-07-20,206825.00
4677,CPE,2010-07-21,205925.00
4678,CPE,2010-07-22,207275.00
4679,CPE,2010-07-23,206375.00
4680,CPE,2010-07-26,201425.00
4681,CPE,2010-07-27,201875.00
4682,CPE,2010-07-28,205925.00
4683,CPE,2010-07-29,204575.00
4684,CPE,2010-07-30,206375.00
4685,CPE,2010-08-02,205475.00
4686,CPE,2010-08-03,205925.00
4687,CPE,2010-08-04,204125.00
4688,CPE,2010-08-05,206825.00
4689,CPE,2010-08-06,208625.00
4690,CPE,2010-08-09,208625.00
4691,CPE,2010-08-10,215600.00
4692,CPE,2010-08-11,212000.00
4693,CPE,2010-08-12,214250.00
4694,CPE,2010-08-13,210200.00
4695,CPE,2010-08-16,213800.00
4696,CPE,2010-08-17,216950.00
4697,CPE,2010-08-18,214700.00
4698,CPE,2010-08-19,215600.00
4699,CPE,2010-08-20,215150.00
4700,CPE,2010-08-23,213800.00
4701,CPE,2010-09-09,217400.00
4702,CPE,2010-09-10,216050.00
4703,CPE,2010-09-13,212000.00
4704,CPE,2010-09-14,216500.00
4705,CPE,2010-09-15,216950.00
4706,CPE,2010-09-16,216950.00
4707,CPE,2010-09-17,211550.00
4708,CPE,2010-09-20,212000.00
4709,CPE,2010-09-21,214250.00
4710,CPE,2010-09-22,215600.00
4711,CPE,2010-09-23,215150.00
4712,CPE,2010-09-24,214700.00
4713,CPE,2010-09-27,214250.00
4714,CPE,2010-09-28,214700.00
4715,CPE,2010-09-29,215600.00
4716,CPE,2010-09-30,215600.00
4717,CPE,2010-10-01,215600.00
4718,CPE,2010-10-04,217400.00
4719,CPE,2010-10-05,214025.00
4720,CPE,2010-10-06,214925.00
4721,CPE,2010-10-07,214700.00
4722,CPE,2010-10-08,218360.00
4723,CPE,2010-10-11,216305.00
4724,CPE,2010-10-12,215850.00
4725,CPE,2010-10-13,216305.00
4726,CPE,2010-10-14,217215.00
4727,CPE,2010-10-15,217215.00
4728,CPE,2010-10-18,218580.00
4729,CPE,2010-10-19,220400.00
4730,CPE,2010-10-20,219945.00
4731,CPE,2010-10-21,220855.00
4732,CPE,2010-10-22,223130.00
4733,CPE,2010-10-25,221765.00
4734,CPE,2010-10-26,221310.00
4735,CPE,2010-10-27,222675.00
4736,CPE,2010-10-28,223130.00
4737,CPE,2010-10-29,222220.00
4738,CPE,2010-11-01,224950.00
4739,CPE,2010-11-02,222220.00
4740,CPE,2010-11-03,224040.00
4741,CPE,2010-11-04,219945.00
4742,CPE,2010-11-05,220627.50
4743,CPE,2010-11-08,219035.00
4744,CPE,2010-11-09,223585.00
4745,CPE,2011-01-10,224935.00
4746,CPE,2011-01-11,227185.00
4747,CPE,2011-01-12,227185.00
4748,CPE,2011-01-13,230335.00
4749,CPE,2011-01-14,227635.00
4750,CPE,2011-01-18,228085.00
4751,CPE,2011-01-19,232135.00
4752,CPE,2011-01-20,230785.00
4753,CPE,2011-01-21,229885.00
4754,CPE,2011-01-24,235285.00
4755,CPE,2011-01-25,237085.00
4756,CPE,2011-01-26,233485.00
4757,CPE,2011-01-27,234385.00
4758,CPE,2011-01-28,237535.00
4759,CPE,2011-01-31,236635.00
4760,CPE,2011-02-01,233485.00
4761,CPE,2011-02-02,234835.00
4762,CPE,2011-02-03,234835.00
4763,CPE,2011-02-04,234835.00
4764,CPE,2011-02-07,234385.00
4765,CPE,2011-02-08,234835.00
4766,CPE,2011-02-09,233935.00
4767,CPE,2011-02-10,233035.00
4768,CPE,2011-02-11,230560.00
4769,CPE,2011-03-11,230560.00
4770,CPE,2011-03-14,231490.00
4771,CPE,2011-03-15,224515.00
4772,CPE,2011-03-16,229165.00
4773,CPE,2011-03-17,231025.00
4774,CPE,2011-03-18,229630.00
4775,CPE,2011-03-21,235675.00
4776,CPE,2011-03-22,236605.00
4777,CPE,2011-03-23,235210.00
4778,CPE,2011-03-24,235675.00
4779,CPE,2011-03-25,236140.00
4780,CPE,2011-03-28,235675.00
4781,CPE,2011-03-29,235675.00
4782,CPE,2011-03-30,235675.00
4783,CPE,2011-03-31,235675.00
4784,CPE,2011-04-01,235675.00
4785,CPE,2011-04-04,238000.00
4786,CPE,2011-04-05,236372.50
4787,CPE,2011-04-06,237070.00
4788,CPE,2011-04-07,235487.50
4789,CPE,2011-04-08,239177.50
4790,CPE,2011-04-11,243070.00
4791,CPE,2011-04-12,246790.00
4792,CPE,2011-04-13,251087.50
4793,CPE,2011-04-14,253322.50
4794,CPE,2011-04-15,250982.50
4795,CPE,2011-04-18,255482.50
4796,CPE,2011-04-19,257732.50
4797,CPE,2011-04-20,254582.50
4798,CPE,2011-04-21,253232.50
4799,CPE,2011-04-25,254132.50
4800,CPE,2011-04-26,251432.50
4801,CPE,2011-04-27,253232.50
4802,CPE,2011-04-28,252782.50
4803,CPE,2011-04-29,250532.50
4804,CPE,2011-05-02,253232.50
4805,CPE,2011-05-03,254132.50
4806,CPE,2011-05-04,259532.50
4807,CPE,2011-05-05,257277.50
4808,CPE,2011-05-06,262207.50
4809,CPE,2011-05-09,267582.50
4810,CPE,2011-05-10,263132.50
4811,CPE,2011-05-11,267582.50
4812,CPE,2011-05-12,265802.50
4813,CPE,2011-05-13,265802.50
4814,CPE,2011-05-16,267582.50
4815,CPE,2011-05-17,270697.50
4816,CPE,2011-05-18,274257.50
4817,CPE,2011-05-19,271142.50
4818,CPE,2011-05-20,271587.50
4819,CPE,2011-05-23,273367.50
4820,CPE,2011-05-24,275147.50
4821,CPE,2011-05-25,276037.50
4822,CPE,2011-05-26,277372.50
4823,CPE,2011-05-27,276482.50
4824,CPE,2011-05-31,274257.50
4825,CPE,2011-06-01,279597.50
4826,CPE,2011-06-02,278262.50
4827,CPE,2011-06-03,283602.50
4828,CPE,2011-08-11,282572.50
4829,CPE,2011-08-12,288237.50
4830,CPE,2011-08-15,296992.50
4831,CPE,2011-08-16,283087.50
4832,CPE,2011-08-17,289267.50
4833,CPE,2011-08-18,281027.50
4834,CPE,2011-08-19,286692.50
4835,CPE,2011-08-22,287722.50
4836,CPE,2011-08-23,287207.50
4837,CPE,2011-08-24,290297.50
4838,CPE,2011-08-25,286177.50
4839,CPE,2011-08-26,289267.50
4840,CPE,2011-08-29,291327.50
4841,CPE,2011-08-30,291327.50
4842,CPE,2011-08-31,292357.50
4843,CPE,2011-09-01,293387.50
4844,CPE,2011-09-02,293902.50
4845,CPE,2011-09-06,292872.50
4846,CPE,2011-09-07,293902.50
4847,CPE,2011-09-08,296982.50
4848,CPE,2011-09-09,288317.50
4849,CPE,2011-09-12,288772.50
4850,CPE,2011-09-13,282257.50
4851,CPE,2011-09-14,296932.50
4852,CPE,2011-09-15,299457.50
4853,CPE,2011-09-16,297437.50
4854,CPE,2011-09-19,295922.50
4855,CPE,2011-09-20,296427.50
4856,CPE,2011-09-21,295922.50
4857,CPE,2011-09-22,284307.50
4858,CPE,2011-10-06,283792.50
4859,CPE,2011-10-07,283792.50
4860,CPE,2011-10-10,286367.50
4861,CPE,2011-10-11,286367.50
4862,CPE,2011-10-12,289972.50
4863,CPE,2011-10-13,288427.50
4864,CPE,2011-10-14,291002.50
4865,CPE,2011-10-17,287397.50
4866,CPE,2011-10-18,289457.50
4867,CPE,2011-10-19,286367.50
4868,CPE,2011-10-20,289457.50
4869,CPE,2011-10-21,291002.50
4870,CPE,2011-10-24,291517.50
4871,CPE,2011-10-25,290487.50
4872,CPE,2011-10-26,292032.50
4873,CPE,2011-10-27,293577.50
4874,CPE,2011-10-28,291517.50
4875,CPE,2011-10-31,292547.50
4876,CPE,2011-11-01,289457.50
4877,CPE,2011-11-02,291517.50
4878,CPE,2011-11-03,291517.50
4879,CPE,2011-11-04,293062.50
4880,CPE,2011-11-07,292032.50
4881,CPE,2011-11-08,293062.50
4882,CPE,2011-11-10,287617.50
4883,CPE,2011-11-11,289597.50
4884,CPE,2011-11-14,290092.50
4885,CPE,2011-11-15,291577.50
4886,CPE,2011-11-16,292567.50
4887,CPE,2011-11-17,287122.50
4888,CPE,2011-11-18,290092.50
4889,CPE,2011-11-21,289597.50
4890,CPE,2011-11-22,290092.50
4891,CPE,2011-11-23,288112.50
4892,CPE,2011-12-08,277772.50
4893,CPE,2011-12-09,282002.50
4894,CPE,2011-12-12,282942.50
4895,CPE,2011-12-13,280122.50
4896,CPE,2011-12-14,280592.50
4897,CPE,2012-01-05,278732.50
4898,CPE,2012-01-06,281522.50
4899,CPE,2012-01-09,282917.50
4900,CPE,2012-01-10,282452.50
4901,CPE,2012-01-11,283847.50
4902,CPE,2012-01-12,282917.50
4903,CPE,2012-01-13,282452.50
4904,CPE,2012-01-17,281522.50
4905,CPE,2012-01-18,282452.50
4906,CPE,2012-01-19,283382.50
4907,CPE,2012-01-20,283847.50
4908,CPE,2012-01-23,285242.50
4909,CPE,2012-01-24,287102.50
4910,CPE,2012-01-25,285242.50
4911,CPE,2012-01-26,285707.50
4912,CPE,2012-01-27,285707.50
4913,CPE,2012-01-30,285707.50
4914,CPE,2012-01-31,287567.50
4915,CPE,2012-02-01,284312.50
4916,CPE,2012-02-02,284080.00
4917,CPE,2012-02-03,281522.50
4918,CPE,2012-02-13,282917.50
4919,CPE,2012-02-14,281987.50
4920,CPE,2012-02-15,282452.50
4921,CPE,2012-02-16,283382.50
4922,CPE,2012-02-17,283847.50
4923,CPE,2012-02-21,286172.50
4924,CPE,2012-02-22,287102.50
4925,CPE,2012-02-23,287102.50
4926,CPE,2012-02-24,286637.50
4927,CPE,2012-02-27,285707.50
4928,CPE,2012-02-28,288032.50
4929,CPE,2012-02-29,289427.50
4930,CPE,2012-03-01,289427.50
4931,CPE,2012-03-02,294542.50
4932,CPE,2012-03-05,294542.50
4933,CPE,2012-03-06,297332.50
4934,CPE,2012-03-07,298727.50
4935,CPE,2012-03-08,296417.50
4936,CPE,2012-03-09,296417.50
4937,CPE,2012-03-12,300527.50
4938,CPE,2012-03-13,296372.50
4939,CPE,2012-03-14,296867.50
4940,CPE,2012-03-15,294572.50
4941,CPE,2012-03-16,299117.50
4942,CPE,2012-03-19,295660.00
4943,CPE,2012-03-20,300047.50
4944,CPE,2012-03-21,301397.50
4945,CPE,2012-03-22,302297.50
4946,CPE,2012-03-23,304097.50
4947,CPE,2012-03-26,300947.50
4948,CPE,2012-03-27,300497.50
4949,CPE,2012-03-28,301397.50
4950,CPE,2012-03-29,301847.50
4951,CPE,2012-03-30,303197.50
4952,CPE,2012-04-02,301397.50
4953,CPE,2012-04-03,303647.50
4954,CPE,2012-04-04,306797.50
4955,CPE,2012-04-05,309497.50
4956,CPE,2012-04-09,310847.50
4957,CPE,2012-04-10,306797.50
4958,CPE,2012-04-11,310847.50
4959,CPE,2012-04-12,307247.50
4960,CPE,2012-04-13,312647.50
4961,CPE,2012-04-16,313097.50
4962,CPE,2012-04-17,311297.50
4963,CPE,2012-04-18,317597.50
4964,CPE,2012-04-19,319847.50
4965,CPE,2012-04-20,319847.50
4966,CPE,2012-04-23,322097.50
4967,CPE,2012-04-24,321647.50
4968,CPE,2012-04-25,323897.50
4969,CPE,2012-04-26,325247.50
4970,CPE,2012-04-27,322547.50
4971,CPE,2012-04-30,323447.50
4972,CPE,2012-05-01,326147.50
4973,CPE,2012-05-02,325697.50
4974,CPE,2012-05-03,327497.50
4975,CPE,2012-05-04,331097.50
4976,CPE,2012-05-07,333797.50
4977,CPE,2012-05-10,334697.50
4978,CPE,2012-05-11,332897.50
4979,CPE,2012-05-14,334697.50
4980,CPE,2012-05-15,332897.50
4981,CPE,2012-05-16,331997.50
4982,CPE,2012-05-17,332897.50
4983,CPE,2012-05-18,329297.50
4984,CPE,2012-06-07,329757.50
4985,CPE,2012-06-08,329297.50
4986,CPE,2012-06-11,330677.50
4987,CPE,2012-06-12,329757.50
4988,CPE,2012-06-13,328377.50
4989,CPE,2012-06-14,330217.50
4990,CPE,2013-06-06,328417.50
4991,CPE,2013-06-07,332017.50
4992,CPE,2013-06-10,332017.50
4993,CPE,2013-06-11,331117.50
4994,CPE,2013-06-12,329767.50
4995,CPE,2013-06-13,330217.50
4996,CPE,2013-06-14,332017.50
4997,CPE,2013-06-17,332467.50
4998,CPE,2013-06-18,331567.50
4999,CPE,2013-06-19,335167.50
5000,CPE,2013-06-20,333367.50
5001,CPE,2013-06-21,335167.50
5002,CPE,2013-06-24,335617.50
5003,CPE,2013-06-25,336967.50
5004,CPE,2013-06-26,339217.50
5005,CPE,2013-06-27,336067.50
5006,CPE,2013-06-28,336517.50
5007,CPE,2013-07-01,337417.50
5008,CPE,2013-07-02,337417.50
5009,CPE,2013-07-03,337417.50
5010,CPE,2013-07-05,336517.50
5011,CPE,2013-07-08,334267.50
5012,CPE,2013-07-09,333367.50
5013,CPE,2013-09-05,332017.50
5014,CPE,2013-09-06,332917.50
5015,CPE,2013-09-09,335617.50
5016,CPE,2013-09-10,333367.50
5017,CPE,2013-09-11,331567.50
5018,CPE,2013-09-12,334267.50
5019,CPE,2013-09-13,334267.50
5020,CPE,2013-09-16,332467.50
5021,CPE,2013-09-17,334267.50
5022,CPE,2013-09-18,333817.50
5023,CPE,2013-09-19,332917.50
5024,CPE,2013-09-20,332467.50
5025,CPE,2013-09-23,331117.50
5026,CPE,2013-09-24,332467.50
5027,CPE,2013-09-25,334267.50
5028,CPE,2013-09-26,333367.50
5029,CPE,2013-09-27,332017.50
5030,CPE,2013-09-30,332467.50
5031,CPE,2013-10-01,331117.50
5032,CPE,2013-10-02,332917.50
5033,CPE,2013-10-03,332017.50
5034,CPE,2013-10-04,332467.50
5035,CPE,2013-10-07,334267.50
5036,CPE,2013-10-08,336967.50
5037,CPE,2013-10-10,338362.50
5038,CPE,2013-10-11,338827.50
5039,CPE,2013-10-14,338827.50
5040,CPE,2013-10-15,342547.50
5041,CPE,2013-10-16,338362.50
5042,CPE,2013-10-17,342547.50
5043,CPE,2013-10-18,337897.50
5044,CPE,2013-10-21,339757.50
5045,CPE,2013-10-22,339757.50
5046,CPE,2013-10-23,340687.50
5047,CPE,2013-10-24,339292.50
5048,CPE,2013-10-25,339525.00
5049,CPE,2013-10-28,339525.00
5050,CPE,2013-10-29,338362.50
5051,CPE,2013-10-30,341385.00
5052,CPE,2013-10-31,341617.50
5053,CPE,2013-11-01,344872.50
5054,CPE,2013-11-04,342082.50
5055,CPE,2013-11-05,342780.00
5056,CPE,2013-11-06,346035.00
5057,CPE,2013-11-07,349987.50
5058,CPE,2013-11-08,344640.00
5059,CPE,2013-11-11,343477.50
5060,CPE,2013-11-12,342315.00
5061,CPE,2014-02-06,349245.00
5062,CPE,2014-02-07,351225.00
5063,CPE,2014-02-10,352710.00
5064,CPE,2014-02-11,350730.00
5065,CPE,2014-02-12,350730.00
5066,CPE,2014-02-13,349740.00
5067,CPE,2014-02-14,350235.00
5068,CPE,2014-02-18,346770.00
5069,CPE,2014-02-19,350730.00
5070,CPE,2014-02-20,344790.00
5071,CPE,2014-02-21,349245.00
5072,CPE,2014-02-24,344295.00
5073,CPE,2014-02-25,348255.00
5074,CPE,2014-02-26,344790.00
5075,CPE,2014-02-27,346275.00
5076,CPE,2014-02-28,347760.00
5077,CPE,2014-03-03,350235.00
5078,CPE,2014-03-04,344542.50
5079,CPE,2014-03-06,345472.50
5080,CPE,2014-03-07,348262.50
5081,CPE,2014-03-10,350122.50
5082,CPE,2014-03-11,345007.50
5083,CPE,2014-03-12,348727.50
5084,CPE,2014-03-13,345937.50
5085,CPE,2014-03-14,343147.50
5086,CPE,2014-03-17,347797.50
5087,CPE,2014-03-18,347332.50
5088,CPE,2014-03-19,350122.50
5089,CPE,2014-03-20,349657.50
5090,CPE,2014-03-21,349657.50
5091,CPE,2014-03-24,349192.50
5092,CPE,2014-03-25,353377.50
5093,CPE,2014-03-26,352912.50
5094,CPE,2014-04-10,351032.50
5095,CPE,2014-04-11,348212.50
5096,CPE,2014-05-08,344072.50
5097,CPE,2014-05-09,349132.50
5098,CPE,2014-05-12,349132.50
5099,CPE,2014-05-13,352352.50
5100,CPE,2014-05-14,350052.50
5101,CPE,2014-05-15,350512.50
5102,CPE,2014-05-16,351432.50
5103,CPE,2014-05-19,352352.50
5104,CPE,2014-05-20,352352.50
5105,CPE,2014-05-21,353732.50
5106,CPE,2014-05-22,354652.50
5107,CPE,2014-05-23,355572.50
5108,CPE,2014-05-27,350972.50
5109,CPE,2014-05-28,352352.50
5110,CPE,2014-05-29,352352.50
5111,CPE,2014-05-30,353272.50
5112,CPE,2014-06-02,354192.50
5113,CPE,2014-06-03,355112.50
5114,CPE,2014-06-04,354192.50
5115,CPE,2014-06-05,354842.50
5116,CPE,2014-06-06,352762.50
5117,CPE,2014-06-09,347982.50
5118,CPE,2014-06-10,349802.50
5119,CPE,2014-06-11,349802.50
5120,CPE,2014-06-12,348002.50
5121,CPE,2014-06-13,347102.50
5122,CPE,2014-06-16,349352.50
5123,CPE,2014-06-17,348452.50
5124,CPE,2014-06-18,352952.50
5125,CPE,2014-06-19,351152.50
5126,CPE,2014-06-20,348902.50
5127,CPE,2014-06-23,349352.50
5128,CPE,2014-06-24,351602.50
5129,CPE,2014-06-25,349352.50
5130,CPE,2014-06-26,350702.50
5131,CPE,2014-06-27,349802.50
5132,CPE,2014-06-30,350252.50
5133,CPE,2014-07-01,348002.50
5134,CPE,2014-07-11,348902.50
5135,CPE,2014-07-14,343052.50
5136,CPE,2014-07-15,350252.50
5137,CPE,2014-07-16,347552.50
5138,CPE,2014-07-17,347552.50
5139,CPE,2014-07-18,349802.50
5140,CPE,2014-07-21,349352.50
5141,CPE,2014-07-22,351602.50
5142,CPE,2014-07-23,352052.50
5143,CPE,2014-07-24,355652.50
5144,CPE,2014-07-25,352052.50
5145,CPE,2014-07-28,353852.50
5146,CPE,2014-07-29,351152.50
5147,CPE,2014-07-30,357452.50
5148,CPE,2014-07-31,351602.50
5149,CPE,2014-08-01,353852.50
5150,CPE,2014-08-07,351502.50
5151,CPE,2014-08-08,354322.50
5152,CPE,2014-08-11,355262.50
5153,CPE,2014-08-12,357612.50
5154,CPE,2014-08-13,358082.50
5155,CPE,2014-08-14,358552.50
5156,CPE,2014-08-15,359962.50
5157,CPE,2014-08-18,359492.50
5158,CPE,2014-08-19,359962.50
5159,CPE,2014-08-20,359022.50
5160,CPE,2014-08-21,360432.50
5161,CPE,2014-08-22,360902.50
5162,CPE,2014-08-25,359962.50
5163,CPE,2014-08-26,360432.50
5164,CPE,2014-08-27,360902.50
5165,CPE,2014-08-28,362782.50
5166,CPE,2014-08-29,359962.50
5167,CPE,2014-09-02,359022.50
5168,CPE,2014-09-03,361372.50
5169,CPE,2014-09-04,361372.50
5170,CPE,2014-09-05,362312.50
5171,CPE,2014-09-08,361842.50
5172,CPE,2014-09-09,365602.50
5173,CPE,2014-09-10,364662.50
5174,CPE,2014-09-11,361962.50
5175,CPE,2014-09-12,363312.50
5176,CPE,2014-09-15,364212.50
5177,CPE,2014-09-16,365112.50
5178,CPE,2014-09-17,366912.50
5179,CPE,2014-09-18,366912.50
5180,CPE,2014-09-19,367362.50
5181,CPE,2014-09-22,366912.50
5182,CPE,2014-09-23,365562.50
5183,CPE,2014-09-24,365112.50
5184,CPE,2014-09-25,365562.50
5185,CPE,2014-10-09,361377.50
5186,CPE,2014-10-10,359982.50
5187,CPE,2014-11-06,359072.50
5188,CPE,2014-11-07,360892.50
5189,CPE,2014-11-10,363167.50
5190,CPE,2014-11-11,363622.50
5191,CPE,2014-11-12,360437.50
5192,CPE,2014-11-13,364987.50
5193,CPE,2014-11-14,365442.50
5194,CPE,2014-11-17,364987.50
5195,CPE,2014-11-18,364532.50
5196,CPE,2014-11-19,366352.50
5197,CPE,2014-11-20,366352.50
5198,CPE,2014-11-21,366352.50
5199,CPE,2014-11-24,365897.50
5200,CPE,2014-11-25,368172.50
5201,CPE,2014-11-26,365897.50
5202,CPE,2014-11-28,366807.50
5203,CPE,2014-12-01,368627.50
5204,CPE,2014-12-02,369537.50
5205,CPE,2014-12-03,367262.50
5206,CPE,2014-12-04,370447.50
5207,CPE,2014-12-05,369082.50
5208,CPE,2014-12-08,370902.50
5209,CPE,2014-12-09,368637.50
5210,CPE,2014-12-10,368607.50
5211,CPE,2014-12-11,362177.50
5212,CPE,2014-12-12,365362.50
5213,CPE,2014-12-15,363562.50
5214,CPE,2014-12-16,366717.50
5215,CPE,2014-12-17,369497.50
5216,CPE,2014-12-18,368162.50
5217,CPE,2014-12-19,364047.50
5218,CPE,2014-12-22,365185.00
5219,CPE,2014-12-23,367510.00
5220,CPE,2014-12-24,368440.00
5221,CPE,2014-12-26,368440.00
5222,CPE,2014-12-29,367975.00
5223,CPE,2014-12-30,367045.00
5224,CPE,2014-12-31,365650.00
5225,CPE,2015-01-02,367510.00
5226,CPE,2015-01-05,368440.00
5227,CPE,2015-01-06,367925.00
5228,CPE,2015-01-07,372650.00
5229,CPE,2015-01-08,373655.00
5230,CPE,2015-01-09,372750.00
5231,CPE,2015-01-12,372725.00
5232,CPE,2015-01-13,368880.00
5233,CPE,2015-01-14,370690.00
5234,CPE,2015-01-15,372550.00
5235,CPE,2015-01-16,379675.00
5236,CPE,2015-01-20,379335.00
5237,CPE,2015-01-21,385040.00
5238,CPE,2015-01-22,386460.00
5239,CPE,2015-01-23,386460.00
5240,CPE,2015-01-26,387440.00
5241,CPE,2015-01-27,385970.00
5242,CPE,2015-01-28,386950.00
5243,CPE,2015-01-29,389890.00
5244,CPE,2015-01-30,380580.00
5245,CPE,2015-02-02,386460.00
5246,CPE,2015-02-03,390380.00
5247,CPE,2015-02-04,390870.00
5248,CPE,2015-02-05,389400.00
5249,CPE,2015-02-06,389890.00
5250,CPE,2015-02-09,393320.00
5251,CPE,2015-02-10,394300.00
5252,CPE,2015-02-11,393810.00
5253,CPE,2015-02-12,396260.00
5254,CPE,2015-02-13,396260.00
5255,CPE,2015-02-17,396750.00
5256,CPE,2015-02-18,398710.00
5257,CPE,2015-02-19,396260.00
5258,CPE,2015-02-20,398220.00
5259,CPE,2015-02-23,398220.00
5260,CPE,2015-02-24,398710.00
5261,CPE,2015-02-25,399690.00
5262,CPE,2015-02-26,396750.00
5263,CPE,2015-02-27,398710.00
5264,CPE,2015-03-02,398710.00
5265,CPE,2015-03-03,400670.00
5266,CPE,2015-03-04,401580.00
5267,CPE,2015-03-05,400845.00
5268,CPE,2015-03-06,406375.00
5269,CPE,2015-03-09,402630.00
5270,CPE,2015-03-10,398535.00
5271,CPE,2015-03-11,403085.00
5272,CPE,2015-03-12,403540.00
5273,CPE,2015-03-13,401720.00
5274,CPE,2015-03-16,402630.00
5275,CPE,2015-03-17,403085.00
5276,CPE,2015-03-18,403085.00
5277,CPE,2015-03-19,405815.00
5278,CPE,2015-03-20,402175.00
5279,CPE,2015-03-23,405360.00
5280,CPE,2015-03-24,405360.00
5281,CPE,2015-03-25,406725.00
5282,CPE,2015-03-26,407180.00
5283,CPE,2015-03-27,409000.00
5284,CPE,2015-03-30,407180.00
5285,CPE,2015-03-31,406270.00
5286,CPE,2015-04-01,406725.00
5287,CPE,2015-04-02,405815.00
5288,CPE,2015-04-06,406725.00
5289,CPE,2015-04-07,410465.00
5290,CPE,2015-04-08,411395.00
5291,CPE,2015-04-09,413295.00
5292,CPE,2015-04-10,413770.00
5293,CPE,2015-04-13,413295.00
5294,CPE,2015-04-14,416620.00
5295,CPE,2015-04-15,415195.00
5296,CPE,2015-04-16,413770.00
5297,CPE,2015-04-17,414720.00
5298,CPE,2015-04-20,415195.00
5299,CPE,2015-04-21,416620.00
5300,CPE,2015-04-22,415195.00
5301,CPE,2015-04-23,417095.00
5302,CPE,2015-04-24,417570.00
5303,CPE,2015-04-27,422320.00
5304,CPE,2015-04-28,419470.00
5305,CPE,2015-04-29,417095.00
5306,CPE,2015-04-30,418045.00
5307,CPE,2015-05-05,416205.00
5308,CPE,2015-05-06,415285.00
5309,CPE,2015-05-07,416205.00
5310,CPE,2015-05-08,419885.00
5311,CPE,2015-05-11,419885.00
5312,CPE,2015-05-12,419885.00
5313,CPE,2015-05-13,421725.00
5314,CPE,2015-05-14,420805.00
5315,CPE,2015-05-15,420805.00
5316,CPE,2015-05-18,421265.00
5317,CPE,2015-05-19,423105.00
5318,CPE,2015-05-20,422645.00
5319,CPE,2015-05-21,423565.00
5320,CPE,2015-05-22,423565.00
5321,CPE,2015-05-26,425405.00
5322,CPE,2015-05-27,424945.00
5323,CPE,2015-05-28,424945.00
5324,CPE,2015-05-29,425405.00
5325,CPE,2015-06-01,423105.00
5326,CPE,2015-06-02,425405.00
5327,CPE,2015-06-03,421725.00
5328,CPE,2015-06-04,424025.00
5329,CPE,2015-06-05,424485.00
5330,CPE,2015-06-08,424485.00
5331,CPE,2015-06-09,427720.00
5332,CPE,2015-06-10,424515.00
5333,CPE,2015-06-11,424515.00
5334,CPE,2015-06-12,424980.00
5335,CPE,2015-06-15,424515.00
5336,CPE,2015-06-16,421260.00
5337,CPE,2015-06-17,422190.00
5338,CPE,2015-06-18,423120.00
5339,CPE,2015-06-19,425445.00
5340,CPE,2015-06-22,426375.00
5341,CPE,2015-06-23,426840.00
5342,CPE,2015-06-24,425910.00
5343,CPE,2015-06-25,425910.00
5344,CPE,2015-06-26,425445.00
5345,CPE,2015-06-29,422655.00
5346,CPE,2015-06-30,424980.00
5347,CPE,2015-07-01,428235.00
5348,CPE,2015-07-02,427770.00
5349,CPE,2015-07-06,424515.00
5350,CPE,2015-07-07,427335.00
5351,CPE,2015-07-08,427305.00
5352,CPE,2015-07-09,430620.00
5353,CPE,2015-07-10,436410.00
5354,CPE,2015-07-13,440220.00
5355,CPE,2015-07-14,442110.00
5356,CPE,2015-07-15,442545.00
5357,CPE,2015-07-16,444525.00
5358,CPE,2015-07-17,451185.00
5359,CPE,2015-07-20,452670.00
5360,CPE,2015-07-21,452175.00
5361,CPE,2015-07-22,453165.00
5362,CPE,2015-07-23,455145.00
5363,CPE,2015-07-24,456135.00
5364,CPE,2015-07-27,453165.00
5365,CPE,2015-07-28,461085.00
5366,CPE,2015-08-04,461085.00
5367,CPE,2015-08-05,459285.00
5368,CPE,2015-08-06,459735.00
5369,CPE,2015-08-07,461535.00
5370,CPE,2015-08-10,461535.00
5371,CPE,2015-08-11,456585.00
5372,CPE,2015-08-12,459735.00
5373,CPE,2015-08-13,460635.00
5374,CPE,2015-08-14,461085.00
5375,CPE,2015-08-17,466485.00
5376,CPE,2015-08-18,465135.00
5377,CPE,2015-08-19,463785.00
5378,CPE,2015-08-20,458835.00
5379,CPE,2015-09-09,462475.00
5380,CPE,2015-09-10,459355.00
5381,CPE,2015-09-11,465075.00
5382,CPE,2015-09-14,461955.00
5383,CPE,2015-09-15,464555.00
5384,CPE,2015-09-16,467155.00
5385,CPE,2015-09-17,470275.00
5386,CPE,2015-09-18,464035.00
5387,CPE,2015-09-21,471835.00
5388,CPE,2015-09-22,468195.00
5389,CPE,2015-09-23,468715.00
5390,CPE,2015-09-24,466115.00
5391,CPE,2015-09-25,467155.00
5392,CPE,2015-09-28,461955.00
5393,CPE,2015-10-08,462915.00
5394,CPE,2015-10-09,464835.00
5395,CPE,2015-10-12,467235.00
5396,CPE,2015-10-13,464835.00
5397,CPE,2015-10-14,463875.00
5398,CPE,2015-10-15,467715.00
5399,CPE,2015-10-16,466755.00
5400,CPE,2015-10-19,468195.00
5401,CPE,2015-10-20,468675.00
5402,CPE,2015-10-21,468675.00
5403,CPE,2015-10-22,470115.00
5404,CPE,2015-10-23,470595.00
5405,CPE,2015-10-26,471075.00
5406,CPE,2015-10-27,471075.00
5407,CPE,2015-10-28,472515.00
5408,CPE,2015-10-29,472515.00
5409,CPE,2015-10-30,473955.00
5410,CPE,2015-11-02,469155.00
5411,CPE,2015-11-03,469180.00
5412,CPE,2015-11-04,467410.00
5413,CPE,2015-11-05,467335.00
5414,CPE,2015-11-06,469180.00
5415,CPE,2015-11-09,471505.00
5416,CPE,2015-11-10,469660.00
5417,CPE,2015-11-11,469660.00
5418,CPE,2015-11-12,470115.00
5419,CPE,2015-11-13,465565.00
5420,CPE,2015-11-16,468295.00
5421,CPE,2015-11-17,476485.00
5422,CPE,2015-11-18,471935.00
5423,CPE,2015-11-19,472845.00
5424,CPE,2015-11-20,471025.00
5425,CPE,2015-11-23,476940.00
5426,CPE,2015-11-24,475575.00
5427,CPE,2015-11-25,476485.00
5428,CPE,2015-11-27,473755.00
5429,CPE,2015-11-30,477395.00
5430,CPE,2015-12-01,476030.00
5431,CPE,2015-12-02,479215.00
5432,CPE,2015-12-03,477850.00
5433,CPE,2015-12-04,480125.00
5434,CPE,2015-12-07,484675.00
5435,CPE,2015-12-08,486495.00
5436,CPE,2015-12-09,482825.00
5437,CPE,2015-12-10,486510.00
5438,CPE,2015-12-11,475030.00
5439,CPE,2016-01-05,474545.00
5440,CPE,2016-01-06,477455.00
5441,CPE,2016-01-07,470180.00
5442,CPE,2016-02-02,467360.00
5443,CPE,2016-02-03,466420.00
5444,CPE,2016-02-04,465480.00
5445,CPE,2016-02-05,461250.00
5446,CPE,2016-03-08,459855.00
5447,CPE,2016-03-09,459855.00
5448,CPE,2016-03-10,459855.00
5449,CPE,2016-03-11,462645.00
5450,CPE,2016-03-14,466365.00
5451,CPE,2016-03-15,465435.00
5452,CPE,2016-03-16,468225.00
5453,CPE,2016-03-17,469620.00
5454,CPE,2016-03-18,469155.00
5455,CPE,2016-03-21,469620.00
5456,CPE,2016-03-22,471480.00
5457,CPE,2016-03-23,470085.00
5458,CPE,2016-03-24,471480.00
5459,CPE,2016-03-28,475200.00
5460,CPE,2016-03-29,472410.00
5461,CPE,2016-03-30,471480.00
5462,CPE,2016-03-31,471945.00
5463,CPE,2016-04-01,471945.00
5464,CPE,2016-04-04,472875.00
5465,CPE,2016-04-05,473385.00
5466,CPE,2016-04-06,473340.00
5467,CPE,2016-04-07,472005.00
5468,CPE,2016-04-08,473850.00
5469,CPE,2016-04-11,476115.00
5470,CPE,2016-04-12,477450.00
5471,CPE,2016-04-13,472800.00
5472,CPE,2016-04-14,473700.00
5473,CPE,2016-04-15,472800.00
5474,CPE,2016-04-18,474150.00
5475,CPE,2016-04-19,474150.00
5476,CPE,2016-04-20,474600.00
5477,CPE,2016-04-21,475050.00
5478,CPE,2016-04-22,473250.00
5479,CPE,2016-04-25,474150.00
5480,CPE,2016-04-26,472350.00
5481,CPE,2016-04-27,473250.00
5482,CPE,2016-04-28,474600.00
5483,CPE,2016-04-29,474600.00
5484,CPE,2016-05-02,474150.00
5485,CPE,2016-05-03,474600.00
5486,CPE,2016-05-04,477750.00
5487,CPE,2016-05-05,479100.00
5488,CPE,2016-05-06,481800.00
5489,CPE,2016-05-09,481800.00
5490,CPE,2016-05-10,482250.00
5491,CPE,2016-05-11,485400.00
5492,CPE,2016-05-12,486750.00
5493,CPE,2016-05-13,489450.00
5494,CPE,2016-05-16,492150.00
5495,CPE,2016-05-17,489900.00
5496,CPE,2016-06-07,490800.00
5497,CPE,2016-06-08,491250.00
5498,CPE,2016-06-09,490800.00
5499,CPE,2016-06-10,487650.00
5500,CPE,2016-06-13,484950.00
5501,CPE,2016-06-14,485400.00
5502,CPE,2016-06-15,485400.00
5503,CPE,2016-06-16,488100.00
5504,CPE,2016-06-17,486300.00
5505,CPE,2016-06-20,491250.00
5506,CPE,2016-06-21,491700.00
5507,CPE,2016-06-22,489450.00
5508,CPE,2016-06-23,492600.00
5509,CPE,2016-06-24,484950.00
5510,CPE,2016-07-06,485415.00
5511,CPE,2016-07-07,484020.00
5512,CPE,2016-07-08,485880.00
5513,CPE,2016-07-11,485415.00
5514,CPE,2016-07-12,483555.00
5515,CPE,2016-07-13,484020.00
5516,CPE,2016-07-14,484485.00
5517,CPE,2016-07-15,484950.00
5518,CPE,2016-07-18,485415.00
5519,CPE,2016-07-19,485415.00
5520,CPE,2016-07-20,484950.00
5521,CPE,2016-07-21,485880.00
5522,CPE,2016-07-22,484485.00
5523,CPE,2016-07-25,484485.00
5524,CPE,2016-07-26,484950.00
5525,CPE,2016-07-27,484485.00
5526,CPE,2016-07-28,484020.00
5527,CPE,2016-07-29,484485.00
5528,CPE,2016-08-01,484950.00
5529,CPE,2016-08-02,486810.00
5530,CPE,2016-08-03,486810.00
5531,CPE,2016-08-04,485647.50
5532,CPE,2016-08-05,483322.50
5533,CPE,2016-08-10,484672.50
5534,CPE,2016-08-11,484672.50
5535,CPE,2016-08-12,485572.50
5536,CPE,2016-08-15,483772.50
5537,CPE,2016-08-16,484672.50
5538,CPE,2016-08-17,485572.50
5539,CPE,2016-08-18,486922.50
5540,CPE,2016-08-19,486472.50
5541,CPE,2016-08-22,486922.50
5542,CPE,2016-08-23,486022.50
5543,CPE,2016-08-24,485572.50
5544,CPE,2016-08-25,486022.50
5545,CPE,2016-08-26,485122.50
5546,CPE,2016-08-29,486022.50
5547,CPE,2016-08-30,485572.50
5548,CPE,2016-08-31,487372.50
5549,CPE,2016-09-01,486022.50
5550,CPE,2016-09-02,485122.50
5551,CPE,2016-09-06,485572.50
5552,CPE,2016-09-07,484212.50
5553,CPE,2016-09-08,486042.50
5554,CPE,2016-09-09,491452.50
5555,CPE,2016-09-12,491452.50
5556,CPE,2016-09-13,487762.50
5557,CPE,2016-09-14,490042.50
5558,CPE,2016-09-15,491412.50
5559,CPE,2016-09-16,494602.50
5560,CPE,2016-09-19,493692.50
5561,CPE,2016-09-20,494602.50
5562,CPE,2016-09-21,494172.50
5563,CPE,2016-09-22,489232.50
5564,CPE,2016-09-23,491072.50
5565,CPE,2016-09-26,491072.50
5566,CPE,2016-09-27,492452.50
5567,CPE,2016-09-28,491072.50
5568,CPE,2016-09-29,491072.50
5569,CPE,2016-09-30,492912.50
5570,CPE,2016-10-03,494752.50
5571,CPE,2016-10-04,490127.50
5572,CPE,2016-10-05,492447.50
5573,CPE,2016-10-06,496602.50
5574,CPE,2016-10-07,495672.50
5575,CPE,2016-10-10,497062.50
5576,CPE,2016-10-11,497047.50
5577,CPE,2016-10-12,498437.50
5578,CPE,2016-10-13,500282.50
5579,CPE,2016-10-14,502582.50
5580,CPE,2016-10-17,501187.50
5581,CPE,2016-10-18,503047.50
5582,CPE,2016-10-19,505837.50
5583,CPE,2016-10-20,507232.50
5584,CPE,2016-10-21,506302.50
5585,CPE,2016-10-24,509557.50
5586,CPE,2016-10-25,511882.50
5587,CPE,2016-10-26,509557.50
5588,CPE,2016-10-27,508162.50
5589,CPE,2016-11-08,507702.50
5590,CPE,2016-11-09,507242.50
5591,CPE,2016-11-10,504942.50
5592,CPE,2016-11-11,503562.50
5593,CPE,2016-11-14,504942.50
5594,CPE,2016-11-15,502642.50
5595,CPE,2016-11-16,503102.50
5596,CPE,2016-11-17,505862.50
5597,CPE,2016-11-18,504482.50
5598,CPE,2016-11-21,502642.50
5599,CPE,2016-11-22,504022.50
5600,CPE,2016-12-06,501697.50
5601,CPE,2016-12-07,502627.50
5602,CPE,2016-12-08,498907.50
5603,CPE,2016-12-09,501232.50
5604,CPE,2016-12-12,503092.50
5605,CPE,2016-12-13,501232.50
5606,CPE,2016-12-14,504487.50
5607,CPE,2016-12-15,504022.50
5608,CPE,2016-12-16,504952.50
5609,CPE,2016-12-19,506347.50
5610,CPE,2016-12-20,505417.50
5611,CPE,2016-12-21,505882.50
5612,CPE,2016-12-22,505882.50
5613,CPE,2016-12-23,505882.50
5614,CPE,2016-12-27,505417.50
5615,CPE,2016-12-28,503557.50
5616,CPE,2016-12-29,506347.50
5617,CPE,2016-12-30,505882.50
5618,CPE,2017-01-03,505882.50
5619,CPE,2017-01-04,506362.50
5620,CPE,2017-01-05,509662.50
5621,CPE,2017-01-06,515302.50
5622,CPE,2017-01-09,519082.50
5623,CPE,2017-01-10,517237.50
5624,CPE,2017-01-11,516277.50
5625,CPE,2017-01-12,517717.50
5626,CPE,2017-01-13,518677.50
5627,CPE,2017-01-17,519637.50
5628,CPE,2017-01-18,523477.50
5629,CPE,2017-01-19,521557.50
5630,CPE,2017-01-20,524437.50
5631,CPE,2017-01-23,524437.50
5632,CPE,2017-01-24,525877.50
5633,CPE,2017-01-25,526837.50
5634,CPE,2017-01-26,527317.50
5635,CPE,2017-01-27,527317.50
5636,CPE,2017-01-30,526357.50
5637,CPE,2017-01-31,524437.50
5638,CPE,2017-02-01,527797.50
5639,CPE,2017-02-02,527317.50
5640,CPE,2017-02-03,526837.50
5641,CPE,2017-02-06,527797.50
5642,CPE,2017-02-07,525067.50
5643,CPE,2017-02-08,527872.50
5644,CPE,2017-02-09,529187.50
5645,CPE,2017-02-10,525397.50
5646,CPE,2017-02-13,528607.50
5647,CPE,2017-02-14,528607.50
5648,CPE,2017-02-15,529062.50
5649,CPE,2017-02-16,529062.50
5650,CPE,2017-02-17,530427.50
5651,CPE,2017-02-21,529062.50
5652,CPE,2017-02-22,529517.50
5653,CPE,2017-02-23,529517.50
5654,CPE,2017-02-24,529517.50
5655,CPE,2017-02-27,529062.50
5656,CPE,2017-02-28,529972.50
5657,CPE,2017-03-01,528152.50
5658,CPE,2017-03-02,530882.50
5659,CPE,2017-03-03,532702.50
5660,CPE,2017-03-06,534522.50
5661,CPE,2017-03-07,538637.50
5662,CPE,2017-03-08,537687.50
5663,CPE,2017-03-09,537657.50
5664,CPE,2017-03-10,544077.50
5665,CPE,2017-03-13,548262.50
5666,CPE,2017-03-14,547767.50
5667,CPE,2017-03-15,553812.50
5668,CPE,2017-03-16,553347.50
5669,CPE,2017-03-17,553347.50
5670,CPE,2017-03-20,554277.50
5671,CPE,2017-03-21,547302.50
5672,CPE,2017-04-05,545052.50
5673,CPE,2017-04-06,547302.50
5674,CPE,2017-04-07,548652.50
5675,CPE,2017-04-10,549552.50
5676,CPE,2017-04-11,550002.50
5677,CPE,2017-04-12,545952.50
5678,CPE,2017-04-13,547302.50
5679,CPE,2017-04-17,550902.50
5680,CPE,2017-04-18,550452.50
5681,CPE,2017-04-19,549552.50
5682,CPE,2017-04-20,549102.50
5683,CPE,2017-04-21,548202.50
5684,CPE,2017-04-24,550902.50
5685,CPE,2017-04-25,547752.50
5686,CPE,2017-04-26,546402.50
5687,CPE,2017-04-27,546852.50
5688,CPE,2017-04-28,550902.50
5689,CPE,2017-05-01,548652.50
5690,CPE,2017-05-02,552252.50
5691,CPE,2017-05-03,555402.50
5692,CPE,2017-05-04,557202.50
5693,CPE,2017-05-05,554052.50
5694,CPE,2017-05-08,554952.50
5695,CPE,2017-05-09,557202.50
5696,CPE,2017-05-10,554502.50
5697,CPE,2017-08-10,553137.50
5698,CPE,2017-08-11,555412.50
5699,CPE,2017-08-14,556322.50
5700,CPE,2017-08-15,559962.50
5701,CPE,2017-08-16,560872.50
5702,CPE,2017-08-17,556777.50
5703,CPE,2017-08-18,557232.50
5704,CPE,2017-08-21,559507.50
5705,CPE,2017-08-22,561327.50
5706,CPE,2017-08-23,558597.50
5707,CPE,2017-08-24,558142.50
5708,CPE,2017-08-25,560872.50
5709,CPE,2017-08-28,561327.50
5710,CPE,2017-08-29,562237.50
5711,CPE,2017-08-30,562692.50
5712,CPE,2017-08-31,561782.50
5713,CPE,2017-09-01,561782.50
5714,CPE,2017-09-05,564057.50
5715,CPE,2017-09-06,561787.50
5716,CPE,2017-09-07,570927.50
5717,CPE,2017-09-08,568182.50
5718,CPE,2017-09-11,564552.50
5719,CPE,2017-09-12,562272.50
5720,CPE,2017-09-13,562272.50
5721,CPE,2017-09-14,565032.50
5722,CPE,2017-09-15,563652.50
5723,CPE,2017-09-18,559972.50
5724,CPE,2017-09-19,563652.50
5725,CPE,2017-09-20,563652.50
5726,CPE,2017-09-21,562272.50
5727,CPE,2017-09-22,561352.50
5728,CPE,2017-09-25,559972.50
5729,CPE,2017-09-26,558592.50
5730,CPE,2017-09-27,557212.50
5731,CPE,2017-09-28,556292.50
5732,CPE,2017-09-29,557212.50
5733,CPE,2017-10-02,557212.50
5734,CPE,2018-02-06,557722.50
5735,CPE,2018-02-07,563842.50
5736,CPE,2018-02-08,556702.50
5737,CPE,2018-02-09,552112.50
5738,CPE,2018-02-12,574552.50
5739,CPE,2018-02-13,563842.50
5740,CPE,2018-02-14,572512.50
5741,CPE,2018-02-15,568942.50
5742,CPE,2018-02-16,566902.50
5743,CPE,2018-02-20,568942.50
5744,CPE,2018-02-21,566392.50
5745,CPE,2018-02-22,567412.50
5746,CPE,2018-02-23,568432.50
5747,CPE,2018-02-26,566392.50
5748,CPE,2018-02-27,567412.50
5749,CPE,2018-02-28,568432.50
5750,CPE,2018-03-01,570982.50
5751,CPE,2018-03-02,571492.50
5752,CPE,2018-03-05,566902.50
5753,CPE,2018-03-06,569302.50
5754,CPE,2018-03-07,565822.50
5755,CPE,2018-03-08,566902.50
5756,CPE,2018-03-09,565342.50
5757,CPE,2018-03-12,566272.50
5758,CPE,2018-03-13,565312.50
5759,CPE,2018-03-14,564352.50
5760,CPE,2018-03-15,564352.50
5761,CPE,2018-03-16,567232.50
5762,CPE,2018-03-19,568192.50
5763,CPE,2018-03-20,568192.50
5764,CPE,2018-03-21,567712.50
5765,CPE,2018-03-22,568672.50
5766,CPE,2018-03-23,559552.50
5767,CPE,2018-03-26,571552.50
5768,CPE,2018-03-27,559552.50
5769,CPE,2018-03-28,572512.50
5770,CPE,2018-03-29,571072.50
5771,CPE,2018-04-02,558112.50
5772,CPE,2018-04-03,559122.50
5773,CPE,2018-04-04,563667.50
5774,CPE,2018-04-05,562152.50
5775,CPE,2018-04-06,562152.50
5776,CPE,2018-04-09,562152.50
5777,CPE,2018-04-10,561647.50
5778,CPE,2018-04-11,562152.50
5779,CPE,2018-04-12,563667.50
5780,CPE,2018-04-13,564172.50
5781,CPE,2018-04-16,563667.50
5782,CPE,2018-04-17,562657.50
5783,CPE,2018-04-18,561647.50
5784,CPE,2018-04-19,563667.50
5785,CPE,2018-04-20,563667.50
5786,CPE,2018-04-23,564172.50
5787,CPE,2018-04-24,565182.50
5788,CPE,2018-04-25,565687.50
5789,CPE,2018-04-26,566697.50
5790,CPE,2018-04-27,566697.50
5791,CPE,2018-04-30,568212.50
5792,CPE,2018-05-01,568212.50
5793,CPE,2018-05-02,566697.50
5794,CPE,2018-05-03,569222.50
5795,CPE,2018-05-04,565687.50
5796,CPE,2018-05-07,563920.00
5797,CPE,2018-05-08,564375.00
5798,CPE,2018-05-09,565285.00
5799,CPE,2018-05-10,565740.00
5800,CPE,2018-05-11,566195.00
5801,CPE,2018-05-14,567105.00
5802,CPE,2018-05-15,567560.00
5803,CPE,2018-05-16,566195.00
5804,CPE,2018-05-17,564375.00
5805,CPE,2018-05-18,563010.00
5806,CPE,2018-05-21,563010.00
5807,CPE,2018-05-22,564375.00
5808,CPE,2018-05-23,563465.00
5809,CPE,2018-05-24,563010.00
5810,CPE,2018-05-25,564375.00
5811,CPE,2018-05-29,562555.00
5812,CPE,2018-05-30,561190.00
5813,CPE,2018-05-31,561190.00
5814,CPE,2018-06-01,560735.00
5815,CPE,2018-06-04,559825.00
5816,CPE,2018-06-05,561645.00
5817,CPE,2018-06-06,558005.00
5818,CPE,2018-06-07,558460.00
5819,CPE,2018-06-08,558460.00
5820,CPE,2018-06-11,558232.50
5821,CPE,2018-07-10,558702.50
5822,CPE,2018-07-11,559172.50
5823,CPE,2018-07-12,557762.50
5824,CPE,2018-07-13,560582.50
5825,CPE,2018-07-16,561052.50
5826,CPE,2018-07-17,564342.50
5827,CPE,2018-07-18,565282.50
5828,CPE,2018-07-19,564812.50
5829,CPE,2018-07-20,564812.50
5830,CPE,2018-07-23,565282.50
5831,CPE,2018-07-24,564812.50
5832,CPE,2018-07-25,567162.50
5833,CPE,2018-07-26,567162.50
5834,CPE,2018-07-27,567162.50
5835,CPE,2018-07-30,567632.50
5836,CPE,2018-08-07,568542.50
5837,CPE,2018-08-08,568542.50
5838,CPE,2018-08-09,568542.50
5839,CPE,2018-08-10,569452.50
5840,CPE,2018-08-13,568542.50
5841,CPE,2018-08-14,569907.50
5842,CPE,2018-08-15,570362.50
5843,CPE,2018-08-16,570362.50
5844,CPE,2018-08-17,571272.50
5845,CPE,2018-08-20,569907.50
5846,CPE,2018-08-21,568542.50
5847,CPE,2018-08-22,567177.50
5848,CPE,2018-08-23,568087.50
5849,CPE,2018-08-24,567632.50
5850,CPE,2018-08-27,568087.50
5851,CPE,2018-08-28,567632.50
5852,CPE,2018-08-29,567177.50
5853,CPE,2018-08-30,567632.50
5854,CPE,2018-08-31,566722.50
5855,CPE,2018-09-04,567177.50
5856,CPE,2018-09-05,569462.50
5857,CPE,2018-09-06,570372.50
5858,CPE,2018-09-07,570827.50
5859,CPE,2018-09-10,571757.50
5860,CPE,2018-09-11,573617.50
5861,CPE,2018-09-12,575477.50
5862,CPE,2018-09-13,576407.50
5863,CPE,2018-09-14,577337.50
5864,CPE,2018-09-17,577802.50
5865,CPE,2018-09-18,579662.50
5866,CPE,2018-09-19,581522.50
5867,CPE,2018-09-20,580127.50
5868,CPE,2018-09-21,586637.50
5869,CPE,2018-09-24,584777.50
5870,CPE,2018-09-25,585242.50
5871,CPE,2018-09-26,584777.50
5872,CPE,2018-09-27,586172.50
5873,CPE,2018-09-28,587102.50
5874,CPE,2018-10-01,576872.50
5875,CPE,2018-10-09,577362.50
5876,CPE,2018-10-10,568542.50
5877,CPE,2018-11-06,569592.50
5878,CPE,2018-11-07,574842.50
5879,CPE,2018-11-08,573792.50
5880,CPE,2018-11-09,572217.50
5881,CPE,2018-11-12,570117.50
5882,CPE,2018-11-13,569592.50
5883,CPE,2018-11-14,568542.50
5884,CPE,2018-12-04,558042.50
5885,CPE,2019-01-02,560222.50
5886,CPE,2019-01-03,556952.50
5887,CPE,2019-01-04,565672.50
5888,CPE,2019-01-07,566217.50
5889,CPE,2019-01-08,567852.50
5890,CPE,2019-01-09,570577.50
5891,CPE,2019-01-10,568397.50
5892,CPE,2019-01-11,572212.50
5893,CPE,2019-01-14,572212.50
5894,CPE,2019-01-15,571667.50
5895,CPE,2019-01-16,571122.50
5896,CPE,2019-01-17,568942.50
5897,CPE,2019-01-18,570032.50
5898,CPE,2019-01-22,572212.50
5899,CPE,2019-01-23,571122.50
5900,CPE,2019-01-24,570032.50
5901,CPE,2019-01-25,571122.50
5902,CPE,2019-01-28,571667.50
5903,CPE,2019-01-29,571667.50
5904,CPE,2019-01-30,570577.50
5905,CPE,2019-01-31,571122.50
5906,CPE,2019-03-05,570657.50
5907,CPE,2019-03-06,566472.50
5908,CPE,2019-03-07,564147.50
5909,CPE,2019-04-09,563672.50
5910,CPE,2019-04-10,563672.50
5911,CPE,2019-04-11,564147.50
5912,CPE,2019-04-12,565097.50
5913,CPE,2019-04-15,565572.50
5914,CPE,2019-04-16,566997.50
5915,CPE,2019-04-17,565572.50
5916,CPE,2019-04-18,567472.50
5917,CPE,2019-04-22,566997.50
5918,CPE,2019-04-23,569372.50
5919,CPE,2019-04-24,570322.50
5920,CPE,2019-04-25,569847.50
5921,CPE,2019-04-26,570322.50
5922,CPE,2019-04-29,570797.50
5923,CPE,2019-04-30,570322.50
5924,CPE,2019-05-01,572222.50
5925,CPE,2019-05-02,570322.50
5926,CPE,2019-05-03,569372.50
5927,CPE,2019-05-06,566997.50
5928,CPE,2019-05-07,555597.50
5929,CPE,2019-05-08,556072.50
5930,CPE,2019-05-09,554172.50
5931,CPE,2019-05-10,560347.50
5932,CPE,2019-05-13,541347.50
5933,CPE,2019-06-04,544437.50
5934,CPE,2019-06-05,543407.50
5935,CPE,2019-06-06,545982.50
5936,CPE,2019-06-07,546497.50
5937,CPE,2019-06-10,547527.50
5938,CPE,2019-06-11,546497.50
5939,CPE,2019-06-12,546497.50
5940,CPE,2019-06-13,548042.50
5941,CPE,2019-06-14,549072.50
5942,CPE,2019-06-17,548557.50
5943,CPE,2019-06-18,548557.50
5944,CPE,2019-06-19,548042.50
5945,CPE,2019-06-20,548042.50
5946,CPE,2019-06-21,549587.50
5947,CPE,2019-06-24,550617.50
5948,CPE,2019-06-25,551132.50
5949,CPE,2019-06-26,550617.50
5950,CPE,2019-06-27,549587.50
5951,CPE,2019-06-28,549072.50
5952,CPE,2019-07-01,549072.50
5953,CPE,2019-07-02,551132.50
5954,CPE,2019-07-03,549072.50
5955,CPE,2019-07-05,549845.00
5956,CPE,2019-07-08,550102.50
5957,CPE,2019-07-09,549622.50
5958,CPE,2019-07-10,551542.50
5959,CPE,2019-07-11,552982.50
5960,CPE,2019-07-12,552982.50
5961,CPE,2019-07-15,552982.50
5962,CPE,2019-07-16,553942.50
5963,CPE,2019-07-17,554422.50
5964,CPE,2019-07-18,553942.50
5965,CPE,2019-07-19,555862.50
5966,CPE,2019-07-22,555862.50
5967,CPE,2019-07-23,555862.50
5968,CPE,2019-07-24,555862.50
5969,CPE,2019-07-25,558742.50
5970,CPE,2019-07-26,557782.50
5971,CPE,2019-07-29,557782.50
5972,CPE,2019-07-30,555382.50
5973,CPE,2019-07-31,552502.50
5974,CPE,2019-08-01,551542.50
5975,CPE,2019-08-02,547702.50
5976,CPE,2019-08-05,539062.50
5977,CPE,2019-08-06,537487.50
5978,CPE,2019-08-07,541162.50
5979,CPE,2019-08-08,543262.50
5980,CPE,2019-08-09,541687.50
5981,CPE,2019-08-12,542212.50
5982,CPE,2019-08-13,542212.50
5983,CPE,2019-08-14,540112.50
5984,CPE,2019-08-15,536962.50
5985,CPE,2019-08-16,542212.50
5986,CPE,2019-08-19,548512.50
5987,CPE,2019-08-20,544312.50
5988,CPE,2019-08-21,545362.50
5989,CPE,2019-08-22,547462.50
5990,CPE,2019-08-23,540112.50
5991,CPE,2019-08-26,541162.50
5992,CPE,2019-08-27,539587.50
5993,CPE,2019-08-28,542212.50
5994,CPE,2019-08-29,546412.50
5995,CPE,2019-08-30,544837.50
5996,CPE,2019-09-03,549562.50
5997,CPE,2019-09-04,549552.50
5998,CPE,2019-09-05,557912.50
5999,CPE,2019-09-06,560527.50
6000,CPE,2019-09-09,557912.50
6001,CPE,2019-09-10,558432.50
6002,CPE,2019-09-11,557912.50
6003,CPE,2019-09-12,559992.50
6004,CPE,2019-09-13,558952.50
6005,CPE,2019-09-16,558952.50
6006,CPE,2019-09-17,558952.50
6007,CPE,2019-09-18,561032.50
6008,CPE,2019-09-19,559472.50
6009,CPE,2019-09-20,561032.50
6010,CPE,2019-09-23,561032.50
6011,CPE,2019-09-24,558952.50
6012,CPE,2019-09-25,559992.50
6013,CPE,2019-09-26,561032.50
6014,CPE,2019-09-27,558952.50
6015,CPE,2019-09-30,561032.50
6016,CPE,2019-10-01,560512.50
6017,CPE,2019-10-02,558952.50
6018,CPE,2019-10-03,561032.50
6019,CPE,2019-10-04,561032.50
6020,CPE,2019-10-07,562072.50
6021,CPE,2019-10-08,553862.50
6022,CPE,2019-10-09,550852.50
6023,CPE,2019-10-10,557992.50
6024,CPE,2019-10-11,558002.50
6025,CPE,2019-10-14,564122.50
6026,CPE,2019-10-15,567182.50
6027,CPE,2019-10-16,568202.50
6028,CPE,2019-10-17,568712.50
6029,CPE,2019-10-18,568202.50
6030,CPE,2019-10-21,569222.50
6031,CPE,2019-10-22,569732.50
6032,CPE,2019-10-23,571262.50
6033,CPE,2019-10-24,570752.50
6034,CPE,2019-10-25,571772.50
6035,CPE,2019-10-28,570752.50
6036,CPE,2019-10-29,569222.50
6037,CPE,2019-10-30,570242.50
6038,CPE,2019-10-31,571772.50
6039,CPE,2019-11-01,570752.50
6040,CPE,2019-11-04,569732.50
6041,CPE,2019-11-05,569732.50
6042,CPE,2019-11-06,570792.50
6043,CPE,2019-11-07,571182.50
6044,CPE,2019-11-08,571652.50
6045,CPE,2019-11-11,572592.50
6046,CPE,2019-11-12,573062.50
6047,CPE,2019-11-13,572122.50
6048,CPE,2019-11-14,572122.50
6049,CPE,2019-11-15,575412.50
6050,CPE,2019-11-18,575412.50
6051,CPE,2019-11-19,574942.50
6052,CPE,2019-11-20,573532.50
6053,CPE,2019-11-21,575412.50
6054,CPE,2019-11-22,577292.50
6055,CPE,2019-11-25,576352.50
6056,CPE,2019-11-26,576822.50
6057,CPE,2019-11-27,575412.50
6058,CPE,2019-11-29,575882.50
6059,CPE,2019-12-02,575412.50
6060,CPE,2019-12-03,572592.50
6061,CPE,2019-12-04,574002.50
6062,CPE,2019-12-05,575882.50
6063,CPE,2019-12-06,575882.50
6064,CPE,2019-12-09,575412.50
6065,CPE,2019-12-10,574922.50
6066,CPE,2019-12-11,574922.50
6067,CPE,2019-12-12,575902.50
6068,CPE,2019-12-13,579822.50
6069,CPE,2019-12-16,580802.50
6070,CPE,2019-12-17,581782.50
6071,CPE,2019-12-18,580802.50
6072,CPE,2019-12-19,580802.50
6073,CPE,2019-12-20,581292.50
6074,CPE,2019-12-23,579332.50
6075,CPE,2019-12-24,579332.50
6076,CPE,2019-12-26,578842.50
6077,CPE,2019-12-27,579822.50
6078,CPE,2019-12-30,579332.50
6079,CPE,2019-12-31,579332.50
6080,CPE,2020-01-02,583742.50
6081,CPE,2020-01-03,581292.50
6082,CPE,2020-01-06,581782.50
6083,CPE,2020-01-07,583742.50
6084,CPE,2020-01-08,583242.50
6085,CPE,2020-01-09,585672.50
6086,CPE,2020-01-10,589572.50
6087,CPE,2020-01-13,589552.50
6088,CPE,2020-01-14,591472.50
6089,CPE,2020-01-15,590512.50
6090,CPE,2020-01-16,589552.50
6091,CPE,2020-01-17,589072.50
6092,CPE,2020-01-21,591472.50
6093,CPE,2020-01-22,590512.50
6094,CPE,2020-01-23,590992.50
6095,CPE,2020-01-24,590032.50
6096,CPE,2020-01-27,587632.50
6097,CPE,2020-01-28,589552.50
6098,CPE,2020-01-29,590512.50
6099,CPE,2020-01-30,591472.50
6100,CPE,2020-01-31,581392.50
6101,CPE,2020-02-04,583372.50
6102,CPE,2020-02-05,583867.50
6103,CPE,2020-02-06,583867.50
6104,CPE,2020-02-07,583372.50
6105,CPE,2020-02-10,584362.50
6106,CPE,2020-02-11,583372.50
6107,CPE,2020-02-12,584857.50
6108,CPE,2020-02-13,583372.50
6109,CPE,2020-02-14,585352.50
6110,CPE,2020-02-18,585352.50
6111,CPE,2020-02-19,584857.50
6112,CPE,2020-02-20,583867.50
6113,CPE,2020-02-21,582382.50
6114,CPE,2020-02-24,581887.50
6115,CPE,2020-02-25,572482.50
6116,CPE,2020-03-03,570242.50
6117,CPE,2020-03-04,575842.50
6118,CPE,2020-03-05,565762.50
6119,CPE,2020-03-06,557922.50
6120,CPE,2020-04-09,562922.50
6121,CPE,2020-04-13,561047.50
6122,CPE,2020-04-14,562922.50
6123,CPE,2020-04-15,557297.50
6124,CPE,2020-05-05,557297.50
6125,CPE,2020-05-06,556077.50
6126,CPE,2020-05-07,557297.50
6127,CPE,2020-05-08,562787.50
6128,CPE,2020-05-11,562787.50
6129,CPE,2020-05-12,560347.50
6130,CPE,2020-05-13,553027.50
6131,CPE,2020-05-14,556687.50
6132,CPE,2020-05-15,557297.50
6133,CPE,2020-05-18,565227.50
6134,CPE,2020-05-19,563397.50
6135,CPE,2020-05-20,566447.50
6136,CPE,2020-05-21,568277.50
6137,CPE,2020-05-22,568887.50
6138,CPE,2020-05-26,575597.50
6139,CPE,2020-05-27,575597.50
6140,CPE,2020-05-28,573157.50
6141,CPE,2020-05-29,573767.50
6142,CPE,2020-06-01,573767.50
6143,CPE,2020-06-02,575597.50
6144,CPE,2020-06-03,578037.50
6145,CPE,2020-06-04,578647.50
6146,CPE,2020-06-05,579867.50
6147,CPE,2020-06-08,579257.50
6148,CPE,2020-06-09,576232.50
6149,CPE,2020-06-10,569577.50
6150,CPE,2020-07-07,565377.50
6151,CPE,2020-07-08,567177.50
6152,CPE,2020-07-09,564177.50
6153,CPE,2020-08-04,565932.50
6154,CPE,2020-08-05,569442.50
6155,CPE,2020-08-06,571197.50
6156,CPE,2020-08-07,571782.50
6157,CPE,2020-08-10,572952.50
6158,CPE,2020-08-11,571782.50
6159,CPE,2020-08-12,572952.50
6160,CPE,2020-08-13,574122.50
6161,CPE,2020-08-14,573537.50
6162,CPE,2020-08-17,575292.50
6163,CPE,2020-08-18,575877.50
6164,CPE,2020-08-19,575292.50
6165,CPE,2020-08-20,575292.50
6166,CPE,2020-08-21,574707.50
6167,CPE,2020-08-24,576462.50
6168,CPE,2020-08-25,577047.50
6169,CPE,2020-08-26,577644.20
6170,CPE,2020-08-27,576474.20
6171,CPE,2020-08-28,578802.50
6172,CPE,2020-08-31,578802.50
6173,CPE,2020-09-01,577632.50
6174,CPE,2020-09-02,578217.50
6175,CPE,2020-09-03,571782.50
6176,CPE,2020-09-04,575292.50
6177,CPE,2020-09-08,574707.50
6178,CPE,2020-09-09,582412.50
6179,CPE,2020-09-10,578902.50
6180,CPE,2020-09-11,573477.50
6181,CPE,2020-09-14,587737.50
6182,CPE,2020-09-15,588342.50
6183,CPE,2020-09-16,590762.50
6184,CPE,2020-09-17,590762.50
6185,CPE,2020-09-18,589552.50
6186,CPE,2020-09-21,580477.50
6187,CPE,2020-09-22,580477.50
6188,CPE,2020-09-23,576242.50
6189,CPE,2020-10-06,576242.50
6190,CPE,2020-10-07,579932.50
6191,CPE,2020-10-08,583007.50
6192,CPE,2020-10-09,585467.50
6193,CPE,2020-10-12,587927.50
6194,CPE,2020-10-13,586082.50
6195,CPE,2020-10-14,586697.50
6196,CPE,2020-10-15,588542.50
6197,CPE,2020-10-16,587312.50
6198,CPE,2020-10-19,585467.50
6199,CPE,2020-10-20,584852.50
6200,CPE,2020-10-21,584852.50
6201,CPE,2020-10-22,588542.50
6202,CPE,2020-10-23,589772.50
6203,CPE,2020-10-26,584852.50
6204,CPE,2020-10-27,583007.50
6205,CPE,2020-10-28,571322.50
6206,CPE,2020-10-29,578702.50
6207,CPE,2020-10-30,568247.50
6208,CPE,2020-11-03,573087.50
6209,CPE,2020-11-04,576112.50
6210,CPE,2020-11-05,580347.50
6211,CPE,2020-11-06,580946.45
6212,CPE,2020-11-09,585792.50
6213,CPE,2020-11-10,585187.50
6214,CPE,2020-11-11,583977.50
6215,CPE,2020-11-12,582162.50
6216,CPE,2020-11-13,584582.50
6217,CPE,2020-11-16,585792.50
6218,CPE,2020-11-17,587002.50
6219,CPE,2020-11-18,585792.50
6220,CPE,2020-11-19,586397.50
6221,CPE,2020-11-20,587002.50
6222,CPE,2020-11-23,587607.50
6223,CPE,2020-11-24,588817.50
6224,CPE,2020-11-25,588817.50
6225,CPE,2020-11-27,596682.50
6226,CPE,2020-12-08,598452.50
6227,CPE,2020-12-09,599632.50
6228,CPE,2020-12-10,599632.50
6229,CPE,2020-12-11,599042.50
6230,CPE,2020-12-14,599632.50
6231,CPE,2020-12-15,601992.50
6232,CPE,2020-12-16,601992.50
6233,CPE,2020-12-17,603762.50
6234,CPE,2020-12-18,602582.50
6235,CPE,2020-12-21,604352.50
6236,CPE,2020-12-22,603172.50
6237,CPE,2020-12-23,606122.50
6238,CPE,2020-12-24,604942.50
6239,CPE,2020-12-28,607302.50
6240,CPE,2020-12-29,602582.50
6241,CPE,2020-12-30,604352.50
6242,CPE,2020-12-31,605526.60
6243,CPE,2021-01-04,601992.50
6244,CPE,2021-01-05,612837.50
6245,CPE,2021-01-06,616502.50
6246,CPE,2021-01-07,624962.50
6247,CPE,2021-01-08,620782.50
6248,CPE,2021-01-11,620117.50
6249,CPE,2021-01-12,621347.50
6250,CPE,2021-01-13,622577.50
6251,CPE,2021-01-14,625037.50
6252,CPE,2021-01-15,622577.50
6253,CPE,2021-01-19,624422.50
6254,CPE,2021-01-20,625037.50
6255,CPE,2021-01-21,623807.50
6256,CPE,2021-01-22,625037.50
6257,CPE,2021-01-25,622577.50
6258,CPE,2021-01-26,623807.50
6259,CPE,2021-01-27,620732.50
6260,CPE,2021-01-28,621347.50
6261,CPE,2021-01-29,620117.50
6262,DP,2006-11-10,98025.00
6263,DP,2006-11-13,96840.00
6264,DP,2006-11-14,95457.50
6265,DP,2006-11-15,92297.50
6266,DP,2006-11-16,93680.00
6267,DP,2006-11-17,94667.50
6268,DP,2006-11-20,93680.00
6269,DP,2006-11-21,93285.00
6270,DP,2006-11-22,93680.00
6271,DP,2006-11-24,93680.00
6272,DP,2006-11-27,99210.00
6273,DP,2006-11-28,99012.50
6274,DP,2006-11-29,96642.50
6275,DP,2006-11-30,95852.50
6276,DP,2006-12-01,98617.50
6277,DP,2006-12-04,94865.00
6278,DP,2006-12-05,92890.00
6279,DP,2006-12-06,93087.50
6280,DP,2006-12-07,93670.00
6281,DP,2006-12-08,96475.00
6282,DP,2006-12-11,94510.00
6283,DP,2006-12-12,99467.50
6284,DP,2006-12-13,100890.00
6285,DP,2006-12-14,96327.50
6286,DP,2006-12-15,95922.50
6287,DP,2006-12-18,99567.50
6288,DP,2006-12-19,99567.50
6289,DP,2006-12-20,99567.50
6290,DP,2006-12-21,101592.50
6291,DP,2006-12-22,101592.50
6292,DP,2006-12-26,101997.50
6293,DP,2006-12-27,99972.50
6294,DP,2006-12-28,100782.50
6295,DP,2006-12-29,104022.50
6296,DP,2007-01-03,106857.50
6297,DP,2007-01-04,105627.50
6298,DP,2007-01-05,111307.50
6299,DP,2007-01-08,113357.50
6300,DP,2007-01-09,114177.50
6301,DP,2007-01-10,114997.50
6302,DP,2007-01-11,114587.50
6303,DP,2007-01-12,115817.50
6304,DP,2007-01-16,117047.50
6305,DP,2007-01-17,117867.50
6306,DP,2007-01-18,120737.50
6307,DP,2007-01-19,119917.50
6308,DP,2007-01-22,124837.50
6309,DP,2007-01-23,123197.50
6310,DP,2007-01-24,121762.50
6311,DP,2007-01-25,124837.50
6312,DP,2007-01-26,123607.50
6313,DP,2007-01-29,122992.50
6314,DP,2007-01-30,120122.50
6315,DP,2007-01-31,118687.50
6316,DP,2007-02-01,116227.50
6317,DP,2007-02-02,114997.50
6318,DP,2007-02-05,117047.50
6319,DP,2007-02-06,116022.50
6320,DP,2007-02-07,111922.50
6321,DP,2007-02-08,112127.50
6322,DP,2007-02-09,118072.50
6323,DP,2007-02-12,121497.50
6324,DP,2007-02-13,114192.50
6325,DP,2007-02-14,113562.50
6326,DP,2007-02-15,110122.50
6327,DP,2007-02-16,109242.50
6328,DP,2007-02-20,97912.50
6329,DP,2007-02-21,98110.00
6330,DP,2007-02-22,98900.00
6331,DP,2007-02-23,99492.50
6332,DP,2007-02-26,100282.50
6333,DP,2007-02-27,106207.50
6334,DP,2007-02-28,108182.50
6335,DP,2007-03-01,108972.50
6336,DP,2007-03-02,106602.50
6337,DP,2007-03-05,106207.50
6338,DP,2007-03-08,106627.50
6339,DP,2007-03-09,107467.50
6340,DP,2007-03-12,106627.50
6341,DP,2007-03-13,109567.50
6342,DP,2007-03-14,106207.50
6343,DP,2007-03-15,105367.50
6344,DP,2007-03-16,106627.50
6345,DP,2007-03-19,106627.50
6346,DP,2007-03-20,107047.50
6347,DP,2007-03-21,103687.50
6348,DP,2007-03-22,103687.50
6349,DP,2007-03-23,102847.50
6350,DP,2007-03-26,103687.50
6351,DP,2007-03-27,105367.50
6352,DP,2007-03-28,106627.50
6353,DP,2007-03-29,104527.50
6354,DP,2007-03-30,104947.50
6355,DP,2007-04-02,104947.50
6356,DP,2007-04-03,102847.50
6357,DP,2007-04-04,103057.50
6358,DP,2007-04-05,102427.50
6359,DP,2007-04-09,103477.50
6360,DP,2007-04-10,103687.50
6361,DP,2007-04-11,105367.50
6362,DP,2007-04-12,104107.50
6363,DP,2007-04-13,103687.50
6364,DP,2007-04-16,100747.50
6365,DP,2007-04-17,103687.50
6366,DP,2007-04-18,102847.50
6367,DP,2007-04-19,104947.50
6368,DP,2007-04-20,102427.50
6369,DP,2007-04-23,102847.50
6370,DP,2007-04-24,104527.50
6371,DP,2007-04-25,101167.50
6372,DP,2007-04-26,102217.50
6373,DP,2007-04-27,103687.50
6374,DP,2007-04-30,109147.50
6375,DP,2007-05-01,109567.50
6376,DP,2007-05-02,104737.50
6377,DP,2007-05-03,103267.50
6378,DP,2007-05-04,103267.50
6379,DP,2007-05-07,102637.50
6380,DP,2007-05-08,103057.50
6381,DP,2007-05-09,102427.50
6382,DP,2007-05-10,109777.50
6383,DP,2007-05-11,103267.50
6384,DP,2007-05-14,109567.50
6385,DP,2007-05-15,115657.50
6386,DP,2007-05-16,114817.50
6387,DP,2007-05-17,119647.50
6388,DP,2007-05-18,113347.50
6389,DP,2007-05-21,103897.50
6390,DP,2007-05-22,98647.50
6391,DP,2007-05-23,100537.50
6392,DP,2007-05-24,105577.50
6393,DP,2007-05-25,103477.50
6394,DP,2007-05-29,101797.50
6395,DP,2007-05-30,100327.50
6396,DP,2007-05-31,99277.50
6397,DP,2007-06-01,97597.50
6398,DP,2007-06-04,96337.50
6399,DP,2007-06-05,100117.50
6400,DP,2007-06-06,101377.50
6401,DP,2007-06-07,106417.50
6402,DP,2007-06-08,107047.50
6403,DP,2007-06-11,108727.50
6404,DP,2007-06-12,111877.50
6405,DP,2007-06-13,109777.50
6406,DP,2007-06-14,107467.50
6407,DP,2007-06-15,99277.50
6408,DP,2007-06-18,100957.50
6409,DP,2007-06-19,101377.50
6410,DP,2007-06-20,111247.50
6411,DP,2007-06-21,109567.50
6412,DP,2007-06-22,114607.50
6413,DP,2007-06-25,116707.50
6414,DP,2007-06-26,117547.50
6415,DP,2007-06-27,118807.50
6416,DP,2007-06-28,118807.50
6417,DP,2007-06-29,116707.50
6418,DP,2007-07-02,116287.50
6419,DP,2007-07-03,116707.50
6420,DP,2007-07-05,117547.50
6421,DP,2007-07-06,117127.50
6422,DP,2007-07-09,117127.50
6423,DP,2007-07-10,119647.50
6424,DP,2007-07-11,122167.50
6425,DP,2007-07-12,116287.50
6426,DP,2007-07-13,116287.50
6427,DP,2007-07-16,120067.50
6428,DP,2007-07-17,118617.50
6429,DP,2007-07-18,123867.50
6430,DP,2007-07-19,118597.50
6431,DP,2007-07-20,128947.50
6432,DP,2007-07-23,129387.50
6433,DP,2007-07-24,130267.50
6434,DP,2007-08-10,127867.50
6435,DP,2007-08-13,131227.50
6436,DP,2007-08-14,129787.50
6437,DP,2007-08-15,132667.50
6438,DP,2007-08-16,132667.50
6439,DP,2007-08-17,129307.50
6440,DP,2007-08-20,131707.50
6441,DP,2007-08-21,134587.50
6442,DP,2007-08-22,135067.50
6443,DP,2007-08-23,135067.50
6444,DP,2007-08-24,135547.50
6445,DP,2007-08-27,137467.50
6446,DP,2007-08-28,135067.50
6447,DP,2007-08-29,135547.50
6448,DP,2007-08-30,135547.50
6449,DP,2007-08-31,136027.50
6450,DP,2007-09-04,136987.50
6451,DP,2007-09-05,136507.50
6452,DP,2007-09-06,136517.50
6453,DP,2007-09-07,130237.50
6454,DP,2007-09-10,133117.50
6455,DP,2007-09-11,139397.50
6456,DP,2007-09-12,139872.50
6457,DP,2007-09-13,139882.50
6458,DP,2007-09-14,141312.50
6459,DP,2007-09-17,141797.50
6460,DP,2007-09-18,149052.50
6461,DP,2007-09-19,146642.50
6462,DP,2007-09-20,150977.50
6463,DP,2007-09-21,150502.50
6464,DP,2007-09-24,161097.50
6465,DP,2007-09-25,161582.50
6466,DP,2007-09-26,162067.50
6467,DP,2007-09-27,163037.50
6468,DP,2007-09-28,163522.50
6469,DP,2007-10-01,160612.50
6470,DP,2007-10-02,159157.50
6471,DP,2007-10-03,159642.50
6472,DP,2007-10-04,158672.50
6473,DP,2007-10-05,156247.50
6474,DP,2007-10-08,157217.50
6475,DP,2007-10-09,157702.50
6476,DP,2007-10-11,156367.50
6477,DP,2007-10-12,156812.50
6478,DP,2007-10-15,158592.50
6479,DP,2007-10-16,157702.50
6480,DP,2007-10-17,159482.50
6481,DP,2007-10-18,158592.50
6482,DP,2007-10-19,155477.50
6483,DP,2007-10-22,157702.50
6484,DP,2007-10-23,159927.50
6485,DP,2007-10-24,161262.50
6486,DP,2007-10-25,159927.50
6487,DP,2007-10-26,160817.50
6488,DP,2007-10-29,161262.50
6489,DP,2007-10-30,159927.50
6490,DP,2007-10-31,162597.50
6491,DP,2007-11-01,157702.50
6492,DP,2007-11-08,161462.50
6493,DP,2007-11-09,156292.50
6494,DP,2007-11-12,157702.50
6495,DP,2007-11-13,157702.50
6496,DP,2007-11-14,156292.50
6497,DP,2007-11-15,153942.50
6498,DP,2007-11-16,156292.50
6499,DP,2007-11-19,156762.50
6500,DP,2007-11-20,155822.50
6501,DP,2007-11-21,155822.50
6502,DP,2007-11-23,157232.50
6503,DP,2007-11-26,155822.50
6504,DP,2007-12-10,157682.50
6505,DP,2007-12-11,155357.50
6506,DP,2007-12-12,155357.50
6507,DP,2007-12-13,156287.50
6508,DP,2007-12-14,153497.50
6509,DP,2007-12-17,153497.50
6510,DP,2007-12-18,156287.50
6511,DP,2007-12-19,160472.50
6512,DP,2007-12-20,162332.50
6513,DP,2007-12-21,163262.50
6514,DP,2007-12-24,162797.50
6515,DP,2007-12-26,164192.50
6516,DP,2007-12-27,164657.50
6517,DP,2007-12-28,164192.50
6518,DP,2007-12-31,164657.50
6519,DP,2008-01-02,167447.50
6520,DP,2008-01-03,166052.50
6521,DP,2008-01-04,158147.50
6522,DP,2008-01-10,159067.50
6523,DP,2008-01-11,157687.50
6524,DP,2008-01-14,159527.50
6525,DP,2008-01-15,159527.50
6526,DP,2008-01-16,160447.50
6527,DP,2008-01-17,159067.50
6528,DP,2008-01-18,159527.50
6529,DP,2008-01-22,161367.50
6530,DP,2008-01-23,166427.50
6531,DP,2008-01-24,163207.50
6532,DP,2008-01-25,162287.50
6533,DP,2008-01-28,162287.50
6534,DP,2008-01-29,162747.50
6535,DP,2008-01-30,164587.50
6536,DP,2008-01-31,163667.50
6537,DP,2008-02-01,164587.50
6538,DP,2008-02-04,164127.50
6539,DP,2008-02-05,162287.50
6540,DP,2008-02-06,162287.50
6541,DP,2008-02-07,165537.50
6542,DP,2008-02-08,166902.50
6543,DP,2008-02-11,170612.50
6544,DP,2008-02-12,173922.50
6545,DP,2008-02-13,173477.50
6546,DP,2008-02-14,176207.50
6547,DP,2008-02-15,179487.50
6548,DP,2008-02-19,183642.50
6549,DP,2008-02-20,184592.50
6550,DP,2008-02-21,184117.50
6551,DP,2008-02-22,185067.50
6552,DP,2008-02-25,186492.50
6553,DP,2008-02-26,187442.50
6554,DP,2008-02-27,186492.50
6555,DP,2008-02-28,186492.50
6556,DP,2008-02-29,186017.50
6557,DP,2008-03-03,186967.50
6558,DP,2008-03-04,192192.50
6559,DP,2008-03-05,193142.50
6560,DP,2008-03-06,189862.50
6561,DP,2008-03-07,189907.50
6562,DP,2008-03-10,187042.50
6563,DP,2008-03-11,193022.50
6564,DP,2008-03-12,190262.50
6565,DP,2008-03-13,190722.50
6566,DP,2008-03-14,187962.50
6567,DP,2008-03-17,190262.50
6568,DP,2008-03-18,196702.50
6569,DP,2008-03-19,190722.50
6570,DP,2008-03-20,191642.50
6571,DP,2008-03-24,193022.50
6572,DP,2008-03-25,193482.50
6573,DP,2008-03-26,193482.50
6574,DP,2008-03-27,194862.50
6575,DP,2008-03-28,195782.50
6576,DP,2008-03-31,197162.50
6577,DP,2008-04-01,197622.50
6578,DP,2008-04-02,195782.50
6579,DP,2008-04-03,196242.50
6580,DP,2008-04-04,197622.50
6581,DP,2008-04-07,200152.50
6582,DP,2008-04-08,200612.50
6583,DP,2008-04-10,201962.50
6584,DP,2008-04-11,199262.50
6585,DP,2008-04-14,201512.50
6586,DP,2008-04-15,202412.50
6587,DP,2008-04-16,205112.50
6588,DP,2008-04-17,205112.50
6589,DP,2008-04-18,205562.50
6590,DP,2008-04-21,206012.50
6591,DP,2008-04-22,206912.50
6592,DP,2008-04-23,207812.50
6593,DP,2008-04-24,209612.50
6594,DP,2008-04-25,208712.50
6595,DP,2008-04-28,208712.50
6596,DP,2008-04-29,210512.50
6597,DP,2008-04-30,210512.50
6598,DP,2008-05-01,208262.50
6599,DP,2008-05-02,208937.50
6600,DP,2008-05-05,209612.50
6601,DP,2008-05-06,209387.50
6602,DP,2008-05-07,213212.50
6603,DP,2008-05-08,214317.50
6604,DP,2008-05-09,214747.50
6605,DP,2008-05-12,211557.50
6606,DP,2008-05-13,209142.50
6607,DP,2008-05-14,209572.50
6608,DP,2008-05-15,209572.50
6609,DP,2008-05-16,210002.50
6610,DP,2008-05-19,210862.50
6611,DP,2008-05-20,210002.50
6612,DP,2008-05-21,211292.50
6613,DP,2008-05-22,210862.50
6614,DP,2008-05-23,212582.50
6615,DP,2008-05-27,212582.50
6616,DP,2008-05-28,213442.50
6617,DP,2008-05-29,210862.50
6618,DP,2008-05-30,210862.50
6619,DP,2008-06-02,213012.50
6620,DP,2008-06-03,213012.50
6621,DP,2008-06-04,211292.50
6622,DP,2008-06-05,208497.50
6623,DP,2008-06-06,211722.50
6624,DP,2008-06-09,214742.50
6625,DP,2008-06-10,216022.50
6626,DP,2008-06-11,219882.50
6627,DP,2008-06-12,224672.50
6628,DP,2008-06-13,224702.50
6629,DP,2008-06-16,223657.50
6630,DP,2008-06-17,225827.50
6631,DP,2008-06-18,229257.50
6632,DP,2008-06-19,230577.50
6633,DP,2008-06-20,229697.50
6634,DP,2008-06-23,230137.50
6635,DP,2008-06-24,229257.50
6636,DP,2008-06-25,232777.50
6637,DP,2008-06-26,232777.50
6638,DP,2008-06-27,232337.50
6639,DP,2008-07-10,229697.50
6640,DP,2008-07-11,231457.50
6641,DP,2008-07-14,230577.50
6642,DP,2008-07-15,231457.50
6643,DP,2008-07-16,232337.50
6644,DP,2008-07-17,232337.50
6645,DP,2008-07-18,232777.50
6646,DP,2008-07-21,234097.50
6647,DP,2008-07-22,233217.50
6648,DP,2008-07-23,232337.50
6649,DP,2008-07-24,234977.50
6650,DP,2008-07-25,234097.50
6651,DP,2008-07-28,235857.50
6652,DP,2008-07-29,236077.50
6653,DP,2008-07-30,235857.50
6654,DP,2008-07-31,235637.50
6655,DP,2008-08-01,235417.50
6656,DP,2008-08-04,239377.50
6657,DP,2008-08-05,234977.50
6658,DP,2008-08-06,234317.50
6659,DP,2008-08-07,237177.50
6660,DP,2008-08-08,230187.50
6661,DP,2008-08-11,228407.50
6662,DP,2008-08-12,230177.50
6663,DP,2008-08-13,229747.50
6664,DP,2008-08-14,229317.50
6665,DP,2008-08-15,230607.50
6666,DP,2008-08-18,230177.50
6667,DP,2008-08-19,231897.50
6668,DP,2008-08-20,232327.50
6669,DP,2008-08-21,234047.50
6670,DP,2008-08-22,233187.50
6671,DP,2008-08-25,234907.50
6672,DP,2008-08-26,235767.50
6673,DP,2008-08-27,236627.50
6674,DP,2008-08-28,234692.50
6675,DP,2008-08-29,234907.50
6676,DP,2008-09-02,236197.50
6677,DP,2008-09-03,235767.50
6678,DP,2008-09-04,239207.50
6679,DP,2008-09-05,240067.50
6680,DP,2008-09-08,238347.50
6681,DP,2008-09-09,240927.50
6682,DP,2008-09-10,241357.50
6683,DP,2008-09-11,241787.50
6684,DP,2008-09-12,239587.50
6685,DP,2008-09-15,236427.50
6686,DP,2008-09-16,241382.50
6687,DP,2008-09-17,233722.50
6688,DP,2008-09-18,232757.50
6689,DP,2008-09-19,228307.50
6690,DP,2008-09-22,228762.50
6691,DP,2008-09-23,228307.50
6692,DP,2008-09-24,226487.50
6693,DP,2008-09-25,229672.50
6694,DP,2008-09-26,229672.50
6695,DP,2008-09-29,217387.50
6696,DP,2008-10-09,215207.50
6697,DP,2008-11-06,214697.50
6698,DP,2008-11-07,214187.50
6699,DP,2008-11-10,213677.50
6700,DP,2008-11-11,214697.50
6701,DP,2008-11-12,206537.50
6702,DP,2008-12-12,204112.50
6703,DP,2008-12-15,202657.50
6704,DP,2008-12-16,206537.50
6705,DP,2008-12-17,208477.50
6706,DP,2008-12-18,211387.50
6707,DP,2008-12-19,212357.50
6708,DP,2008-12-22,214297.50
6709,DP,2008-12-23,212842.50
6710,DP,2008-12-24,213327.50
6711,DP,2008-12-26,215267.50
6712,DP,2008-12-29,215267.50
6713,DP,2008-12-30,216722.50
6714,DP,2008-12-31,216237.50
6715,DP,2009-01-02,217207.50
6716,DP,2009-01-05,216722.50
6717,DP,2009-01-06,215025.00
6718,DP,2009-01-07,217207.50
6719,DP,2009-01-08,214842.50
6720,DP,2009-01-09,219147.50
6721,DP,2009-01-12,216887.50
6722,DP,2009-01-13,218752.50
6723,DP,2009-01-14,218342.50
6724,DP,2009-01-15,220767.50
6725,DP,2009-02-05,221217.50
6726,DP,2009-02-06,221217.50
6727,DP,2009-02-09,222117.50
6728,DP,2009-02-10,221667.50
6729,DP,2009-02-11,222567.50
6730,DP,2009-02-12,223917.50
6731,DP,2009-02-13,225267.50
6732,DP,2009-02-17,223017.50
6733,DP,2009-02-18,225717.50
6734,DP,2009-02-19,226167.50
6735,DP,2009-02-20,225717.50
6736,DP,2009-03-06,224877.50
6737,DP,2009-03-09,225297.50
6738,DP,2009-03-10,227397.50
6739,DP,2009-03-11,228237.50
6740,DP,2009-03-12,225717.50
6741,DP,2009-03-13,224877.50
6742,DP,2009-03-16,226977.50
6743,DP,2009-03-17,225927.50
6744,DP,2009-03-18,222987.50
6745,DP,2009-03-19,221727.50
6746,DP,2009-03-20,223197.50
6747,DP,2009-03-23,220257.50
6748,DP,2009-03-24,222987.50
6749,DP,2009-03-25,222777.50
6750,DP,2009-03-26,217947.50
6751,DP,2009-03-27,219837.50
6752,DP,2009-03-30,223407.50
6753,DP,2009-03-31,223407.50
6754,DP,2009-04-01,221307.50
6755,DP,2009-04-02,218577.50
6756,DP,2009-04-03,218157.50
6757,DP,2009-04-06,218157.50
6758,DP,2009-04-07,219207.50
6759,DP,2009-04-15,218767.50
6760,DP,2009-04-16,221847.50
6761,DP,2009-04-17,223167.50
6762,DP,2009-04-20,221407.50
6763,DP,2009-04-21,222727.50
6764,DP,2009-04-22,221847.50
6765,DP,2009-04-23,222727.50
6766,DP,2009-04-24,223167.50
6767,DP,2009-04-27,223167.50
6768,DP,2009-04-28,224487.50
6769,DP,2009-04-29,222727.50
6770,DP,2009-04-30,224927.50
6771,DP,2009-05-01,224487.50
6772,DP,2009-05-04,224487.50
6773,DP,2009-05-05,224487.50
6774,DP,2009-05-06,223827.50
6775,DP,2009-05-07,227127.50
6776,DP,2009-05-08,226467.50
6777,DP,2009-05-11,229327.50
6778,DP,2009-05-12,232187.50
6779,DP,2009-05-13,230867.50
6780,DP,2009-05-14,232187.50
6781,DP,2009-05-15,233067.50
6782,DP,2009-05-18,236587.50
6783,DP,2009-05-19,237027.50
6784,DP,2009-05-20,236587.50
6785,DP,2009-05-21,237027.50
6786,DP,2009-05-22,237907.50
6787,DP,2009-05-26,236587.50
6788,DP,2009-05-27,238347.50
6789,DP,2009-05-28,239227.50
6790,DP,2009-05-29,239227.50
6791,DP,2009-06-01,233947.50
6792,DP,2009-06-02,233507.50
6793,DP,2009-06-03,234827.50
6794,DP,2009-06-04,233067.50
6795,DP,2009-06-05,233287.50
6796,DP,2009-06-08,235267.50
6797,DP,2009-06-09,234167.50
6798,DP,2009-06-11,234592.50
6799,DP,2009-06-12,235867.50
6800,DP,2009-06-15,235867.50
6801,DP,2009-06-16,237142.50
6802,DP,2009-06-17,237992.50
6803,DP,2009-06-18,239267.50
6804,DP,2009-06-19,240117.50
6805,DP,2009-06-22,238842.50
6806,DP,2009-06-23,240967.50
6807,DP,2009-06-24,243092.50
6808,DP,2009-06-25,246917.50
6809,DP,2009-06-26,248192.50
6810,DP,2009-06-29,250742.50
6811,DP,2009-06-30,250742.50
6812,DP,2009-07-01,248617.50
6813,DP,2009-07-02,249467.50
6814,DP,2009-07-06,252442.50
6815,DP,2009-07-09,252037.50
6816,DP,2009-07-10,253252.50
6817,DP,2009-07-13,252847.50
6818,DP,2009-07-14,252442.50
6819,DP,2009-07-15,247987.50
6820,DP,2009-07-16,247177.50
6821,DP,2009-07-17,248392.50
6822,DP,2009-07-20,247177.50
6823,DP,2009-07-21,248797.50
6824,DP,2009-07-22,247987.50
6825,DP,2009-07-23,243735.00
6826,DP,2009-07-24,244950.00
6827,DP,2009-07-27,244747.50
6828,DP,2009-07-28,244342.50
6829,DP,2009-07-29,244342.50
6830,DP,2009-07-30,242115.00
6831,DP,2009-07-31,240900.00
6832,DP,2009-08-03,241710.00
6833,DP,2009-08-04,239280.00
6834,DP,2009-08-05,239482.50
6835,DP,2009-08-06,239902.50
6836,DP,2009-08-07,237265.00
6837,DP,2009-08-10,237462.50
6838,DP,2009-08-11,239275.00
6839,DP,2009-08-12,237675.00
6840,DP,2009-08-13,238075.00
6841,DP,2009-08-14,240475.00
6842,DP,2009-08-17,240075.00
6843,DP,2009-08-18,239275.00
6844,DP,2009-08-19,240475.00
6845,DP,2009-08-20,242075.00
6846,DP,2009-08-21,240475.00
6847,DP,2009-08-24,239675.00
6848,DP,2009-08-25,240475.00
6849,DP,2009-08-26,240875.00
6850,DP,2009-08-27,241275.00
6851,DP,2009-08-28,242075.00
6852,DP,2009-08-31,244475.00
6853,DP,2009-09-01,246075.00
6854,DP,2009-09-02,247275.00
6855,DP,2009-09-03,247275.00
6856,DP,2009-09-04,248075.00
6857,DP,2009-09-08,247675.00
6858,DP,2009-09-09,244275.00
6859,DP,2009-09-10,240475.00
6860,DP,2009-09-11,240475.00
6861,DP,2009-09-14,237675.00
6862,DP,2009-09-15,236075.00
6863,DP,2009-09-18,234475.00
6864,DP,2009-09-21,235275.00
6865,DP,2009-09-22,236475.00
6866,DP,2009-09-23,237675.00
6867,DP,2009-09-24,237275.00
6868,DP,2009-09-25,238075.00
6869,DP,2009-09-28,239675.00
6870,DP,2009-09-29,239275.00
6871,DP,2009-09-30,239675.00
6872,DP,2009-10-01,235675.00
6873,DP,2009-10-02,236875.00
6874,DP,2009-10-05,242075.00
6875,DP,2009-10-06,244475.00
6876,DP,2009-10-07,245675.00
6877,DP,2009-10-08,244475.00
6878,DP,2009-10-09,245275.00
6879,DP,2009-10-12,246475.00
6880,DP,2009-10-13,247670.00
6881,DP,2009-10-14,243255.00
6882,DP,2009-10-15,247275.00
6883,DP,2009-10-16,253300.00
6884,DP,2009-10-19,252090.00
6885,DP,2009-10-20,253710.00
6886,DP,2009-10-21,255330.00
6887,DP,2009-10-22,254925.00
6888,DP,2009-10-23,255735.00
6889,DP,2009-10-26,257760.00
6890,DP,2009-10-27,257355.00
6891,DP,2009-10-28,252900.00
6892,DP,2009-11-05,253750.00
6893,DP,2009-11-06,255450.00
6894,DP,2009-11-09,255025.00
6895,DP,2009-11-10,255875.00
6896,DP,2009-11-11,255025.00
6897,DP,2009-11-12,255450.00
6898,DP,2009-11-13,257575.00
6899,DP,2009-11-16,253325.00
6900,DP,2009-11-17,254175.00
6901,DP,2009-11-18,255450.00
6902,DP,2009-11-19,258850.00
6903,DP,2009-11-20,259275.00
6904,DP,2009-11-23,258425.00
6905,DP,2009-11-24,259700.00
6906,DP,2009-11-25,259700.00
6907,DP,2009-11-27,263525.00
6908,DP,2009-11-30,262250.00
6909,DP,2009-12-01,261400.00
6910,DP,2009-12-02,258850.00
6911,DP,2009-12-03,259700.00
6912,DP,2009-12-04,255875.00
6913,DP,2009-12-07,254812.50
6914,DP,2009-12-08,257150.00
6915,DP,2009-12-09,257787.50
6916,DP,2009-12-10,259062.50
6917,DP,2009-12-11,257742.50
6918,DP,2009-12-14,254357.50
6919,DP,2009-12-15,255587.50
6920,DP,2009-12-16,255177.50
6921,DP,2009-12-17,255997.50
6922,DP,2009-12-18,256407.50
6923,DP,2009-12-21,255587.50
6924,DP,2009-12-22,254767.50
6925,DP,2009-12-23,252717.50
6926,DP,2009-12-24,251897.50
6927,DP,2009-12-28,251487.50
6928,DP,2009-12-29,252102.50
6929,DP,2009-12-30,252717.50
6930,DP,2009-12-31,252717.50
6931,DP,2010-01-04,250462.50
6932,DP,2010-01-05,249642.50
6933,DP,2010-01-06,250052.50
6934,DP,2010-01-07,250432.50
6935,DP,2010-01-08,249172.50
6936,DP,2010-01-11,249437.50
6937,DP,2010-01-12,255042.50
6938,DP,2010-01-13,253067.50
6939,DP,2010-01-14,253857.50
6940,DP,2010-01-15,256227.50
6941,DP,2010-01-19,253857.50
6942,DP,2010-01-20,256622.50
6943,DP,2010-01-21,259387.50
6944,DP,2010-01-22,260177.50
6945,DP,2010-01-25,262152.50
6946,DP,2010-01-26,262152.50
6947,DP,2010-01-27,265312.50
6948,DP,2010-01-28,268472.50
6949,DP,2010-02-04,268472.50
6950,DP,2010-02-05,270422.50
6951,DP,2010-02-08,269642.50
6952,DP,2010-02-09,269252.50
6953,DP,2010-02-10,268862.50
6954,DP,2010-02-11,270032.50
6955,DP,2010-02-12,270422.50
6956,DP,2010-02-16,269252.50
6957,DP,2010-02-17,267302.50
6958,DP,2010-02-18,265352.50
6959,DP,2010-02-19,264962.50
6960,DP,2010-02-22,264182.50
6961,DP,2010-02-23,267302.50
6962,DP,2010-02-24,265742.50
6963,DP,2010-02-25,265547.50
6964,DP,2010-02-26,265547.50
6965,DP,2010-03-01,261062.50
6966,DP,2010-03-02,259502.50
6967,DP,2010-03-03,259307.50
6968,DP,2010-03-04,257942.50
6969,DP,2010-03-05,254822.50
6970,DP,2010-03-08,255407.50
6971,DP,2010-03-09,253847.50
6972,DP,2010-03-15,254607.50
6973,DP,2010-03-16,253467.50
6974,DP,2010-03-17,251567.50
6975,DP,2010-03-18,253467.50
6976,DP,2010-03-19,256127.50
6977,DP,2010-03-22,253467.50
6978,DP,2010-03-23,252707.50
6979,DP,2010-03-24,254227.50
6980,DP,2010-03-25,253847.50
6981,DP,2010-03-26,254987.50
6982,DP,2010-03-29,256127.50
6983,DP,2010-03-30,257267.50
6984,DP,2010-03-31,256887.50
6985,DP,2010-04-01,256887.50
6986,DP,2010-04-05,254227.50
6987,DP,2010-04-06,251757.50
6988,DP,2010-04-07,254227.50
6989,DP,2010-04-08,251167.50
6990,DP,2010-04-09,251967.50
6991,DP,2010-04-12,249077.50
6992,DP,2010-04-13,248337.50
6993,DP,2010-04-14,238537.50
6994,DP,2010-04-15,238537.50
6995,DP,2010-04-16,238927.50
6996,DP,2010-04-19,240877.50
6997,DP,2010-04-20,239317.50
6998,DP,2010-04-21,238147.50
6999,DP,2010-04-22,236587.50
7000,DP,2010-04-23,235417.50
7001,DP,2010-04-26,235807.50
7002,DP,2010-04-27,238927.50
7003,DP,2010-04-28,238537.50
7004,DP,2010-04-29,235807.50
7005,DP,2010-04-30,237367.50
7006,DP,2010-05-03,233857.50
7007,DP,2010-05-04,240097.50
7008,DP,2010-05-05,240487.50
7009,DP,2010-05-06,238717.50
7010,DP,2010-05-07,224087.50
7011,DP,2010-06-10,227482.50
7012,DP,2010-06-11,228452.50
7013,DP,2010-06-14,226997.50
7014,DP,2010-06-15,229422.50
7015,DP,2010-06-16,223117.50
7016,DP,2010-06-17,228452.50
7017,DP,2010-06-18,228452.50
7018,DP,2010-06-21,233787.50
7019,DP,2010-06-22,230392.50
7020,DP,2010-06-23,230877.50
7021,DP,2010-06-24,230877.50
7022,DP,2010-06-25,230877.50
7023,DP,2010-06-28,230877.50
7024,DP,2010-06-29,232332.50
7025,DP,2010-06-30,233302.50
7026,DP,2010-07-01,236212.50
7027,DP,2010-07-02,238152.50
7028,DP,2010-07-06,238637.50
7029,DP,2010-07-07,243487.50
7030,DP,2010-07-08,244457.50
7031,DP,2010-07-13,237857.50
7032,DP,2010-07-14,242257.50
7033,DP,2010-07-15,243137.50
7034,DP,2010-07-16,244457.50
7035,DP,2010-07-19,244897.50
7036,DP,2010-07-20,245337.50
7037,DP,2010-07-21,244897.50
7038,DP,2010-07-22,243577.50
7039,DP,2010-07-23,244017.50
7040,DP,2010-07-26,240937.50
7041,DP,2010-07-27,242257.50
7042,DP,2010-07-28,244897.50
7043,DP,2010-07-29,245337.50
7044,DP,2010-07-30,244897.50
7045,DP,2010-08-02,244457.50
7046,DP,2010-08-03,244897.50
7047,DP,2010-08-04,245777.50
7048,DP,2010-08-05,245777.50
7049,DP,2010-08-06,251057.50
7050,DP,2010-08-09,250177.50
7051,DP,2010-08-10,251057.50
7052,DP,2010-08-11,251057.50
7053,DP,2010-08-12,251497.50
7054,DP,2010-09-15,248977.50
7055,DP,2010-09-16,250657.50
7056,DP,2010-09-17,246457.50
7057,DP,2010-09-20,247297.50
7058,DP,2010-09-21,246457.50
7059,DP,2010-09-22,248977.50
7060,DP,2010-09-23,248977.50
7061,DP,2010-09-24,248977.50
7062,DP,2010-09-27,250237.50
7063,DP,2010-09-28,249397.50
7064,DP,2010-09-29,249817.50
7065,DP,2010-09-30,248977.50
7066,DP,2010-10-01,249397.50
7067,DP,2010-10-04,250237.50
7068,DP,2010-10-05,248977.50
7069,DP,2010-10-06,249397.50
7070,DP,2010-10-07,244997.50
7071,DP,2010-10-08,248162.50
7072,DP,2010-10-11,252167.50
7073,DP,2010-10-12,246827.50
7074,DP,2010-10-13,249497.50
7075,DP,2010-10-14,244157.50
7076,DP,2010-10-15,248162.50
7077,DP,2010-10-18,248607.50
7078,DP,2010-10-19,249942.50
7079,DP,2010-10-20,249497.50
7080,DP,2010-10-21,250387.50
7081,DP,2010-10-22,251722.50
7082,DP,2010-10-25,252612.50
7083,DP,2010-10-26,251277.50
7084,DP,2010-10-27,252167.50
7085,DP,2010-10-28,252612.50
7086,DP,2010-10-29,252612.50
7087,DP,2010-11-01,253502.50
7088,DP,2010-11-02,252612.50
7089,DP,2010-11-03,252612.50
7090,DP,2010-11-04,249720.00
7091,DP,2010-11-05,250165.00
7092,DP,2010-11-08,249275.00
7093,DP,2010-11-09,251722.50
7094,DP,2010-11-12,250022.50
7095,DP,2010-11-15,250447.50
7096,DP,2010-11-16,250022.50
7097,DP,2010-11-17,250022.50
7098,DP,2010-11-18,252997.50
7099,DP,2010-11-19,253422.50
7100,DP,2010-11-22,253422.50
7101,DP,2010-11-23,254697.50
7102,DP,2010-11-24,252147.50
7103,DP,2010-11-26,251297.50
7104,DP,2010-11-29,251297.50
7105,DP,2010-11-30,250872.50
7106,DP,2010-12-01,250447.50
7107,DP,2010-12-02,252572.50
7108,DP,2010-12-03,252997.50
7109,DP,2010-12-06,252360.00
7110,DP,2010-12-07,253210.00
7111,DP,2010-12-08,252572.50
7112,DP,2010-12-09,252162.50
7113,DP,2010-12-10,248742.50
7114,DP,2010-12-13,252390.00
7115,DP,2010-12-14,251727.50
7116,DP,2010-12-15,253017.50
7117,DP,2010-12-16,252157.50
7118,DP,2010-12-17,253877.50
7119,DP,2010-12-20,253017.50
7120,DP,2010-12-21,253017.50
7121,DP,2010-12-22,251297.50
7122,DP,2010-12-23,250437.50
7123,DP,2010-12-27,249577.50
7124,DP,2010-12-28,246997.50
7125,DP,2010-12-29,250007.50
7126,DP,2010-12-30,249147.50
7127,DP,2010-12-31,248287.50
7128,DP,2011-01-03,247427.50
7129,DP,2011-01-04,252587.50
7130,DP,2011-01-05,252157.50
7131,DP,2011-01-06,252587.50
7132,DP,2011-01-07,250797.50
7133,DP,2011-01-10,252557.50
7134,DP,2011-01-11,253682.50
7135,DP,2011-01-12,253682.50
7136,DP,2011-01-13,256762.50
7137,DP,2011-01-14,254122.50
7138,DP,2011-01-18,254562.50
7139,DP,2011-01-19,258522.50
7140,DP,2011-01-20,257202.50
7141,DP,2011-01-21,256322.50
7142,DP,2011-01-24,261602.50
7143,DP,2011-01-25,263362.50
7144,DP,2011-01-26,259842.50
7145,DP,2011-01-27,260722.50
7146,DP,2011-01-28,263802.50
7147,DP,2011-01-31,262922.50
7148,DP,2011-02-01,259842.50
7149,DP,2011-02-02,261162.50
7150,DP,2011-02-03,262022.50
7151,DP,2011-02-04,263312.50
7152,DP,2011-02-07,261152.50
7153,DP,2011-02-08,260302.50
7154,DP,2011-02-09,259422.50
7155,DP,2011-02-10,257252.50
7156,DP,2011-02-11,255692.50
7157,DP,2011-02-14,257842.50
7158,DP,2011-02-15,255692.50
7159,DP,2011-02-16,256122.50
7160,DP,2011-02-17,255262.50
7161,DP,2011-02-18,253542.50
7162,DP,2011-02-22,253112.50
7163,DP,2011-02-23,258702.50
7164,DP,2011-02-24,260852.50
7165,DP,2011-02-25,259562.50
7166,DP,2011-02-28,257842.50
7167,DP,2011-03-01,258702.50
7168,DP,2011-03-02,257842.50
7169,DP,2011-03-03,255692.50
7170,DP,2011-03-04,257412.50
7171,DP,2011-03-07,259562.50
7172,DP,2011-03-08,256122.50
7173,DP,2011-03-09,257412.50
7174,DP,2011-03-10,252887.50
7175,DP,2011-03-11,260392.50
7176,DP,2011-03-14,260272.50
7177,DP,2011-03-15,255837.50
7178,DP,2011-03-16,255007.50
7179,DP,2011-03-17,258047.50
7180,DP,2011-03-18,267717.50
7181,DP,2011-03-21,268772.50
7182,DP,2011-03-22,270647.50
7183,DP,2011-03-23,273977.50
7184,DP,2011-03-24,266287.50
7185,DP,2011-03-25,264582.50
7186,DP,2011-03-28,265642.50
7187,DP,2011-03-29,266087.50
7188,DP,2011-03-30,267867.50
7189,DP,2011-03-31,267867.50
7190,DP,2011-04-01,267422.50
7191,DP,2011-04-04,268757.50
7192,DP,2011-04-05,267867.50
7193,DP,2011-04-06,270092.50
7194,DP,2011-04-07,269647.50
7195,DP,2011-04-08,272772.50
7196,DP,2011-04-11,276817.50
7197,DP,2011-04-12,278152.50
7198,DP,2011-04-13,285352.50
7199,DP,2011-04-14,289417.50
7200,DP,2011-04-15,287647.50
7201,DP,2011-04-18,299762.50
7202,DP,2011-04-19,302037.50
7203,DP,2011-04-20,298852.50
7204,DP,2011-04-21,297487.50
7205,DP,2011-04-25,298397.50
7206,DP,2011-04-26,295667.50
7207,DP,2011-04-27,297487.50
7208,DP,2011-04-28,297032.50
7209,DP,2011-04-29,294757.50
7210,DP,2011-05-02,297487.50
7211,DP,2011-05-03,298397.50
7212,DP,2011-05-04,303857.50
7213,DP,2011-05-05,301572.50
7214,DP,2011-05-06,306537.50
7215,DP,2011-05-09,308762.50
7216,DP,2011-05-10,304312.50
7217,DP,2011-05-11,308762.50
7218,DP,2011-05-12,306982.50
7219,DP,2011-05-13,306982.50
7220,DP,2011-05-16,308762.50
7221,DP,2011-05-17,311877.50
7222,DP,2011-05-18,315437.50
7223,DP,2011-05-19,312322.50
7224,DP,2011-05-20,312767.50
7225,DP,2011-05-23,314547.50
7226,DP,2011-05-24,316327.50
7227,DP,2011-05-25,317217.50
7228,DP,2011-05-26,318552.50
7229,DP,2011-05-27,317662.50
7230,DP,2011-05-31,315437.50
7231,DP,2011-06-01,320777.50
7232,DP,2011-06-02,319442.50
7233,DP,2011-06-03,324782.50
7234,DP,2011-06-09,323912.50
7235,DP,2011-06-10,327827.50
7236,DP,2011-06-13,327827.50
7237,DP,2011-06-14,327392.50
7238,DP,2011-06-15,326087.50
7239,DP,2011-06-16,323042.50
7240,DP,2011-06-17,323912.50
7241,DP,2011-06-20,325652.50
7242,DP,2011-06-21,325217.50
7243,DP,2011-06-22,326522.50
7244,DP,2011-06-23,324347.50
7245,DP,2011-06-24,325217.50
7246,DP,2011-06-27,325217.50
7247,DP,2011-06-28,323477.50
7248,DP,2011-06-29,323912.50
7249,DP,2011-06-30,323477.50
7250,DP,2011-07-01,325000.00
7251,DP,2011-07-05,324347.50
7252,DP,2011-07-06,324347.50
7253,DP,2011-07-07,320867.50
7254,DP,2011-07-08,322825.00
7255,DP,2011-07-11,324812.50
7256,DP,2011-07-12,324397.50
7257,DP,2011-07-13,322697.50
7258,DP,2011-07-14,324822.50
7259,DP,2011-07-15,324822.50
7260,DP,2011-07-18,325672.50
7261,DP,2011-07-19,326947.50
7262,DP,2011-07-20,328647.50
7263,DP,2011-07-21,328222.50
7264,DP,2011-07-22,328222.50
7265,DP,2011-07-25,330772.50
7266,DP,2011-07-26,328222.50
7267,DP,2011-07-27,323547.50
7268,DP,2011-08-11,322517.50
7269,DP,2011-08-12,328182.50
7270,DP,2011-08-15,336937.50
7271,DP,2011-08-16,323032.50
7272,DP,2011-08-17,329212.50
7273,DP,2011-08-18,320972.50
7274,DP,2011-08-19,326637.50
7275,DP,2011-08-22,327667.50
7276,DP,2011-08-23,327152.50
7277,DP,2011-08-24,330242.50
7278,DP,2011-08-25,326122.50
7279,DP,2011-08-26,329212.50
7280,DP,2011-08-29,331272.50
7281,DP,2011-08-30,331272.50
7282,DP,2011-08-31,332302.50
7283,DP,2011-09-01,333332.50
7284,DP,2011-09-02,333847.50
7285,DP,2011-09-06,332817.50
7286,DP,2011-09-07,333847.50
7287,DP,2011-09-08,336422.50
7288,DP,2011-09-09,323302.50
7289,DP,2011-09-12,327727.50
7290,DP,2011-09-13,323302.50
7291,DP,2011-09-14,333347.50
7292,DP,2011-09-15,337847.50
7293,DP,2011-09-16,336347.50
7294,DP,2011-09-19,336347.50
7295,DP,2011-09-20,335847.50
7296,DP,2011-09-21,336847.50
7297,DP,2011-09-22,320347.50
7298,DP,2011-10-10,322407.50
7299,DP,2011-10-11,322407.50
7300,DP,2011-10-12,326012.50
7301,DP,2011-10-13,324467.50
7302,DP,2011-10-14,327042.50
7303,DP,2011-10-17,323437.50
7304,DP,2011-10-18,325497.50
7305,DP,2011-10-19,322407.50
7306,DP,2011-10-20,325497.50
7307,DP,2011-10-21,327042.50
7308,DP,2011-10-24,327557.50
7309,DP,2011-10-25,326527.50
7310,DP,2011-10-26,328072.50
7311,DP,2011-10-27,329617.50
7312,DP,2011-10-28,327557.50
7313,DP,2011-10-31,328587.50
7314,DP,2011-11-01,325497.50
7315,DP,2011-11-02,327557.50
7316,DP,2011-11-03,327557.50
7317,DP,2011-11-04,329102.50
7318,DP,2011-11-07,328072.50
7319,DP,2011-11-08,329102.50
7320,DP,2011-11-10,323657.50
7321,DP,2011-11-11,325637.50
7322,DP,2011-11-14,326132.50
7323,DP,2011-11-15,327617.50
7324,DP,2011-11-16,328607.50
7325,DP,2011-11-17,323162.50
7326,DP,2011-11-18,326132.50
7327,DP,2011-11-21,325637.50
7328,DP,2011-11-22,326132.50
7329,DP,2011-11-23,324152.50
7330,DP,2011-12-08,313812.50
7331,DP,2011-12-09,318042.50
7332,DP,2011-12-12,318982.50
7333,DP,2011-12-13,316162.50
7334,DP,2011-12-14,316632.50
7335,DP,2012-01-05,314772.50
7336,DP,2012-01-06,317562.50
7337,DP,2012-01-09,318957.50
7338,DP,2012-01-10,318492.50
7339,DP,2012-01-11,319887.50
7340,DP,2012-01-12,318957.50
7341,DP,2012-01-13,318492.50
7342,DP,2012-01-17,317562.50
7343,DP,2012-01-18,318492.50
7344,DP,2012-01-19,319422.50
7345,DP,2012-01-20,319887.50
7346,DP,2012-01-23,321282.50
7347,DP,2012-01-24,323142.50
7348,DP,2012-01-25,321282.50
7349,DP,2012-01-26,321747.50
7350,DP,2012-01-27,321747.50
7351,DP,2012-01-30,321747.50
7352,DP,2012-01-31,323607.50
7353,DP,2012-02-01,320352.50
7354,DP,2012-02-02,320120.00
7355,DP,2012-02-03,317562.50
7356,DP,2012-02-06,318260.00
7357,DP,2012-02-07,317562.50
7358,DP,2012-02-09,315802.50
7359,DP,2012-02-10,317122.50
7360,DP,2012-02-13,315362.50
7361,DP,2012-02-14,316242.50
7362,DP,2012-02-15,313162.50
7363,DP,2012-02-16,316242.50
7364,DP,2012-02-17,316242.50
7365,DP,2012-02-21,317562.50
7366,DP,2012-02-22,318442.50
7367,DP,2012-02-23,319322.50
7368,DP,2012-02-24,320202.50
7369,DP,2012-02-27,318882.50
7370,DP,2012-02-28,320202.50
7371,DP,2012-02-29,321522.50
7372,DP,2012-03-01,322842.50
7373,DP,2012-03-02,329002.50
7374,DP,2012-03-05,327682.50
7375,DP,2012-03-06,327682.50
7376,DP,2012-03-13,328562.50
7377,DP,2012-03-14,327682.50
7378,DP,2012-03-15,326802.50
7379,DP,2012-03-16,329442.50
7380,DP,2012-03-19,328562.50
7381,DP,2012-03-20,330322.50
7382,DP,2012-03-21,330762.50
7383,DP,2012-03-22,330762.50
7384,DP,2012-03-23,332082.50
7385,DP,2012-03-26,329882.50
7386,DP,2012-03-27,329882.50
7387,DP,2012-03-28,331202.50
7388,DP,2012-03-29,330762.50
7389,DP,2012-03-30,331202.50
7390,DP,2012-04-02,331202.50
7391,DP,2012-04-03,331202.50
7392,DP,2012-04-04,336482.50
7393,DP,2012-04-05,338252.50
7394,DP,2012-04-09,339562.50
7395,DP,2012-04-10,335082.50
7396,DP,2012-04-11,340412.50
7397,DP,2012-04-12,336872.50
7398,DP,2012-04-13,341772.50
7399,DP,2012-04-16,343572.50
7400,DP,2012-04-17,342712.50
7401,DP,2012-04-18,347562.50
7402,DP,2012-04-19,349812.50
7403,DP,2012-04-20,349812.50
7404,DP,2012-04-23,352062.50
7405,DP,2012-04-24,351612.50
7406,DP,2012-04-25,353862.50
7407,DP,2012-04-26,355212.50
7408,DP,2012-04-27,352512.50
7409,DP,2012-04-30,353412.50
7410,DP,2012-05-01,356112.50
7411,DP,2012-05-02,355662.50
7412,DP,2012-05-03,357462.50
7413,DP,2012-05-04,361062.50
7414,DP,2012-05-07,363762.50
7415,DP,2012-05-10,364662.50
7416,DP,2012-05-11,362862.50
7417,DP,2012-05-14,364662.50
7418,DP,2012-05-15,362862.50
7419,DP,2012-05-16,361962.50
7420,DP,2012-05-17,362862.50
7421,DP,2012-05-18,359262.50
7422,DP,2012-06-08,358352.50
7423,DP,2012-06-11,359717.50
7424,DP,2012-06-12,358807.50
7425,DP,2012-06-13,357442.50
7426,DP,2012-06-14,359262.50
7427,DP,2012-07-12,357112.50
7428,DP,2012-07-13,358402.50
7429,DP,2012-07-16,358832.50
7430,DP,2012-07-17,360122.50
7431,DP,2012-07-18,361412.50
7432,DP,2012-07-19,361412.50
7433,DP,2012-07-20,361842.50
7434,DP,2012-07-23,360552.50
7435,DP,2012-07-24,360552.50
7436,DP,2012-07-25,360982.50
7437,DP,2012-07-26,365712.50
7438,DP,2012-07-27,364852.50
7439,DP,2012-07-30,366142.50
7440,DP,2012-07-31,365282.50
7441,DP,2012-08-01,367432.50
7442,DP,2012-08-02,369582.50
7443,DP,2012-08-03,370012.50
7444,DP,2012-08-06,371732.50
7445,DP,2012-08-07,370012.50
7446,DP,2012-08-08,371302.50
7447,DP,2012-08-09,373417.50
7448,DP,2012-08-10,373442.50
7449,DP,2012-08-13,375587.50
7450,DP,2012-08-14,373892.50
7451,DP,2012-08-15,375157.50
7452,DP,2012-08-16,368497.50
7453,DP,2012-08-17,365702.50
7454,DP,2012-08-20,368057.50
7455,DP,2012-08-21,368072.50
7456,DP,2012-08-22,370852.50
7457,DP,2012-08-23,376432.50
7458,DP,2012-08-24,374307.50
7459,DP,2012-08-27,376857.50
7460,DP,2012-08-28,375582.50
7461,DP,2012-08-29,373882.50
7462,DP,2012-08-30,374732.50
7463,DP,2012-08-31,377282.50
7464,DP,2012-09-04,373457.50
7465,DP,2012-09-05,374732.50
7466,DP,2012-09-06,374307.50
7467,DP,2012-09-07,375020.00
7468,DP,2012-09-10,377615.00
7469,DP,2012-09-11,374397.50
7470,DP,2012-09-12,375277.50
7471,DP,2012-09-13,373077.50
7472,DP,2012-09-14,373517.50
7473,DP,2012-09-17,373077.50
7474,DP,2012-09-18,374837.50
7475,DP,2012-09-19,374837.50
7476,DP,2012-09-20,376157.50
7477,DP,2012-09-21,374837.50
7478,DP,2012-09-24,376157.50
7479,DP,2012-09-25,379237.50
7480,DP,2012-09-26,380997.50
7481,DP,2012-09-27,378357.50
7482,DP,2012-09-28,378797.50
7483,DP,2012-10-01,380997.50
7484,DP,2012-10-02,381437.50
7485,DP,2012-10-03,382757.50
7486,DP,2012-10-04,380337.50
7487,DP,2012-10-05,382097.50
7488,DP,2012-10-08,384517.50
7489,DP,2012-10-09,389357.50
7490,DP,2012-10-10,392437.50
7491,DP,2012-10-11,393667.50
7492,DP,2012-10-12,393257.50
7493,DP,2012-10-15,394077.50
7494,DP,2012-10-16,394077.50
7495,DP,2012-10-17,394487.50
7496,DP,2012-10-18,395717.50
7497,DP,2012-10-19,395717.50
7498,DP,2012-10-22,398177.50
7499,DP,2012-10-23,397357.50
7500,DP,2012-10-24,398587.50
7501,DP,2012-10-25,397357.50
7502,DP,2012-10-26,400227.50
7503,DP,2012-10-31,402277.50
7504,DP,2012-11-01,403097.50
7505,DP,2012-11-02,405147.50
7506,DP,2012-11-05,405147.50
7507,DP,2012-11-06,404327.50
7508,DP,2012-11-07,406787.50
7509,DP,2012-11-08,410477.50
7510,DP,2012-11-09,412937.50
7511,DP,2012-11-12,411707.50
7512,DP,2012-11-13,413347.50
7513,DP,2012-11-14,411297.50
7514,DP,2012-11-15,411707.50
7515,DP,2012-12-06,410047.50
7516,DP,2012-12-07,413367.50
7517,DP,2012-12-10,411707.50
7518,DP,2012-12-11,411292.50
7519,DP,2012-12-12,412952.50
7520,DP,2012-12-13,413782.50
7521,DP,2012-12-14,416272.50
7522,DP,2012-12-17,413782.50
7523,DP,2012-12-18,409632.50
7524,DP,2012-12-19,408802.50
7525,DP,2012-12-20,408387.50
7526,DP,2012-12-21,409632.50
7527,DP,2012-12-24,410877.50
7528,DP,2012-12-26,410462.50
7529,DP,2012-12-27,410462.50
7530,DP,2012-12-28,410877.50
7531,DP,2012-12-31,412952.50
7532,DP,2013-01-02,405275.00
7533,DP,2013-01-03,405897.50
7534,DP,2013-01-04,400532.50
7535,DP,2013-01-07,404647.50
7536,DP,2013-01-08,405067.50
7537,DP,2013-01-09,405067.50
7538,DP,2013-01-10,405887.50
7539,DP,2013-01-11,404657.50
7540,DP,2013-01-14,405477.50
7541,DP,2013-01-15,403837.50
7542,DP,2013-01-16,405887.50
7543,DP,2013-01-17,403017.50
7544,DP,2013-01-18,405477.50
7545,DP,2013-01-22,405272.50
7546,DP,2013-01-23,406707.50
7547,DP,2013-01-24,405272.50
7548,DP,2013-01-25,404042.50
7549,DP,2013-01-28,402812.50
7550,DP,2013-01-29,403222.50
7551,DP,2013-01-30,408142.50
7552,DP,2013-01-31,405477.50
7553,DP,2013-02-01,401172.50
7554,DP,2013-02-04,407322.50
7555,DP,2013-02-05,402197.50
7556,DP,2013-02-08,402597.50
7557,DP,2013-02-11,402197.50
7558,DP,2013-02-12,402597.50
7559,DP,2013-02-13,400997.50
7560,DP,2013-02-14,401397.50
7561,DP,2013-02-15,400197.50
7562,DP,2013-02-19,399797.50
7563,DP,2013-02-20,402597.50
7564,DP,2013-02-21,405397.50
7565,DP,2013-02-22,404197.50
7566,DP,2013-02-25,404597.50
7567,DP,2013-02-26,406197.50
7568,DP,2013-02-27,404997.50
7569,DP,2013-02-28,404197.50
7570,DP,2013-03-01,404197.50
7571,DP,2013-03-04,404997.50
7572,DP,2013-03-05,401397.50
7573,DP,2013-03-06,400797.50
7574,DP,2013-03-07,398797.50
7575,DP,2013-03-08,394997.50
7576,DP,2013-03-11,396597.50
7577,DP,2013-03-12,395817.50
7578,DP,2013-03-13,397767.50
7579,DP,2013-03-14,393477.50
7580,DP,2013-03-15,394257.50
7581,DP,2013-03-18,395427.50
7582,DP,2013-03-19,395037.50
7583,DP,2013-03-20,394647.50
7584,DP,2013-03-21,395817.50
7585,DP,2013-03-22,394257.50
7586,DP,2013-03-25,395037.50
7587,DP,2013-03-26,394647.50
7588,DP,2013-03-27,395037.50
7589,DP,2013-03-28,395037.50
7590,DP,2013-04-01,401277.50
7591,DP,2013-04-02,402447.50
7592,DP,2013-04-03,406737.50
7593,DP,2013-04-04,405957.50
7594,DP,2013-04-05,406347.50
7595,DP,2013-04-08,407127.50
7596,DP,2013-04-09,405567.50
7597,DP,2013-04-10,401082.50
7598,DP,2013-04-11,401862.50
7599,DP,2013-04-12,405177.50
7600,DP,2013-04-15,413757.50
7601,DP,2013-04-16,415377.50
7602,DP,2013-04-17,413352.50
7603,DP,2013-04-18,413352.50
7604,DP,2013-04-19,416997.50
7605,DP,2013-04-22,414972.50
7606,DP,2013-04-23,415782.50
7607,DP,2013-04-24,414972.50
7608,DP,2013-04-25,413757.50
7609,DP,2013-04-26,414162.50
7610,DP,2013-04-29,413352.50
7611,DP,2013-04-30,414162.50
7612,DP,2013-05-01,416592.50
7613,DP,2013-05-02,414972.50
7614,DP,2013-05-03,412137.50
7615,DP,2013-05-06,412947.50
7616,DP,2013-05-07,410922.50
7617,DP,2013-05-08,411732.50
7618,DP,2013-05-09,410517.50
7619,DP,2013-05-10,409910.00
7620,DP,2013-05-13,410720.00
7621,DP,2013-05-14,406407.50
7622,DP,2013-05-15,405147.50
7623,DP,2013-05-16,406827.50
7624,DP,2013-05-17,406827.50
7625,DP,2013-05-20,406407.50
7626,DP,2013-05-21,405987.50
7627,DP,2013-05-22,408507.50
7628,DP,2013-05-23,408087.50
7629,DP,2013-05-24,408507.50
7630,DP,2013-05-28,406827.50
7631,DP,2013-05-29,408507.50
7632,DP,2013-05-30,408087.50
7633,DP,2013-05-31,407247.50
7634,DP,2013-06-03,407667.50
7635,DP,2013-06-04,407667.50
7636,DP,2013-06-05,410187.50
7637,DP,2013-06-06,407967.50
7638,DP,2013-06-07,413247.50
7639,DP,2013-06-10,412407.50
7640,DP,2013-06-11,411927.50
7641,DP,2013-06-12,410997.50
7642,DP,2013-06-13,410187.50
7643,DP,2013-06-14,413667.50
7644,DP,2013-06-17,414117.50
7645,DP,2013-06-18,411327.50
7646,DP,2013-06-19,417657.50
7647,DP,2013-06-20,420897.50
7648,DP,2013-06-21,425637.50
7649,DP,2013-06-24,429027.50
7650,DP,2013-06-25,430377.50
7651,DP,2013-06-26,432627.50
7652,DP,2013-06-27,429477.50
7653,DP,2013-06-28,429927.50
7654,DP,2013-07-01,430827.50
7655,DP,2013-07-02,430827.50
7656,DP,2013-07-03,430827.50
7657,DP,2013-07-05,429927.50
7658,DP,2013-07-08,427677.50
7659,DP,2013-07-09,426777.50
7660,DP,2013-07-17,426357.50
7661,DP,2013-07-18,425937.50
7662,DP,2013-07-19,425937.50
7663,DP,2013-07-22,427197.50
7664,DP,2013-07-23,427197.50
7665,DP,2013-07-24,428457.50
7666,DP,2013-07-25,426777.50
7667,DP,2013-07-26,428037.50
7668,DP,2013-07-29,430557.50
7669,DP,2013-07-30,428037.50
7670,DP,2013-07-31,428457.50
7671,DP,2013-08-01,428457.50
7672,DP,2013-08-02,429297.50
7673,DP,2013-08-05,429297.50
7674,DP,2013-08-06,432657.50
7675,DP,2013-08-07,433497.50
7676,DP,2013-08-08,433912.50
7677,DP,2013-08-09,430942.50
7678,DP,2013-08-12,427567.50
7679,DP,2013-08-13,431372.50
7680,DP,2013-08-14,431362.50
7681,DP,2013-08-15,437247.50
7682,DP,2013-08-16,442732.50
7683,DP,2013-08-19,446517.50
7684,DP,2013-08-20,448217.50
7685,DP,2013-08-21,445667.50
7686,DP,2013-08-22,446517.50
7687,DP,2013-08-23,448642.50
7688,DP,2013-08-26,449917.50
7689,DP,2013-08-27,448217.50
7690,DP,2013-08-28,447792.50
7691,DP,2013-08-29,449492.50
7692,DP,2013-08-30,443117.50
7693,DP,2013-09-03,449917.50
7694,DP,2013-09-04,453317.50
7695,DP,2013-09-05,450767.50
7696,DP,2013-09-06,453317.50
7697,DP,2013-09-09,449917.50
7698,DP,2013-09-10,450342.50
7699,DP,2013-09-11,451192.50
7700,DP,2013-09-12,451617.50
7701,DP,2013-09-13,451617.50
7702,DP,2013-09-16,453327.50
7703,DP,2013-09-17,445850.00
7704,DP,2013-09-18,443937.50
7705,DP,2013-09-19,447377.50
7706,DP,2013-09-20,447807.50
7707,DP,2013-09-23,448237.50
7708,DP,2013-09-24,446517.50
7709,DP,2013-09-25,446517.50
7710,DP,2013-09-26,448237.50
7711,DP,2013-09-27,447377.50
7712,DP,2013-09-30,447807.50
7713,DP,2013-10-01,446947.50
7714,DP,2013-10-02,446517.50
7715,DP,2013-10-03,447807.50
7716,DP,2013-10-04,446947.50
7717,DP,2013-10-07,447377.50
7718,DP,2013-10-08,449097.50
7719,DP,2013-10-09,449097.50
7720,DP,2013-10-10,451352.50
7721,DP,2013-10-11,450527.50
7722,DP,2013-10-14,450527.50
7723,DP,2013-10-15,454247.50
7724,DP,2013-10-16,450062.50
7725,DP,2013-10-17,454247.50
7726,DP,2013-10-18,449597.50
7727,DP,2013-10-21,451457.50
7728,DP,2013-10-22,451457.50
7729,DP,2013-10-23,452387.50
7730,DP,2013-10-24,450992.50
7731,DP,2013-10-25,451225.00
7732,DP,2013-10-28,451225.00
7733,DP,2013-10-29,450062.50
7734,DP,2013-10-30,453085.00
7735,DP,2013-10-31,453317.50
7736,DP,2013-11-01,456572.50
7737,DP,2013-11-04,453782.50
7738,DP,2013-11-05,454480.00
7739,DP,2013-11-06,457735.00
7740,DP,2013-11-07,460827.50
7741,DP,2013-11-08,457200.00
7742,DP,2013-11-11,456897.50
7743,DP,2013-11-12,455735.00
7744,DP,2013-11-13,455735.00
7745,DP,2013-11-14,456165.00
7746,DP,2013-11-15,456165.00
7747,DP,2013-11-18,457025.00
7748,DP,2013-11-19,457025.00
7749,DP,2013-11-20,458315.00
7750,DP,2013-11-21,456165.00
7751,DP,2013-11-22,456595.00
7752,DP,2013-11-25,457455.00
7753,DP,2013-11-26,455305.00
7754,DP,2013-11-27,454445.00
7755,DP,2013-11-29,452725.00
7756,DP,2013-12-02,457025.00
7757,DP,2013-12-03,459175.00
7758,DP,2013-12-04,458315.00
7759,DP,2013-12-05,458315.00
7760,DP,2013-12-06,457455.00
7761,DP,2013-12-09,458745.00
7762,DP,2013-12-10,459605.00
7763,DP,2013-12-11,466915.00
7764,DP,2013-12-12,464320.00
7765,DP,2013-12-13,466040.00
7766,DP,2013-12-16,461770.00
7767,DP,2013-12-17,464855.00
7768,DP,2013-12-18,457455.00
7769,DP,2013-12-19,461905.00
7770,DP,2013-12-20,463240.00
7771,DP,2013-12-23,457455.00
7772,DP,2013-12-24,456120.00
7773,DP,2013-12-26,455230.00
7774,DP,2013-12-27,456565.00
7775,DP,2013-12-30,456565.00
7776,DP,2013-12-31,456120.00
7777,DP,2014-01-02,458345.00
7778,DP,2014-01-03,458345.00
7779,DP,2014-01-06,460570.00
7780,DP,2014-01-07,458345.00
7781,DP,2014-01-08,458122.50
7782,DP,2014-01-09,460762.50
7783,DP,2014-01-10,454572.50
7784,DP,2014-01-13,462310.00
7785,DP,2014-01-14,458972.50
7786,DP,2014-01-15,457667.50
7787,DP,2014-01-16,459842.50
7788,DP,2014-01-17,458537.50
7789,DP,2014-01-21,458102.50
7790,DP,2014-01-22,457232.50
7791,DP,2014-01-23,458972.50
7792,DP,2014-01-24,460712.50
7793,DP,2014-01-27,462452.50
7794,DP,2014-01-28,465932.50
7795,DP,2014-01-29,461582.50
7796,DP,2014-01-30,464192.50
7797,DP,2014-01-31,459407.50
7798,DP,2014-02-03,458102.50
7799,DP,2014-02-06,465032.50
7800,DP,2014-02-07,467012.50
7801,DP,2014-02-10,468497.50
7802,DP,2014-02-11,466517.50
7803,DP,2014-02-12,466517.50
7804,DP,2014-02-13,465527.50
7805,DP,2014-02-14,466022.50
7806,DP,2014-02-18,462557.50
7807,DP,2014-02-19,466517.50
7808,DP,2014-02-20,460577.50
7809,DP,2014-02-21,465032.50
7810,DP,2014-02-24,460082.50
7811,DP,2014-02-25,464042.50
7812,DP,2014-02-26,460577.50
7813,DP,2014-02-27,462062.50
7814,DP,2014-02-28,463547.50
7815,DP,2014-03-03,466022.50
7816,DP,2014-03-04,460330.00
7817,DP,2014-03-05,462062.50
7818,DP,2014-03-06,460765.00
7819,DP,2014-03-07,463060.00
7820,DP,2014-03-10,468632.50
7821,DP,2014-03-11,463765.00
7822,DP,2014-03-12,467485.00
7823,DP,2014-03-13,464695.00
7824,DP,2014-03-14,461905.00
7825,DP,2014-03-17,466555.00
7826,DP,2014-03-18,466090.00
7827,DP,2014-03-19,468880.00
7828,DP,2014-03-20,468415.00
7829,DP,2014-03-21,468415.00
7830,DP,2014-03-24,467950.00
7831,DP,2014-03-25,472135.00
7832,DP,2014-03-26,471670.00
7833,DP,2014-04-11,465230.00
7834,DP,2014-04-14,467530.00
7835,DP,2014-04-15,467530.00
7836,DP,2014-04-16,470290.00
7837,DP,2014-04-17,472130.00
7838,DP,2014-04-21,474890.00
7839,DP,2014-04-22,475810.00
7840,DP,2014-04-23,476270.00
7841,DP,2014-04-24,474890.00
7842,DP,2014-04-25,473050.00
7843,DP,2014-04-28,474890.00
7844,DP,2014-04-29,474890.00
7845,DP,2014-04-30,478570.00
7846,DP,2014-05-01,476730.00
7847,DP,2014-05-02,479490.00
7848,DP,2014-05-05,479030.00
7849,DP,2014-05-06,481790.00
7850,DP,2014-05-07,479950.00
7851,DP,2014-05-08,476730.00
7852,DP,2014-05-09,489610.00
7853,DP,2014-05-12,488690.00
7854,DP,2014-05-13,494210.00
7855,DP,2014-05-14,496050.00
7856,DP,2014-05-15,496510.00
7857,DP,2014-05-16,497430.00
7858,DP,2014-05-19,498350.00
7859,DP,2014-05-20,498350.00
7860,DP,2014-05-21,499730.00
7861,DP,2014-05-22,500650.00
7862,DP,2014-05-23,501570.00
7863,DP,2014-05-27,496970.00
7864,DP,2014-05-28,498350.00
7865,DP,2014-05-29,498350.00
7866,DP,2014-05-30,499270.00
7867,DP,2014-06-02,500190.00
7868,DP,2014-06-03,501110.00
7869,DP,2014-06-04,500190.00
7870,DP,2014-06-05,499040.00
7871,DP,2014-06-06,496510.00
7872,DP,2014-06-09,493980.00
7873,DP,2014-06-10,494900.00
7874,DP,2014-06-11,495335.00
7875,DP,2014-06-12,494030.00
7876,DP,2014-06-13,495770.00
7877,DP,2014-06-16,496205.00
7878,DP,2014-06-17,495335.00
7879,DP,2014-06-18,496205.00
7880,DP,2014-06-19,494900.00
7881,DP,2014-06-20,497510.00
7882,DP,2014-06-23,498380.00
7883,DP,2014-06-24,498380.00
7884,DP,2014-06-25,498380.00
7885,DP,2014-06-26,499250.00
7886,DP,2014-06-27,499685.00
7887,DP,2014-06-30,498815.00
7888,DP,2014-07-01,496205.00
7889,DP,2014-07-02,498380.00
7890,DP,2014-07-03,497510.00
7891,DP,2014-07-07,502295.00
7892,DP,2014-07-08,504035.00
7893,DP,2014-07-09,504470.00
7894,DP,2014-07-10,504035.00
7895,DP,2014-07-11,506240.00
7896,DP,2014-07-14,502130.00
7897,DP,2014-07-15,512810.00
7898,DP,2014-07-16,510110.00
7899,DP,2014-07-17,510110.00
7900,DP,2014-07-18,512360.00
7901,DP,2014-07-21,511910.00
7902,DP,2014-07-22,514160.00
7903,DP,2014-07-23,514610.00
7904,DP,2014-07-24,518210.00
7905,DP,2014-07-25,514610.00
7906,DP,2014-07-28,516410.00
7907,DP,2014-07-29,513710.00
7908,DP,2014-07-30,520010.00
7909,DP,2014-07-31,514160.00
7910,DP,2014-08-01,516410.00
7911,DP,2014-08-08,515945.00
7912,DP,2014-08-11,516875.00
7913,DP,2014-08-12,518270.00
7914,DP,2014-08-13,519665.00
7915,DP,2014-08-14,522920.00
7916,DP,2014-08-15,520130.00
7917,DP,2014-08-18,520130.00
7918,DP,2014-08-19,520130.00
7919,DP,2014-08-20,519200.00
7920,DP,2014-08-21,521060.00
7921,DP,2014-08-22,521060.00
7922,DP,2014-08-25,520595.00
7923,DP,2014-08-26,518735.00
7924,DP,2014-08-27,518735.00
7925,DP,2014-08-28,521525.00
7926,DP,2014-08-29,520595.00
7927,DP,2014-09-02,519665.00
7928,DP,2014-09-03,521990.00
7929,DP,2014-09-04,521060.00
7930,DP,2014-09-05,520595.00
7931,DP,2014-09-08,521292.50
7932,DP,2014-09-09,524315.00
7933,DP,2014-09-15,524770.00
7934,DP,2014-09-16,525680.00
7935,DP,2014-09-17,527500.00
7936,DP,2014-09-18,527500.00
7937,DP,2014-09-19,527955.00
7938,DP,2014-09-22,527500.00
7939,DP,2014-09-23,526135.00
7940,DP,2014-09-24,525680.00
7941,DP,2014-09-25,526135.00
7942,DP,2014-10-10,522810.00
7943,DP,2014-10-13,524710.00
7944,DP,2014-10-14,521860.00
7945,DP,2014-10-15,523285.00
7946,DP,2014-10-16,527085.00
7947,DP,2014-10-17,526610.00
7948,DP,2014-10-20,528510.00
7949,DP,2014-10-21,529460.00
7950,DP,2014-10-22,528510.00
7951,DP,2014-10-23,528985.00
7952,DP,2014-10-24,528510.00
7953,DP,2014-10-27,529935.00
7954,DP,2014-10-28,528985.00
7955,DP,2014-10-29,528035.00
7956,DP,2014-10-30,529935.00
7957,DP,2014-10-31,527797.50
7958,DP,2014-11-03,528272.50
7959,DP,2014-11-04,527322.50
7960,DP,2014-11-05,527797.50
7961,DP,2014-11-06,526847.50
7962,DP,2014-11-07,528272.50
7963,DP,2014-11-10,527460.00
7964,DP,2014-11-11,527910.00
7965,DP,2014-11-12,524760.00
7966,DP,2014-11-13,529260.00
7967,DP,2014-11-14,529710.00
7968,DP,2014-11-17,529260.00
7969,DP,2014-11-18,528810.00
7970,DP,2014-11-19,530610.00
7971,DP,2014-11-20,530610.00
7972,DP,2014-11-21,530610.00
7973,DP,2014-11-24,530160.00
7974,DP,2014-11-25,532410.00
7975,DP,2014-11-26,530160.00
7976,DP,2014-11-28,531060.00
7977,DP,2014-12-01,532860.00
7978,DP,2014-12-02,533760.00
7979,DP,2014-12-03,531510.00
7980,DP,2014-12-04,534660.00
7981,DP,2014-12-05,533310.00
7982,DP,2014-12-08,535110.00
7983,DP,2014-12-09,532875.00
7984,DP,2014-12-10,532830.00
7985,DP,2014-12-11,526440.00
7986,DP,2014-12-12,529590.00
7987,DP,2014-12-15,527820.00
7988,DP,2014-12-16,530925.00
7989,DP,2014-12-17,533700.00
7990,DP,2014-12-18,532395.00
7991,DP,2014-12-19,528315.00
7992,DP,2014-12-22,529440.00
7993,DP,2014-12-23,531765.00
7994,DP,2014-12-24,532695.00
7995,DP,2014-12-26,532695.00
7996,DP,2014-12-29,532230.00
7997,DP,2014-12-30,531300.00
7998,DP,2014-12-31,529905.00
7999,DP,2015-01-02,531765.00
8000,DP,2015-01-05,532695.00
8001,DP,2015-01-06,532180.00
8002,DP,2015-01-07,536905.00
8003,DP,2015-01-08,537910.00
8004,DP,2015-01-09,537005.00
8005,DP,2015-01-12,536980.00
8006,DP,2015-01-13,533135.00
8007,DP,2015-01-14,534945.00
8008,DP,2015-01-15,536805.00
8009,DP,2015-01-16,543930.00
8010,DP,2015-01-20,543590.00
8011,DP,2015-01-21,549295.00
8012,DP,2015-01-22,550715.00
8013,DP,2015-01-23,550715.00
8014,DP,2015-01-26,551695.00
8015,DP,2015-01-27,550225.00
8016,DP,2015-01-28,551205.00
8017,DP,2015-01-29,554145.00
8018,DP,2015-01-30,544835.00
8019,DP,2015-02-02,550715.00
8020,DP,2015-02-03,553165.00
8021,DP,2015-02-04,553655.00
8022,DP,2015-02-05,555125.00
8023,DP,2015-02-06,553655.00
8024,DP,2015-02-09,557085.00
8025,DP,2015-02-10,558555.00
8026,DP,2015-02-11,559045.00
8027,DP,2015-02-12,562965.00
8028,DP,2015-02-13,562965.00
8029,DP,2015-02-17,560515.00
8030,DP,2015-02-18,563455.00
8031,DP,2015-02-19,561985.00
8032,DP,2015-02-20,563945.00
8033,DP,2015-02-23,562475.00
8034,DP,2015-02-24,566395.00
8035,DP,2015-02-25,566885.00
8036,DP,2015-02-26,564925.00
8037,DP,2015-02-27,564925.00
8038,DP,2015-03-02,564925.00
8039,DP,2015-03-03,567375.00
8040,DP,2015-03-04,566815.00
8041,DP,2015-03-05,568285.00
8042,DP,2015-03-06,570140.00
8043,DP,2015-03-09,567375.00
8044,DP,2015-03-10,563280.00
8045,DP,2015-03-11,567830.00
8046,DP,2015-03-12,568285.00
8047,DP,2015-03-13,566465.00
8048,DP,2015-03-16,567375.00
8049,DP,2015-03-17,567830.00
8050,DP,2015-03-18,567830.00
8051,DP,2015-03-19,570560.00
8052,DP,2015-03-20,566920.00
8053,DP,2015-03-23,570105.00
8054,DP,2015-03-24,570105.00
8055,DP,2015-03-25,571470.00
8056,DP,2015-03-26,571925.00
8057,DP,2015-03-27,573745.00
8058,DP,2015-03-30,571925.00
8059,DP,2015-03-31,571015.00
8060,DP,2015-04-01,571470.00
8061,DP,2015-04-02,570560.00
8062,DP,2015-04-06,571470.00
8063,DP,2015-04-07,572835.00
8064,DP,2015-04-08,573755.00
8065,DP,2015-04-09,573290.00
8066,DP,2015-04-10,575615.00
8067,DP,2015-04-13,574685.00
8068,DP,2015-04-14,575615.00
8069,DP,2015-04-15,576545.00
8070,DP,2015-04-16,576545.00
8071,DP,2015-04-17,577940.00
8072,DP,2015-04-20,577940.00
8073,DP,2015-04-21,577940.00
8074,DP,2015-04-22,577475.00
8075,DP,2015-04-23,579335.00
8076,DP,2015-04-24,579800.00
8077,DP,2015-04-27,579335.00
8078,DP,2015-04-28,581660.00
8079,DP,2015-04-29,580265.00
8080,DP,2015-04-30,581195.00
8081,DP,2015-05-01,584915.00
8082,DP,2015-05-04,589565.00
8083,DP,2015-05-05,587240.00
8084,DP,2015-05-06,583515.00
8085,DP,2015-05-07,587245.00
8086,DP,2015-05-08,592370.00
8087,DP,2015-05-11,592835.00
8088,DP,2015-05-12,596575.00
8089,DP,2015-05-13,597045.00
8090,DP,2015-05-14,597045.00
8091,DP,2015-05-15,597985.00
8092,DP,2015-05-18,597515.00
8093,DP,2015-05-19,600335.00
8094,DP,2015-05-20,597045.00
8095,DP,2015-05-21,599865.00
8096,DP,2015-05-22,598455.00
8097,DP,2015-05-26,602215.00
8098,DP,2015-05-27,599865.00
8099,DP,2015-05-28,599395.00
8100,DP,2015-05-29,598455.00
8101,DP,2015-06-01,599865.00
8102,DP,2015-06-02,599395.00
8103,DP,2015-06-03,597985.00
8104,DP,2015-06-04,599395.00
8105,DP,2015-06-05,599865.00
8106,DP,2015-06-08,599395.00
8107,DP,2015-06-09,600790.00
8108,DP,2015-06-10,602185.00
8109,DP,2015-06-11,602185.00
8110,DP,2015-06-12,602650.00
8111,DP,2015-06-15,602185.00
8112,DP,2015-06-16,598930.00
8113,DP,2015-06-17,599860.00
8114,DP,2015-06-18,600790.00
8115,DP,2015-06-19,603115.00
8116,DP,2015-06-22,604045.00
8117,DP,2015-06-23,604510.00
8118,DP,2015-06-24,603580.00
8119,DP,2015-06-25,603580.00
8120,DP,2015-06-26,603115.00
8121,DP,2015-06-29,600325.00
8122,DP,2015-06-30,602650.00
8123,DP,2015-07-01,605905.00
8124,DP,2015-07-02,605440.00
8125,DP,2015-07-06,602185.00
8126,DP,2015-07-07,605005.00
8127,DP,2015-07-08,604975.00
8128,DP,2015-07-09,608290.00
8129,DP,2015-07-10,614080.00
8130,DP,2015-07-13,617890.00
8131,DP,2015-07-14,619780.00
8132,DP,2015-07-15,620215.00
8133,DP,2015-07-16,622195.00
8134,DP,2015-07-17,628855.00
8135,DP,2015-07-20,630340.00
8136,DP,2015-07-21,629845.00
8137,DP,2015-07-22,630835.00
8138,DP,2015-07-23,632815.00
8139,DP,2015-07-24,633805.00
8140,DP,2015-07-27,630835.00
8141,DP,2015-07-28,638755.00
8142,DP,2015-08-04,638755.00
8143,DP,2015-08-05,636955.00
8144,DP,2015-08-06,637405.00
8145,DP,2015-08-07,639205.00
8146,DP,2015-08-10,639205.00
8147,DP,2015-08-11,634255.00
8148,DP,2015-08-12,637405.00
8149,DP,2015-08-13,638305.00
8150,DP,2015-08-14,638755.00
8151,DP,2015-08-17,644155.00
8152,DP,2015-08-18,642805.00
8153,DP,2015-08-19,641455.00
8154,DP,2015-08-20,636505.00
8155,DP,2015-10-13,630590.00
8156,DP,2015-10-14,637415.00
8157,DP,2015-10-15,637415.00
8158,DP,2015-10-16,636960.00
8159,DP,2015-10-19,637870.00
8160,DP,2015-10-20,637870.00
8161,DP,2015-10-21,637415.00
8162,DP,2015-10-22,638325.00
8163,DP,2015-10-23,639235.00
8164,DP,2015-10-26,640600.00
8165,DP,2015-10-27,642420.00
8166,DP,2015-10-28,640145.00
8167,DP,2015-10-29,643785.00
8168,DP,2015-10-30,642875.00
8169,DP,2015-11-02,640600.00
8170,DP,2015-11-03,638780.00
8171,DP,2015-11-04,640600.00
8172,DP,2015-11-05,637415.00
8173,DP,2015-11-06,638325.00
8174,DP,2015-11-09,637415.00
8175,DP,2015-11-10,637870.00
8176,DP,2015-11-11,641055.00
8177,DP,2015-11-12,641510.00
8178,DP,2015-11-13,640600.00
8179,DP,2015-11-16,643785.00
8180,DP,2015-11-17,642875.00
8181,DP,2015-11-18,645150.00
8182,DP,2015-11-19,648790.00
8183,DP,2015-12-08,648790.00
8184,DP,2015-12-09,647850.00
8185,DP,2015-12-10,649260.00
8186,DP,2015-12-11,645970.00
8187,DP,2016-01-05,645485.00
8188,DP,2016-01-06,648395.00
8189,DP,2016-01-07,641120.00
8190,DP,2016-02-03,641605.00
8191,DP,2016-02-04,643060.00
8192,DP,2016-02-05,636755.00
8193,DP,2016-02-08,636270.00
8194,DP,2016-03-09,634860.00
8195,DP,2016-03-10,635800.00
8196,DP,2016-03-11,636740.00
8197,DP,2016-03-14,638620.00
8198,DP,2016-03-15,639560.00
8199,DP,2016-03-16,642850.00
8200,DP,2016-03-17,641440.00
8201,DP,2016-03-18,640970.00
8202,DP,2016-03-21,642850.00
8203,DP,2016-03-22,641910.00
8204,DP,2016-03-23,643320.00
8205,DP,2016-03-24,645670.00
8206,DP,2016-03-28,643790.00
8207,DP,2016-03-29,643790.00
8208,DP,2016-03-30,641910.00
8209,DP,2016-03-31,641910.00
8210,DP,2016-04-01,641440.00
8211,DP,2016-04-04,644730.00
8212,DP,2016-04-05,644320.00
8213,DP,2016-04-06,644260.00
8214,DP,2016-04-07,644340.00
8215,DP,2016-04-08,645260.00
8216,DP,2016-04-11,648470.00
8217,DP,2016-04-12,648390.00
8218,DP,2016-04-13,648390.00
8219,DP,2016-04-14,649290.00
8220,DP,2016-04-15,648390.00
8221,DP,2016-04-18,649740.00
8222,DP,2016-04-19,649740.00
8223,DP,2016-04-20,650190.00
8224,DP,2016-04-21,650640.00
8225,DP,2016-04-22,648840.00
8226,DP,2016-04-25,649740.00
8227,DP,2016-04-26,647940.00
8228,DP,2016-04-27,648840.00
8229,DP,2016-04-28,650190.00
8230,DP,2016-04-29,650190.00
8231,DP,2016-05-02,649740.00
8232,DP,2016-05-03,651990.00
8233,DP,2016-05-04,656070.00
8234,DP,2016-05-05,657885.00
8235,DP,2016-05-06,660135.00
8236,DP,2016-05-09,661530.00
8237,DP,2016-05-10,661125.00
8238,DP,2016-05-11,663345.00
8239,DP,2016-05-12,664695.00
8240,DP,2016-05-13,667845.00
8241,DP,2016-05-16,670635.00
8242,DP,2016-05-17,669705.00
8243,DP,2016-05-18,669240.00
8244,DP,2016-05-19,668310.00
8245,DP,2016-05-20,671100.00
8246,DP,2016-05-23,672495.00
8247,DP,2016-05-24,672030.00
8248,DP,2016-05-25,674355.00
8249,DP,2016-05-26,673425.00
8250,DP,2016-05-27,672495.00
8251,DP,2016-05-31,672030.00
8252,DP,2016-06-01,671565.00
8253,DP,2016-06-02,671100.00
8254,DP,2016-06-03,671565.00
8255,DP,2016-06-06,668542.50
8256,DP,2016-06-10,664982.50
8257,DP,2016-06-13,662312.50
8258,DP,2016-06-14,662757.50
8259,DP,2016-06-15,662757.50
8260,DP,2016-06-16,665427.50
8261,DP,2016-06-17,663647.50
8262,DP,2016-06-20,668542.50
8263,DP,2016-06-21,668987.50
8264,DP,2016-06-22,666762.50
8265,DP,2016-06-23,669877.50
8266,DP,2016-06-24,662312.50
8267,DP,2016-07-06,662777.50
8268,DP,2016-07-07,661382.50
8269,DP,2016-07-08,663242.50
8270,DP,2016-07-11,662777.50
8271,DP,2016-07-12,660917.50
8272,DP,2016-07-13,661382.50
8273,DP,2016-07-14,661847.50
8274,DP,2016-07-15,662312.50
8275,DP,2016-07-18,662777.50
8276,DP,2016-07-19,662777.50
8277,DP,2016-07-20,662312.50
8278,DP,2016-07-21,663242.50
8279,DP,2016-07-22,661847.50
8280,DP,2016-07-25,661847.50
8281,DP,2016-07-26,662312.50
8282,DP,2016-07-27,661847.50
8283,DP,2016-07-28,661382.50
8284,DP,2016-07-29,661847.50
8285,DP,2016-08-01,662312.50
8286,DP,2016-08-02,664172.50
8287,DP,2016-08-03,664172.50
8288,DP,2016-08-04,663010.00
8289,DP,2016-08-05,660685.00
8290,DP,2016-08-08,660685.00
8291,DP,2016-08-09,659795.00
8292,DP,2016-08-10,661575.00
8293,DP,2016-08-11,661575.00
8294,DP,2016-08-12,662465.00
8295,DP,2016-08-15,660685.00
8296,DP,2016-08-16,661575.00
8297,DP,2016-08-17,662465.00
8298,DP,2016-08-18,663800.00
8299,DP,2016-08-19,663355.00
8300,DP,2016-08-22,663800.00
8301,DP,2016-08-23,662910.00
8302,DP,2016-08-24,662465.00
8303,DP,2016-08-25,662910.00
8304,DP,2016-08-26,662020.00
8305,DP,2016-08-29,662910.00
8306,DP,2016-08-30,662465.00
8307,DP,2016-08-31,664245.00
8308,DP,2016-09-01,662910.00
8309,DP,2016-09-02,662020.00
8310,DP,2016-09-06,662465.00
8311,DP,2016-09-07,661575.00
8312,DP,2016-09-08,662020.00
8313,DP,2016-09-09,662415.00
8314,DP,2016-09-12,666015.00
8315,DP,2016-09-13,660610.00
8316,DP,2016-09-14,661500.00
8317,DP,2016-09-15,661945.00
8318,DP,2016-09-16,663280.00
8319,DP,2016-09-19,662835.00
8320,DP,2016-09-20,663280.00
8321,DP,2016-09-21,661945.00
8322,DP,2016-09-22,656605.00
8323,DP,2016-10-04,654280.00
8324,DP,2016-10-05,656140.00
8325,DP,2016-10-06,657535.00
8326,DP,2016-10-07,656605.00
8327,DP,2016-10-10,657535.00
8328,DP,2016-10-11,656140.00
8329,DP,2016-10-12,657070.00
8330,DP,2016-10-13,657535.00
8331,DP,2016-10-14,657535.00
8332,DP,2016-10-17,656140.00
8333,DP,2016-10-18,658000.00
8334,DP,2016-10-19,660790.00
8335,DP,2016-10-20,662185.00
8336,DP,2016-10-21,661255.00
8337,DP,2016-10-24,664510.00
8338,DP,2016-10-25,666835.00
8339,DP,2016-10-26,664510.00
8340,DP,2016-10-27,663115.00
8341,DP,2016-11-17,661735.00
8342,DP,2016-11-18,663575.00
8343,DP,2016-11-21,664495.00
8344,DP,2016-11-22,664035.00
8345,DP,2016-11-23,662195.00
8346,DP,2016-11-25,662655.00
8347,DP,2016-11-28,664495.00
8348,DP,2016-11-29,664955.00
8349,DP,2016-11-30,666335.00
8350,DP,2016-12-01,665415.00
8351,DP,2016-12-02,666795.00
8352,DP,2016-12-05,664955.00
8353,DP,2016-12-06,664035.00
8354,DP,2016-12-07,663115.00
8355,DP,2016-12-08,661965.00
8356,DP,2016-12-09,662195.00
8357,DP,2016-12-12,663575.00
8358,DP,2016-12-13,662635.00
8359,DP,2016-12-14,661695.00
8360,DP,2016-12-15,664045.00
8361,DP,2016-12-16,666865.00
8362,DP,2016-12-19,669215.00
8363,DP,2016-12-20,668275.00
8364,DP,2016-12-21,669685.00
8365,DP,2016-12-22,666865.00
8366,DP,2016-12-23,668745.00
8367,DP,2016-12-27,670625.00
8368,DP,2016-12-28,669685.00
8369,DP,2016-12-29,669685.00
8370,DP,2016-12-30,669215.00
8371,DP,2017-01-03,672505.00
8372,DP,2017-01-04,671095.00
8373,DP,2017-01-05,674855.00
8374,DP,2017-01-06,678145.00
8375,DP,2017-01-09,680965.00
8376,DP,2017-01-10,685165.00
8377,DP,2017-01-11,685165.00
8378,DP,2017-01-12,686560.00
8379,DP,2017-01-13,688420.00
8380,DP,2017-01-17,688420.00
8381,DP,2017-01-18,691210.00
8382,DP,2017-01-19,690745.00
8383,DP,2017-01-20,694465.00
8384,DP,2017-01-23,694465.00
8385,DP,2017-01-24,695395.00
8386,DP,2017-01-25,696790.00
8387,DP,2017-01-26,696790.00
8388,DP,2017-01-27,697720.00
8389,DP,2017-01-30,695860.00
8390,DP,2017-01-31,694465.00
8391,DP,2017-02-01,697720.00
8392,DP,2017-02-02,695860.00
8393,DP,2017-02-03,696790.00
8394,DP,2017-02-06,698650.00
8395,DP,2017-02-07,694990.00
8396,DP,2017-02-08,696820.00
8397,DP,2017-02-09,700490.00
8398,DP,2017-02-10,696790.00
8399,DP,2017-02-13,700450.00
8400,DP,2017-02-14,700450.00
8401,DP,2017-02-15,700905.00
8402,DP,2017-02-16,700905.00
8403,DP,2017-02-17,702270.00
8404,DP,2017-02-21,700905.00
8405,DP,2017-02-22,701360.00
8406,DP,2017-02-23,701360.00
8407,DP,2017-02-24,701360.00
8408,DP,2017-02-27,700905.00
8409,DP,2017-02-28,701815.00
8410,DP,2017-03-01,699995.00
8411,DP,2017-03-02,702725.00
8412,DP,2017-03-03,704545.00
8413,DP,2017-03-06,706365.00
8414,DP,2017-03-07,710480.00
8415,DP,2017-03-08,709530.00
8416,DP,2017-03-09,709500.00
8417,DP,2017-03-10,715920.00
8418,DP,2017-03-13,720105.00
8419,DP,2017-03-14,719610.00
8420,DP,2017-03-15,725655.00
8421,DP,2017-03-16,725190.00
8422,DP,2017-03-17,725190.00
8423,DP,2017-03-20,726120.00
8424,DP,2017-03-21,719145.00
8425,DP,2017-04-04,716920.00
8426,DP,2017-04-05,716030.00
8427,DP,2017-04-06,716475.00
8428,DP,2017-04-07,718255.00
8429,DP,2017-04-10,717810.00
8430,DP,2017-04-11,718255.00
8431,DP,2017-04-12,716475.00
8432,DP,2017-04-13,716920.00
8433,DP,2017-04-17,721370.00
8434,DP,2017-04-18,721370.00
8435,DP,2017-04-19,721370.00
8436,DP,2017-04-20,721370.00
8437,DP,2017-04-21,721370.00
8438,DP,2017-04-24,720480.00
8439,DP,2017-04-25,720035.00
8440,DP,2017-04-26,718700.00
8441,DP,2017-04-27,720035.00
8442,DP,2017-04-28,724040.00
8443,DP,2017-05-01,723150.00
8444,DP,2017-05-02,725375.00
8445,DP,2017-05-03,727600.00
8446,DP,2017-05-04,728045.00
8447,DP,2017-05-05,726710.00
8448,DP,2017-05-08,729825.00
8449,DP,2017-05-09,728550.00
8450,DP,2017-05-10,726710.00
8451,DP,2017-05-11,729360.00
8452,DP,2017-05-12,729865.00
8453,DP,2017-05-15,730755.00
8454,DP,2017-05-16,732415.00
8455,DP,2017-05-17,734940.00
8456,DP,2017-05-18,737490.00
8457,DP,2017-05-19,737490.00
8458,DP,2017-05-22,742165.00
8459,DP,2017-05-23,741740.00
8460,DP,2017-05-24,743015.00
8461,DP,2017-05-25,743440.00
8462,DP,2017-05-26,745565.00
8463,DP,2017-05-30,745140.00
8464,DP,2017-05-31,746415.00
8465,DP,2017-06-01,745565.00
8466,DP,2017-06-02,743440.00
8467,DP,2017-06-05,745990.00
8468,DP,2017-06-06,743425.00
8469,DP,2017-06-07,744275.00
8470,DP,2017-06-08,740885.00
8471,DP,2017-06-09,737890.00
8472,DP,2017-06-12,738310.00
8473,DP,2017-06-13,735760.00
8474,DP,2017-06-14,740920.00
8475,DP,2017-06-15,737910.00
8476,DP,2017-06-16,743070.00
8477,DP,2017-06-19,743500.00
8478,DP,2017-06-20,742210.00
8479,DP,2017-06-21,742210.00
8480,DP,2017-06-22,745220.00
8481,DP,2017-06-23,741780.00
8482,DP,2017-06-26,742640.00
8483,DP,2017-06-27,742640.00
8484,DP,2017-06-28,740920.00
8485,DP,2017-06-29,741780.00
8486,DP,2017-06-30,741780.00
8487,DP,2017-07-03,742640.00
8488,DP,2017-07-05,742640.00
8489,DP,2017-07-06,743530.00
8490,DP,2017-07-07,745215.00
8491,DP,2017-07-10,746935.00
8492,DP,2017-07-11,746500.00
8493,DP,2017-07-12,744780.00
8494,DP,2017-07-13,746055.00
8495,DP,2017-07-14,742165.00
8496,DP,2017-07-17,741315.00
8497,DP,2017-07-18,743015.00
8498,DP,2017-07-19,741315.00
8499,DP,2017-07-20,740890.00
8500,DP,2017-07-21,740890.00
8501,DP,2017-07-24,741315.00
8502,DP,2017-07-25,735365.00
8503,DP,2017-07-26,738765.00
8504,DP,2017-07-27,741315.00
8505,DP,2017-07-28,744290.00
8506,DP,2017-07-31,745140.00
8507,DP,2017-08-01,745565.00
8508,DP,2017-08-02,749815.00
8509,DP,2017-08-03,751940.00
8510,DP,2017-08-04,753215.00
8511,DP,2017-08-07,753215.00
8512,DP,2017-08-08,752365.00
8513,DP,2017-08-09,751880.00
8514,DP,2017-08-10,744070.00
8515,DP,2017-08-11,744070.00
8516,DP,2017-08-14,748520.00
8517,DP,2017-08-15,752080.00
8518,DP,2017-08-16,755640.00
8519,DP,2017-08-17,747185.00
8520,DP,2017-09-06,747645.00
8521,DP,2017-09-07,751325.00
8522,DP,2017-09-08,749945.00
8523,DP,2017-09-11,750865.00
8524,DP,2017-09-12,750405.00
8525,DP,2017-09-13,750405.00
8526,DP,2017-09-14,753165.00
8527,DP,2017-09-15,751785.00
8528,DP,2017-09-18,748105.00
8529,DP,2017-09-19,751785.00
8530,DP,2017-09-20,751785.00
8531,DP,2017-09-21,750405.00
8532,DP,2017-09-22,749485.00
8533,DP,2017-09-25,748105.00
8534,DP,2017-09-26,746725.00
8535,DP,2017-09-27,745345.00
8536,DP,2017-09-28,744425.00
8537,DP,2017-09-29,745345.00
8538,DP,2017-10-02,745345.00
8539,DP,2017-10-03,744425.00
8540,DP,2017-10-04,743045.00
8541,DP,2017-10-05,742155.00
8542,DP,2017-10-06,742845.00
8543,DP,2017-10-09,744595.00
8544,DP,2017-10-10,745885.00
8545,DP,2017-10-11,746745.00
8546,DP,2017-10-12,747175.00
8547,DP,2017-10-13,746745.00
8548,DP,2017-10-16,751475.00
8549,DP,2017-10-17,751905.00
8550,DP,2017-10-18,748895.00
8551,DP,2017-10-19,751475.00
8552,DP,2017-10-20,753625.00
8553,DP,2017-10-23,755345.00
8554,DP,2017-10-24,752765.00
8555,DP,2017-10-25,753195.00
8556,DP,2017-10-26,754485.00
8557,DP,2017-10-27,754915.00
8558,DP,2017-10-30,756635.00
8559,DP,2017-10-31,754485.00
8560,DP,2017-11-01,757495.00
8561,DP,2017-11-02,759215.00
8562,DP,2017-11-03,760075.00
8563,DP,2017-11-06,762655.00
8564,DP,2017-11-08,762655.00
8565,DP,2017-11-09,763525.00
8566,DP,2017-11-10,765265.00
8567,DP,2017-11-13,762655.00
8568,DP,2017-11-14,766135.00
8569,DP,2017-11-15,763090.00
8570,DP,2017-11-16,764830.00
8571,DP,2017-11-17,764830.00
8572,DP,2017-11-20,762220.00
8573,DP,2017-11-21,761350.00
8574,DP,2017-11-22,762220.00
8575,DP,2017-11-24,762655.00
8576,DP,2017-11-27,762220.00
8577,DP,2017-11-28,761785.00
8578,DP,2017-11-29,757435.00
8579,DP,2017-11-30,757435.00
8580,DP,2017-12-01,758305.00
8581,DP,2017-12-04,758740.00
8582,DP,2017-12-05,758720.00
8583,DP,2017-12-06,760465.00
8584,DP,2017-12-07,762240.00
8585,DP,2017-12-08,762235.00
8586,DP,2017-12-11,765285.00
8587,DP,2017-12-12,771005.00
8588,DP,2017-12-13,767925.00
8589,DP,2017-12-14,768805.00
8590,DP,2017-12-15,768365.00
8591,DP,2017-12-18,766605.00
8592,DP,2017-12-19,767485.00
8593,DP,2017-12-20,767045.00
8594,DP,2017-12-21,767045.00
8595,DP,2017-12-22,767485.00
8596,DP,2017-12-26,767925.00
8597,DP,2017-12-27,767485.00
8598,DP,2017-12-28,768365.00
8599,DP,2017-12-29,771005.00
8600,DP,2018-01-02,770125.00
8601,DP,2018-01-03,769245.00
8602,DP,2018-01-04,768805.00
8603,DP,2018-01-05,770125.00
8604,DP,2018-01-08,769645.00
8605,DP,2018-01-09,769645.00
8606,DP,2018-01-10,768805.00
8607,DP,2018-01-11,766285.00
8608,DP,2018-01-12,766285.00
8609,DP,2018-01-16,768805.00
8610,DP,2018-01-17,765445.00
8611,DP,2018-01-18,765445.00
8612,DP,2018-01-19,763765.00
8613,DP,2018-01-22,763345.00
8614,DP,2018-01-23,760825.00
8615,DP,2018-01-24,763765.00
8616,DP,2018-01-25,763765.00
8617,DP,2018-01-26,762085.00
8618,DP,2018-01-29,762505.00
8619,DP,2018-01-30,764605.00
8620,DP,2018-01-31,766285.00
8621,DP,2018-02-01,765865.00
8622,DP,2018-02-02,764605.00
8623,DP,2018-02-05,752005.00
8624,DP,2018-02-06,752515.00
8625,DP,2018-02-07,758635.00
8626,DP,2018-02-08,751495.00
8627,DP,2018-02-09,746905.00
8628,DP,2018-02-12,769345.00
8629,DP,2018-02-13,758635.00
8630,DP,2018-02-14,767305.00
8631,DP,2018-02-15,763735.00
8632,DP,2018-02-16,761695.00
8633,DP,2018-02-20,763735.00
8634,DP,2018-02-21,761185.00
8635,DP,2018-02-22,762205.00
8636,DP,2018-02-23,763225.00
8637,DP,2018-02-26,761185.00
8638,DP,2018-02-27,762205.00
8639,DP,2018-02-28,763225.00
8640,DP,2018-03-01,765775.00
8641,DP,2018-03-02,766285.00
8642,DP,2018-03-05,761695.00
8643,DP,2018-03-06,761695.00
8644,DP,2018-03-07,759655.00
8645,DP,2018-03-08,761695.00
8646,DP,2018-03-09,762505.00
8647,DP,2018-03-12,759145.00
8648,DP,2018-03-13,761995.00
8649,DP,2018-03-14,763895.00
8650,DP,2018-03-15,763420.00
8651,DP,2018-03-16,763895.00
8652,DP,2018-03-19,764370.00
8653,DP,2018-03-20,764845.00
8654,DP,2018-03-21,764370.00
8655,DP,2018-03-22,761520.00
8656,DP,2018-03-23,758195.00
8657,DP,2018-04-03,759205.00
8658,DP,2018-04-04,763750.00
8659,DP,2018-04-05,762235.00
8660,DP,2018-04-06,762235.00
8661,DP,2018-04-09,762235.00
8662,DP,2018-04-10,761730.00
8663,DP,2018-04-11,762235.00
8664,DP,2018-04-12,763750.00
8665,DP,2018-04-13,764255.00
8666,DP,2018-04-16,763750.00
8667,DP,2018-04-17,762740.00
8668,DP,2018-04-18,761730.00
8669,DP,2018-04-19,763750.00
8670,DP,2018-04-20,763750.00
8671,DP,2018-04-23,764255.00
8672,DP,2018-04-24,765265.00
8673,DP,2018-04-25,765770.00
8674,DP,2018-04-26,766780.00
8675,DP,2018-04-27,766780.00
8676,DP,2018-04-30,768295.00
8677,DP,2018-05-01,768295.00
8678,DP,2018-05-02,766780.00
8679,DP,2018-05-03,769305.00
8680,DP,2018-05-04,765770.00
8681,DP,2018-05-07,764002.50
8682,DP,2018-05-15,763152.50
8683,DP,2018-05-16,762302.50
8684,DP,2018-05-17,761027.50
8685,DP,2018-05-18,759327.50
8686,DP,2018-05-21,758477.50
8687,DP,2018-05-22,759752.50
8688,DP,2018-05-23,760177.50
8689,DP,2018-05-24,759752.50
8690,DP,2018-05-25,760177.50
8691,DP,2018-05-29,759327.50
8692,DP,2018-05-30,757627.50
8693,DP,2018-05-31,758902.50
8694,DP,2018-06-01,756777.50
8695,DP,2018-06-04,756777.50
8696,DP,2018-06-05,753802.50
8697,DP,2018-06-06,754227.50
8698,DP,2018-06-07,752952.50
8699,DP,2018-06-08,751657.50
8700,DP,2018-06-11,754232.50
8701,DP,2018-06-12,752512.50
8702,DP,2018-06-13,753372.50
8703,DP,2018-06-14,752082.50
8704,DP,2018-06-15,752512.50
8705,DP,2018-06-18,750362.50
8706,DP,2018-06-19,750792.50
8707,DP,2018-06-20,747782.50
8708,DP,2018-06-21,746492.50
8709,DP,2018-06-22,747782.50
8710,DP,2018-06-25,746922.50
8711,DP,2018-06-26,748642.50
8712,DP,2018-06-27,748212.50
8713,DP,2018-06-28,746922.50
8714,DP,2018-06-29,751222.50
8715,DP,2018-07-02,750362.50
8716,DP,2018-07-03,748642.50
8717,DP,2018-07-05,750792.50
8718,DP,2018-07-06,751222.50
8719,DP,2018-07-09,751222.50
8720,DP,2018-07-11,750752.50
8721,DP,2018-07-12,751692.50
8722,DP,2018-07-13,754042.50
8723,DP,2018-07-16,754042.50
8724,DP,2018-07-17,754982.50
8725,DP,2018-07-18,756862.50
8726,DP,2018-07-19,755922.50
8727,DP,2018-07-20,755922.50
8728,DP,2018-07-23,758272.50
8729,DP,2018-07-24,758272.50
8730,DP,2018-07-25,760152.50
8731,DP,2018-07-26,758742.50
8732,DP,2018-07-27,759682.50
8733,DP,2018-07-30,759212.50
8734,DP,2018-07-31,760622.50
8735,DP,2018-08-01,763442.50
8736,DP,2018-08-02,762972.50
8737,DP,2018-08-03,765792.50
8738,DP,2018-08-06,767202.50
8739,DP,2018-08-07,768612.50
8740,DP,2018-08-08,770022.50
8741,DP,2018-08-13,771357.50
8742,DP,2018-08-14,771357.50
8743,DP,2018-08-15,770912.50
8744,DP,2018-08-16,770912.50
8745,DP,2018-08-17,773137.50
8746,DP,2018-08-20,773137.50
8747,DP,2018-08-21,770022.50
8748,DP,2018-08-22,770022.50
8749,DP,2018-08-23,770467.50
8750,DP,2018-08-24,768687.50
8751,DP,2018-08-27,769577.50
8752,DP,2018-08-28,769132.50
8753,DP,2018-08-29,770022.50
8754,DP,2018-08-30,770022.50
8755,DP,2018-08-31,768242.50
8756,DP,2018-09-04,769577.50
8757,DP,2018-09-05,770932.50
8758,DP,2018-09-06,771822.50
8759,DP,2018-09-07,773157.50
8760,DP,2018-09-10,773197.50
8761,DP,2018-09-11,774612.50
8762,DP,2018-09-12,777362.50
8763,DP,2018-09-13,781407.50
8764,DP,2018-09-14,780557.50
8765,DP,2018-09-17,781022.50
8766,DP,2018-09-18,782882.50
8767,DP,2018-09-19,784742.50
8768,DP,2018-09-20,783347.50
8769,DP,2018-09-21,789857.50
8770,DP,2018-09-24,787997.50
8771,DP,2018-09-25,788462.50
8772,DP,2018-09-26,787997.50
8773,DP,2018-09-27,789392.50
8774,DP,2018-09-28,790322.50
8775,DP,2018-10-01,780092.50
8776,DP,2018-10-09,780582.50
8777,DP,2018-10-10,771762.50
8778,DP,2018-11-06,772812.50
8779,DP,2018-11-07,778062.50
8780,DP,2018-11-08,777012.50
8781,DP,2018-11-09,775437.50
8782,DP,2018-11-12,773337.50
8783,DP,2018-11-13,772812.50
8784,DP,2018-11-14,771762.50
8785,DP,2018-12-06,770712.50
8786,DP,2018-12-07,763887.50
8787,DP,2018-12-10,764412.50
8788,DP,2018-12-11,764412.50
8789,DP,2018-12-12,770712.50
8790,DP,2018-12-13,767562.50
8791,DP,2019-01-04,774102.50
8792,DP,2019-01-07,776827.50
8793,DP,2019-01-08,778462.50
8794,DP,2019-01-09,779007.50
8795,DP,2019-01-10,777372.50
8796,DP,2019-01-11,780097.50
8797,DP,2019-01-14,779552.50
8798,DP,2019-01-15,780642.50
8799,DP,2019-01-16,779552.50
8800,DP,2019-01-17,780097.50
8801,DP,2019-01-18,780097.50
8802,DP,2019-01-22,780097.50
8803,DP,2019-01-23,779552.50
8804,DP,2019-01-24,778462.50
8805,DP,2019-01-25,779007.50
8806,DP,2019-01-28,779552.50
8807,DP,2019-01-29,779007.50
8808,DP,2019-01-30,780642.50
8809,DP,2019-01-31,780097.50
8810,DP,2019-03-05,779632.50
8811,DP,2019-03-06,775447.50
8812,DP,2019-03-07,773122.50
8813,DP,2019-04-09,772647.50
8814,DP,2019-04-10,772647.50
8815,DP,2019-04-11,773122.50
8816,DP,2019-04-12,774072.50
8817,DP,2019-04-15,774547.50
8818,DP,2019-04-16,775972.50
8819,DP,2019-04-17,774547.50
8820,DP,2019-04-18,776447.50
8821,DP,2019-04-22,775972.50
8822,DP,2019-04-23,778347.50
8823,DP,2019-04-24,779297.50
8824,DP,2019-04-25,778822.50
8825,DP,2019-04-26,779297.50
8826,DP,2019-04-29,779772.50
8827,DP,2019-04-30,779297.50
8828,DP,2019-05-01,781197.50
8829,DP,2019-05-02,779297.50
8830,DP,2019-05-03,778347.50
8831,DP,2019-05-06,775972.50
8832,DP,2019-05-07,772172.50
8833,DP,2019-05-08,773717.50
8834,DP,2019-05-09,772252.50
8835,DP,2019-05-10,780052.50
8836,DP,2019-05-13,765282.50
8837,DP,2019-06-06,766292.50
8838,DP,2019-06-07,767807.50
8839,DP,2019-06-10,766797.50
8840,DP,2019-06-11,767807.50
8841,DP,2019-06-12,767302.50
8842,DP,2019-06-13,768312.50
8843,DP,2019-06-14,768312.50
8844,DP,2019-06-17,769827.50
8845,DP,2019-06-18,770332.50
8846,DP,2019-06-19,771342.50
8847,DP,2019-06-20,772352.50
8848,DP,2019-06-21,772352.50
8849,DP,2019-06-24,773362.50
8850,DP,2019-06-25,772857.50
8851,DP,2019-06-26,772352.50
8852,DP,2019-06-27,772857.50
8853,DP,2019-06-28,772352.50
8854,DP,2019-07-01,773867.50
8855,DP,2019-07-02,774877.50
8856,DP,2019-07-03,773362.50
8857,DP,2019-07-05,773867.50
8858,DP,2019-07-08,775887.50
8859,DP,2019-07-09,775407.50
8860,DP,2019-07-10,777327.50
8861,DP,2019-07-11,778767.50
8862,DP,2019-07-12,778767.50
8863,DP,2019-07-15,778767.50
8864,DP,2019-07-16,779727.50
8865,DP,2019-07-17,780207.50
8866,DP,2019-07-18,779727.50
8867,DP,2019-07-19,781647.50
8868,DP,2019-07-22,781647.50
8869,DP,2019-07-23,781647.50
8870,DP,2019-07-24,781647.50
8871,DP,2019-07-25,784527.50
8872,DP,2019-07-26,783567.50
8873,DP,2019-07-29,783567.50
8874,DP,2019-07-30,781167.50
8875,DP,2019-07-31,778287.50
8876,DP,2019-08-01,777327.50
8877,DP,2019-08-02,773487.50
8878,DP,2019-08-05,764847.50
8879,DP,2019-08-06,763272.50
8880,DP,2019-08-07,766947.50
8881,DP,2019-08-08,769047.50
8882,DP,2019-08-09,767472.50
8883,DP,2019-08-12,767997.50
8884,DP,2019-08-13,767997.50
8885,DP,2019-08-14,765897.50
8886,DP,2019-08-15,762747.50
8887,DP,2019-08-16,767997.50
8888,DP,2019-08-19,774297.50
8889,DP,2019-08-20,770097.50
8890,DP,2019-08-21,771147.50
8891,DP,2019-08-22,773247.50
8892,DP,2019-08-23,765897.50
8893,DP,2019-08-26,766947.50
8894,DP,2019-08-27,765372.50
8895,DP,2019-08-28,767997.50
8896,DP,2019-08-29,772197.50
8897,DP,2019-08-30,770622.50
8898,DP,2019-09-03,775347.50
8899,DP,2019-09-04,775337.50
8900,DP,2019-09-05,783697.50
8901,DP,2019-09-06,786312.50
8902,DP,2019-09-09,783697.50
8903,DP,2019-09-10,784217.50
8904,DP,2019-09-11,783697.50
8905,DP,2019-09-12,785777.50
8906,DP,2019-09-13,784737.50
8907,DP,2019-09-16,784737.50
8908,DP,2019-09-17,784737.50
8909,DP,2019-09-18,786817.50
8910,DP,2019-09-19,785257.50
8911,DP,2019-09-20,786817.50
8912,DP,2019-09-23,786817.50
8913,DP,2019-09-24,784737.50
8914,DP,2019-09-25,785777.50
8915,DP,2019-09-26,786817.50
8916,DP,2019-09-27,784737.50
8917,DP,2019-09-30,786817.50
8918,DP,2019-10-01,786297.50
8919,DP,2019-10-02,784737.50
8920,DP,2019-10-03,786817.50
8921,DP,2019-10-04,786817.50
8922,DP,2019-10-07,787857.50
8923,DP,2019-10-08,779647.50
8924,DP,2019-10-09,776637.50
8925,DP,2019-10-10,783777.50
8926,DP,2019-10-11,783787.50
8927,DP,2019-10-14,789907.50
8928,DP,2019-10-15,792967.50
8929,DP,2019-10-16,793987.50
8930,DP,2019-10-17,794497.50
8931,DP,2019-10-18,793987.50
8932,DP,2019-10-21,795007.50
8933,DP,2019-10-22,795517.50
8934,DP,2019-10-23,797047.50
8935,DP,2019-10-24,796537.50
8936,DP,2019-10-25,797557.50
8937,DP,2019-10-28,796537.50
8938,DP,2019-10-29,795007.50
8939,DP,2019-10-30,796027.50
8940,DP,2019-10-31,797557.50
8941,DP,2019-11-01,796537.50
8942,DP,2019-11-04,795517.50
8943,DP,2019-11-05,795517.50
8944,DP,2019-11-06,797047.50
8945,DP,2019-11-07,795557.50
8946,DP,2019-11-08,796497.50
8947,DP,2019-11-11,797437.50
8948,DP,2019-11-12,797907.50
8949,DP,2019-11-13,797437.50
8950,DP,2019-11-14,796967.50
8951,DP,2019-11-15,799317.50
8952,DP,2019-11-18,798847.50
8953,DP,2019-11-19,800257.50
8954,DP,2019-11-20,799317.50
8955,DP,2019-11-21,800257.50
8956,DP,2019-11-22,800257.50
8957,DP,2019-11-25,799317.50
8958,DP,2019-11-26,800727.50
8959,DP,2019-11-27,799317.50
8960,DP,2019-11-29,799787.50
8961,DP,2019-12-02,799787.50
8962,DP,2019-12-03,797437.50
8963,DP,2019-12-04,797907.50
8964,DP,2019-12-05,798377.50
8965,DP,2019-12-06,798377.50
8966,DP,2019-12-09,798847.50
8967,DP,2019-12-10,798357.50
8968,DP,2019-12-11,798357.50
8969,DP,2019-12-12,799337.50
8970,DP,2019-12-13,803257.50
8971,DP,2019-12-16,804237.50
8972,DP,2019-12-17,805217.50
8973,DP,2019-12-18,804237.50
8974,DP,2019-12-19,804237.50
8975,DP,2019-12-20,804727.50
8976,DP,2019-12-23,802767.50
8977,DP,2019-12-24,802767.50
8978,DP,2019-12-26,802277.50
8979,DP,2019-12-27,803257.50
8980,DP,2019-12-30,802767.50
8981,DP,2019-12-31,802767.50
8982,DP,2020-01-02,807177.50
8983,DP,2020-01-03,804727.50
8984,DP,2020-01-06,805217.50
8985,DP,2020-01-07,807177.50
8986,DP,2020-01-08,806197.50
8987,DP,2020-01-09,808617.50
8988,DP,2020-01-10,812507.50
8989,DP,2020-01-13,812477.50
8990,DP,2020-01-14,814377.50
8991,DP,2020-01-15,813427.50
8992,DP,2020-01-16,812477.50
8993,DP,2020-01-17,812002.50
8994,DP,2020-01-21,814377.50
8995,DP,2020-01-22,813427.50
8996,DP,2020-01-23,813902.50
8997,DP,2020-01-24,812952.50
8998,DP,2020-01-27,810577.50
8999,DP,2020-01-28,812477.50
9000,DP,2020-01-29,813427.50
9001,DP,2020-01-30,814377.50
9002,DP,2020-01-31,804402.50
9003,DP,2020-02-07,802502.50
9004,DP,2020-02-10,802977.50
9005,DP,2020-02-11,802977.50
9006,DP,2020-02-12,807727.50
9007,DP,2020-02-13,806777.50
9008,DP,2020-02-14,807727.50
9009,DP,2020-02-18,806777.50
9010,DP,2020-02-19,808202.50
9011,DP,2020-02-20,807727.50
9012,DP,2020-02-21,805827.50
9013,DP,2020-02-24,800127.50
9014,DP,2020-03-04,801822.50
9015,DP,2020-03-05,800127.50
9016,DP,2020-03-06,788262.50
9017,DP,2020-04-14,788262.50
9018,DP,2020-04-15,780397.50
9019,DP,2020-04-16,777977.50
9020,DP,2020-04-17,785237.50
9021,DP,2020-04-20,780397.50
9022,DP,2020-04-21,783422.50
9023,DP,2020-04-22,789472.50
9024,DP,2020-04-23,787657.50
9025,DP,2020-04-24,792497.50
9026,DP,2020-04-27,799152.50
9027,DP,2020-04-28,799757.50
9028,DP,2020-04-29,805202.50
9029,DP,2020-04-30,800362.50
9030,DP,2020-05-01,792497.50
9031,DP,2020-05-04,796127.50
9032,DP,2020-05-05,796732.50
9033,DP,2020-05-06,794917.50
9034,DP,2020-05-07,799212.50
9035,DP,2020-05-08,806572.50
9036,DP,2020-05-11,810847.50
9037,DP,2020-05-12,808972.50
9038,DP,2020-05-13,800847.50
9039,DP,2020-06-10,796612.50
9040,DP,2020-07-08,797822.50
9041,DP,2020-07-09,796007.50
9042,DP,2020-07-10,797217.50
9043,DP,2020-07-13,796612.50
9044,DP,2020-07-14,798427.50
9045,DP,2020-07-15,803872.50
9046,DP,2020-07-16,802662.50
9047,DP,2020-07-17,803872.50
9048,DP,2020-07-20,805687.50
9049,DP,2020-07-21,807502.50
9050,DP,2020-07-22,809317.50
9051,DP,2020-07-23,808712.50
9052,DP,2020-07-24,808107.50
9053,DP,2020-07-27,809922.50
9054,DP,2020-07-28,809922.50
9055,DP,2020-07-29,812342.50
9056,DP,2020-07-30,812342.50
9057,DP,2020-07-31,808712.50
9058,DP,2020-08-03,812342.50
9059,DP,2020-08-04,815367.50
9060,DP,2020-08-05,817182.50
9061,DP,2020-08-06,817182.50
9062,DP,2020-08-07,817182.50
9063,DP,2020-08-10,816577.50
9064,DP,2020-08-12,817137.50
9065,DP,2020-08-13,816577.50
9066,DP,2020-08-14,817697.50
9067,DP,2020-08-17,820491.90
9068,DP,2020-08-18,819377.50
9069,DP,2020-08-19,819377.50
9070,DP,2020-08-20,817697.50
9071,DP,2020-08-21,817697.50
9072,DP,2020-08-24,819377.50
9073,DP,2020-08-25,821617.50
9074,DP,2020-08-26,819377.50
9075,DP,2020-08-27,819937.50
9076,DP,2020-08-28,821617.50
9077,DP,2020-08-31,822177.50
9078,DP,2020-09-01,822171.90
9079,DP,2020-09-02,822177.50
9080,DP,2020-09-03,809857.50
9081,DP,2020-09-04,810977.50
9082,DP,2020-09-09,814002.50
9083,DP,2020-09-10,814002.50
9084,DP,2020-09-11,809162.50
9085,DP,2020-09-14,815817.50
9086,DP,2020-09-15,816422.50
9087,DP,2020-09-16,818842.50
9088,DP,2020-09-17,818842.50
9089,DP,2020-09-18,817632.50
9090,DP,2020-09-21,808557.50
9091,DP,2020-09-22,808557.50
9092,DP,2020-09-23,804322.50
9093,DP,2020-10-14,804322.50
9094,DP,2020-10-15,806062.50
9095,DP,2020-10-16,806062.50
9096,DP,2020-10-19,802582.50
9097,DP,2020-10-20,803742.50
9098,DP,2020-10-21,803742.50
9099,DP,2020-10-22,803162.50
9100,DP,2020-10-23,807222.50
9101,DP,2020-10-26,796782.50
9102,DP,2020-10-27,799102.50
9103,DP,2020-11-05,805647.50
9104,DP,2020-11-06,806837.50
9105,DP,2020-11-09,813977.50
9106,DP,2020-11-10,810407.50
9107,DP,2020-11-11,812192.50
9108,DP,2020-11-12,809812.50
9109,DP,2020-11-13,813382.50
9110,DP,2020-11-16,813977.50
9111,DP,2020-11-17,813977.50
9112,DP,2020-11-18,813977.50
9113,DP,2020-11-19,813977.50
9114,DP,2020-11-20,812787.50
9115,DP,2020-11-23,816357.50
9116,DP,2020-11-24,815762.50
9117,DP,2020-11-25,816952.50
9118,DP,2020-11-27,822902.50
9119,DP,2020-11-30,817547.50
9120,DP,2020-12-01,816357.50
9121,DP,2020-12-02,819332.50
9122,DP,2020-12-03,817547.50
9123,DP,2020-12-04,818142.50
9124,DP,2020-12-07,819332.50
9125,DP,2020-12-08,821102.50
9126,DP,2020-12-09,822282.50
9127,DP,2020-12-10,822282.50
9128,DP,2020-12-11,821692.50
9129,DP,2020-12-14,822282.50
9130,DP,2020-12-15,824642.50
9131,DP,2020-12-16,824642.50
9132,DP,2020-12-17,826412.50
9133,DP,2020-12-18,825232.50
9134,DP,2020-12-21,827002.50
9135,DP,2020-12-22,825822.50
9136,DP,2020-12-23,828772.50
9137,DP,2020-12-24,827592.50
9138,DP,2020-12-28,829952.50
9139,DP,2020-12-29,825232.50
9140,DP,2020-12-30,827002.50
9141,DP,2020-12-31,828176.60
9142,DP,2021-01-04,824642.50
9143,DP,2021-01-05,835487.50
9144,DP,2021-01-06,839152.50
9145,DP,2021-01-07,847612.50
9146,DP,2021-01-08,843432.50
9147,DP,2021-01-11,842767.50
9148,DP,2021-01-12,843997.50
9149,DP,2021-01-13,845227.50
9150,DP,2021-01-14,847687.50
9151,DP,2021-01-15,845227.50
9152,DP,2021-01-19,847072.50
9153,DP,2021-01-20,847687.50
9154,DP,2021-01-21,846457.50
9155,DP,2021-01-22,847687.50
9156,DP,2021-01-25,845227.50
9157,DP,2021-01-26,846457.50
9158,DP,2021-01-27,843382.50
9159,DP,2021-01-28,843997.50
9160,DP,2021-01-29,842767.50
9161,DP,2021-02-01,846457.50
9162,DP,2021-02-02,848917.50
9163,DP,2021-02-03,850762.50
9164,DP,2021-02-04,851992.50
9165,DP,2021-02-05,853837.50
9166,DP,2021-02-08,853222.50
9167,DE,2006-12-12,101215.00
9168,DE,2006-12-13,102430.00
9169,DE,2006-12-14,100810.00
9170,DE,2006-12-15,101620.00
9171,DE,2006-12-18,103240.00
9172,DE,2006-12-19,104050.00
9173,DE,2006-12-20,105265.00
9174,DE,2006-12-21,105670.00
9175,DE,2006-12-22,106480.00
9176,DE,2006-12-26,106480.00
9177,DE,2006-12-27,104860.00
9178,DE,2006-12-28,104657.50
9179,DE,2006-12-29,107290.00
9180,DE,2007-01-03,110125.00
9181,DE,2007-01-04,108302.50
9182,DE,2007-01-05,114580.00
9183,DE,2007-01-08,117415.00
9184,DE,2007-02-13,115440.00
9185,DE,2007-02-14,114255.00
9186,DE,2007-02-15,114057.50
9187,DE,2007-02-16,114847.50
9188,DE,2007-02-20,111885.00
9189,DE,2007-02-21,112280.00
9190,DE,2007-02-22,112082.50
9191,DE,2007-02-23,112675.00
9192,DE,2007-02-26,113860.00
9193,DE,2007-02-27,120180.00
9194,DE,2007-02-28,120970.00
9195,DE,2007-03-01,122550.00
9196,DE,2007-03-02,121760.00
9197,DE,2007-03-05,123340.00
9198,DE,2007-03-06,126895.00
9199,DE,2007-03-07,128080.00
9200,DE,2007-03-08,128080.00
9201,DE,2007-03-09,126895.00
9202,DE,2007-03-12,128870.00
9203,DE,2007-03-13,131240.00
9204,DE,2007-03-14,131240.00
9205,DE,2007-03-15,132820.00
9206,DE,2007-03-16,132030.00
9207,DE,2007-03-19,131240.00
9208,DE,2007-04-10,131240.00
9209,DE,2007-04-11,132880.00
9210,DE,2007-04-12,131650.00
9211,DE,2007-04-13,131240.00
9212,DE,2007-04-16,128370.00
9213,DE,2007-04-17,131240.00
9214,DE,2007-04-18,130420.00
9215,DE,2007-04-19,132470.00
9216,DE,2007-04-20,130010.00
9217,DE,2007-04-23,130420.00
9218,DE,2007-04-24,132060.00
9219,DE,2007-04-25,128780.00
9220,DE,2007-04-26,129805.00
9221,DE,2007-04-27,131240.00
9222,DE,2007-04-30,136570.00
9223,DE,2007-05-01,136980.00
9224,DE,2007-05-02,132265.00
9225,DE,2007-05-03,130830.00
9226,DE,2007-05-04,130830.00
9227,DE,2007-05-07,130215.00
9228,DE,2007-05-08,130625.00
9229,DE,2007-05-09,130010.00
9230,DE,2007-05-10,137185.00
9231,DE,2007-05-11,132880.00
9232,DE,2007-05-14,136570.00
9233,DE,2007-05-15,142145.00
9234,DE,2007-05-16,141325.00
9235,DE,2007-05-17,146080.00
9236,DE,2007-05-18,139910.00
9237,DE,2007-05-21,130625.00
9238,DE,2007-05-22,125465.00
9239,DE,2007-05-23,127355.00
9240,DE,2007-05-24,132395.00
9241,DE,2007-05-25,130295.00
9242,DE,2007-05-29,128615.00
9243,DE,2007-05-30,127145.00
9244,DE,2007-05-31,126095.00
9245,DE,2007-06-01,124415.00
9246,DE,2007-06-04,123155.00
9247,DE,2007-06-05,126935.00
9248,DE,2007-06-06,128195.00
9249,DE,2007-06-07,132815.00
9250,DE,2007-06-08,131345.00
9251,DE,2007-06-11,132605.00
9252,DE,2007-06-12,137845.00
9253,DE,2007-06-13,134085.00
9254,DE,2007-06-14,131350.00
9255,DE,2007-06-15,122775.00
9256,DE,2007-06-18,124860.00
9257,DE,2007-06-19,125270.00
9258,DE,2007-06-20,134290.00
9259,DE,2007-06-21,133450.00
9260,DE,2007-06-22,139330.00
9261,DE,2007-06-25,141630.00
9262,DE,2007-06-26,141630.00
9263,DE,2007-06-27,143290.00
9264,DE,2007-06-28,141630.00
9265,DE,2007-06-29,142460.00
9266,DE,2007-07-02,141215.00
9267,DE,2007-07-03,139140.00
9268,DE,2007-07-05,140800.00
9269,DE,2007-07-06,140385.00
9270,DE,2007-07-09,140177.50
9271,DE,2007-07-10,145365.00
9272,DE,2007-07-11,144950.00
9273,DE,2007-07-12,140592.50
9274,DE,2007-07-13,138932.50
9275,DE,2007-07-16,143082.50
9276,DE,2007-07-17,142485.00
9277,DE,2007-07-18,147050.00
9278,DE,2007-07-19,142045.00
9279,DE,2007-07-20,151250.00
9280,DE,2007-07-23,153142.50
9281,DE,2007-07-24,154022.50
9282,DE,2007-08-14,149017.50
9283,DE,2007-08-15,150382.50
9284,DE,2007-08-16,150382.50
9285,DE,2007-08-17,149017.50
9286,DE,2007-08-20,151747.50
9287,DE,2007-08-21,152657.50
9288,DE,2007-08-22,152202.50
9289,DE,2007-08-23,153112.50
9290,DE,2007-08-24,154022.50
9291,DE,2007-08-27,155387.50
9292,DE,2007-08-28,151292.50
9293,DE,2007-08-29,154932.50
9294,DE,2007-08-30,153567.50
9295,DE,2007-08-31,153112.50
9296,DE,2007-09-04,154022.50
9297,DE,2007-09-05,152657.50
9298,DE,2007-09-06,152202.50
9299,DE,2007-09-07,151747.50
9300,DE,2007-09-10,153567.50
9301,DE,2007-09-11,155922.50
9302,DE,2007-09-12,158317.50
9303,DE,2007-09-13,157327.50
9304,DE,2007-09-14,160177.50
9305,DE,2007-09-17,162412.50
9306,DE,2007-09-18,165422.50
9307,DE,2007-09-19,162157.50
9308,DE,2007-09-20,164137.50
9309,DE,2007-09-21,165127.50
9310,DE,2007-09-24,166117.50
9311,DE,2007-09-25,168097.50
9312,DE,2007-09-26,167602.50
9313,DE,2007-09-27,167602.50
9314,DE,2007-09-28,167602.50
9315,DE,2007-10-01,165622.50
9316,DE,2007-10-02,164137.50
9317,DE,2007-10-03,165622.50
9318,DE,2007-10-04,164632.50
9319,DE,2007-10-05,162157.50
9320,DE,2007-10-08,164137.50
9321,DE,2007-10-16,163692.50
9322,DE,2007-10-17,164582.50
9323,DE,2007-10-18,165027.50
9324,DE,2007-10-19,161022.50
9325,DE,2007-10-22,163247.50
9326,DE,2007-10-23,164582.50
9327,DE,2007-10-24,165917.50
9328,DE,2007-10-25,166362.50
9329,DE,2007-10-26,166807.50
9330,DE,2007-10-29,167697.50
9331,DE,2007-10-30,165472.50
9332,DE,2007-10-31,166807.50
9333,DE,2007-11-01,165917.50
9334,DE,2007-11-02,163692.50
9335,DE,2007-11-05,167252.50
9336,DE,2007-11-06,171702.50
9337,DE,2007-11-07,165472.50
9338,DE,2007-11-13,167822.50
9339,DE,2007-11-14,164532.50
9340,DE,2007-11-15,163592.50
9341,DE,2007-11-16,164062.50
9342,DE,2007-11-19,163592.50
9343,DE,2007-11-20,162652.50
9344,DE,2007-11-21,165472.50
9345,DE,2007-11-23,165002.50
9346,DE,2007-11-26,165002.50
9347,DE,2007-11-27,168292.50
9348,DE,2007-11-28,171112.50
9349,DE,2007-11-29,171582.50
9350,DE,2007-11-30,172052.50
9351,DE,2007-12-03,172522.50
9352,DE,2007-12-04,174402.50
9353,DE,2007-12-05,176282.50
9354,DE,2007-12-06,175342.50
9355,DE,2007-12-07,177222.50
9356,DE,2007-12-10,177692.50
9357,DE,2007-12-11,178162.50
9358,DE,2007-12-12,179102.50
9359,DE,2007-12-13,180512.50
9360,DE,2007-12-14,181452.50
9361,DE,2007-12-17,183332.50
9362,DE,2008-02-12,184727.50
9363,DE,2008-02-13,186587.50
9364,DE,2008-02-14,186122.50
9365,DE,2008-02-15,187052.50
9366,DE,2008-02-19,187052.50
9367,DE,2008-02-20,188912.50
9368,DE,2008-02-21,188447.50
9369,DE,2008-02-22,189842.50
9370,DE,2008-02-25,192632.50
9371,DE,2008-02-26,192167.50
9372,DE,2008-02-27,192167.50
9373,DE,2008-02-28,192167.50
9374,DE,2008-02-29,189842.50
9375,DE,2008-03-03,191702.50
9376,DE,2008-03-04,194492.50
9377,DE,2008-03-05,197282.50
9378,DE,2008-03-06,194492.50
9379,DE,2008-03-07,195887.50
9380,DE,2008-03-10,189842.50
9381,DE,2008-03-11,189842.50
9382,DE,2008-03-12,189392.50
9383,DE,2008-03-13,190292.50
9384,DE,2008-03-14,189392.50
9385,DE,2008-03-17,188042.50
9386,DE,2008-03-18,187142.50
9387,DE,2008-03-19,189842.50
9388,DE,2008-03-20,190742.50
9389,DE,2008-03-24,189392.50
9390,DE,2008-03-25,188492.50
9391,DE,2008-03-26,192542.50
9392,DE,2008-03-27,192092.50
9393,DE,2008-03-28,194342.50
9394,DE,2008-03-31,193442.50
9395,DE,2008-04-01,193442.50
9396,DE,2008-04-02,192767.50
9397,DE,2008-04-03,192317.50
9398,DE,2008-04-04,193667.50
9399,DE,2008-04-15,194107.50
9400,DE,2008-04-16,194547.50
9401,DE,2008-04-17,194987.50
9402,DE,2008-04-18,194987.50
9403,DE,2008-04-21,196307.50
9404,DE,2008-04-22,198067.50
9405,DE,2008-04-23,199387.50
9406,DE,2008-04-24,198507.50
9407,DE,2008-04-25,198507.50
9408,DE,2008-04-28,198287.50
9409,DE,2008-04-29,199387.50
9410,DE,2008-04-30,199827.50
9411,DE,2008-05-01,199167.50
9412,DE,2008-05-02,198287.50
9413,DE,2008-05-05,199607.50
9414,DE,2008-05-06,198727.50
9415,DE,2008-05-07,201807.50
9416,DE,2008-05-08,203127.50
9417,DE,2008-05-09,202907.50
9418,DE,2008-05-12,198727.50
9419,DE,2008-06-10,197857.50
9420,DE,2008-06-11,197422.50
9421,DE,2008-06-12,200032.50
9422,DE,2008-06-13,201337.50
9423,DE,2008-06-16,202642.50
9424,DE,2008-06-17,203512.50
9425,DE,2008-06-18,203077.50
9426,DE,2008-06-19,204382.50
9427,DE,2008-06-20,203512.50
9428,DE,2008-06-23,203947.50
9429,DE,2008-06-24,203077.50
9430,DE,2008-06-25,206557.50
9431,DE,2008-06-26,206557.50
9432,DE,2008-06-27,206122.50
9433,DE,2008-07-15,206572.50
9434,DE,2008-07-16,207472.50
9435,DE,2008-07-17,207472.50
9436,DE,2008-07-18,207922.50
9437,DE,2008-07-21,209272.50
9438,DE,2008-07-22,208372.50
9439,DE,2008-07-23,207472.50
9440,DE,2008-07-24,210172.50
9441,DE,2008-07-25,209272.50
9442,DE,2008-07-28,211072.50
9443,DE,2008-07-29,211297.50
9444,DE,2008-07-30,211072.50
9445,DE,2008-07-31,210847.50
9446,DE,2008-08-01,210622.50
9447,DE,2008-08-04,214672.50
9448,DE,2008-08-05,210172.50
9449,DE,2008-08-06,209497.50
9450,DE,2008-09-16,210417.50
9451,DE,2008-09-17,206737.50
9452,DE,2008-09-18,209957.50
9453,DE,2008-09-19,206737.50
9454,DE,2008-09-22,207657.50
9455,DE,2008-09-23,208117.50
9456,DE,2008-09-24,207657.50
9457,DE,2008-09-25,209497.50
9458,DE,2008-09-26,208117.50
9459,DE,2008-09-29,200757.50
9460,DE,2008-09-30,208117.50
9461,DE,2008-10-01,205357.50
9462,DE,2008-10-02,195697.50
9463,DE,2008-11-11,195697.50
9464,DE,2008-11-12,194212.50
9465,DE,2008-11-13,195202.50
9466,DE,2008-11-14,191737.50
9467,DE,2008-11-17,195697.50
9468,DE,2008-11-18,185302.50
9469,DE,2008-12-16,188837.50
9470,DE,2008-12-17,190857.50
9471,DE,2008-12-18,193887.50
9472,DE,2008-12-19,194897.50
9473,DE,2008-12-22,196917.50
9474,DE,2008-12-23,195402.50
9475,DE,2008-12-24,195907.50
9476,DE,2008-12-26,197927.50
9477,DE,2008-12-29,197927.50
9478,DE,2008-12-30,199442.50
9479,DE,2008-12-31,198937.50
9480,DE,2009-01-02,199947.50
9481,DE,2009-01-05,199442.50
9482,DE,2009-01-06,197675.00
9483,DE,2009-01-07,199947.50
9484,DE,2009-01-08,199442.50
9485,DE,2009-01-09,201967.50
9486,DE,2009-01-12,204997.50
9487,DE,2009-01-13,205432.50
9488,DE,2009-01-14,205572.50
9489,DE,2009-01-15,206982.50
9490,DE,2009-01-16,208862.50
9491,DE,2009-01-20,202752.50
9492,DE,2009-01-21,207922.50
9493,DE,2009-01-22,207922.50
9494,DE,2009-01-23,211212.50
9495,DE,2009-01-26,212152.50
9496,DE,2009-01-27,215912.50
9497,DE,2009-01-28,216852.50
9498,DE,2009-01-29,217322.50
9499,DE,2009-01-30,215912.50
9500,DE,2009-02-02,217792.50
9501,DE,2009-02-03,221552.50
9502,DE,2009-02-04,221552.50
9503,DE,2009-02-05,222022.50
9504,DE,2009-02-06,221552.50
9505,DE,2009-02-09,223902.50
9506,DE,2009-02-10,220762.50
9507,DE,2009-02-11,225412.50
9508,DE,2009-02-12,228972.50
9509,DE,2009-02-13,229417.50
9510,DE,2009-02-17,228082.50
9511,DE,2009-02-18,225857.50
9512,DE,2009-03-10,225857.50
9513,DE,2009-03-11,226697.50
9514,DE,2009-03-12,224807.50
9515,DE,2009-03-13,224177.50
9516,DE,2009-03-16,224387.50
9517,DE,2009-03-17,223967.50
9518,DE,2009-05-12,223542.50
9519,DE,2009-05-13,220992.50
9520,DE,2009-05-14,222692.50
9521,DE,2009-05-15,223117.50
9522,DE,2009-05-18,227792.50
9523,DE,2009-05-19,228642.50
9524,DE,2009-05-20,229067.50
9525,DE,2009-05-21,226942.50
9526,DE,2009-05-22,229067.50
9527,DE,2009-05-26,229492.50
9528,DE,2009-05-27,230767.50
9529,DE,2009-05-28,231617.50
9530,DE,2009-05-29,232892.50
9531,DE,2009-06-01,228642.50
9532,DE,2009-06-02,228217.50
9533,DE,2009-06-03,229067.50
9534,DE,2009-06-04,227792.50
9535,DE,2009-06-05,228217.50
9536,DE,2009-06-08,228642.50
9537,DE,2009-06-09,228217.50
9538,DE,2009-06-10,232680.00
9539,DE,2009-06-11,230767.50
9540,DE,2009-06-12,230767.50
9541,DE,2009-06-15,237567.50
9542,DE,2009-06-16,241807.50
9543,DE,2009-06-17,242647.50
9544,DE,2009-06-18,243067.50
9545,DE,2009-06-19,243907.50
9546,DE,2009-06-22,244747.50
9547,DE,2009-06-23,246427.50
9548,DE,2009-06-24,247687.50
9549,DE,2009-06-25,250627.50
9550,DE,2009-06-26,249787.50
9551,DE,2009-06-29,251467.50
9552,DE,2009-06-30,251887.50
9553,DE,2009-07-01,251047.50
9554,DE,2009-07-02,254827.50
9555,DE,2009-07-06,256507.50
9556,DE,2009-07-07,255667.50
9557,DE,2009-07-08,255247.50
9558,DE,2009-07-09,259867.50
9559,DE,2009-08-11,260267.50
9560,DE,2009-08-12,258667.50
9561,DE,2009-08-13,259067.50
9562,DE,2009-08-14,261467.50
9563,DE,2009-08-17,261067.50
9564,DE,2009-08-18,260267.50
9565,DE,2009-08-19,261467.50
9566,DE,2009-08-20,263067.50
9567,DE,2009-08-21,261467.50
9568,DE,2009-08-24,260667.50
9569,DE,2009-08-25,261467.50
9570,DE,2009-08-26,261867.50
9571,DE,2009-08-27,262267.50
9572,DE,2009-08-28,263067.50
9573,DE,2009-08-31,265467.50
9574,DE,2009-09-01,267067.50
9575,DE,2009-09-02,268267.50
9576,DE,2009-09-03,268267.50
9577,DE,2009-09-04,269067.50
9578,DE,2009-09-08,268667.50
9579,DE,2009-09-09,265267.50
9580,DE,2009-09-10,261467.50
9581,DE,2009-09-11,261467.50
9582,DE,2009-09-14,258667.50
9583,DE,2009-09-15,257067.50
9584,DE,2009-10-13,256662.50
9585,DE,2009-10-14,255447.50
9586,DE,2009-10-15,257067.50
9587,DE,2009-10-16,259092.50
9588,DE,2009-10-19,258282.50
9589,DE,2009-10-20,259902.50
9590,DE,2009-10-21,261522.50
9591,DE,2009-10-22,261117.50
9592,DE,2009-10-23,261927.50
9593,DE,2009-10-26,263952.50
9594,DE,2009-10-27,263547.50
9595,DE,2009-10-28,259092.50
9596,DE,2010-02-09,258697.50
9597,DE,2010-02-10,257907.50
9598,DE,2010-02-11,256722.50
9599,DE,2010-02-12,255932.50
9600,DE,2010-02-16,253957.50
9601,DE,2010-02-17,253957.50
9602,DE,2010-02-18,251390.00
9603,DE,2010-02-19,250007.50
9604,DE,2010-02-22,250995.00
9605,DE,2010-02-23,252772.50
9606,DE,2010-02-24,251192.50
9607,DE,2010-02-25,251192.50
9608,DE,2010-02-26,251390.00
9609,DE,2010-03-01,248230.00
9610,DE,2010-03-16,248625.00
9611,DE,2010-03-17,246650.00
9612,DE,2010-03-18,248625.00
9613,DE,2010-03-19,250995.00
9614,DE,2010-03-22,247440.00
9615,DE,2010-03-23,245465.00
9616,DE,2010-03-24,248230.00
9617,DE,2010-03-25,248230.00
9618,DE,2010-03-26,248625.00
9619,DE,2010-03-29,249810.00
9620,DE,2010-03-30,249810.00
9621,DE,2010-03-31,250205.00
9622,DE,2010-04-01,249810.00
9623,DE,2010-04-05,246650.00
9624,DE,2010-04-06,244082.50
9625,DE,2010-04-07,246847.50
9626,DE,2010-04-08,244872.50
9627,DE,2010-04-09,243490.00
9628,DE,2010-04-12,241910.00
9629,DE,2010-04-13,240725.00
9630,DE,2010-07-13,234125.00
9631,DE,2010-07-14,238525.00
9632,DE,2010-07-15,239405.00
9633,DE,2010-07-16,240725.00
9634,DE,2010-07-19,241165.00
9635,DE,2010-07-20,241605.00
9636,DE,2010-07-21,241165.00
9637,DE,2010-07-22,239845.00
9638,DE,2010-07-23,240285.00
9639,DE,2010-07-26,237205.00
9640,DE,2010-07-27,238525.00
9641,DE,2010-07-28,241165.00
9642,DE,2010-07-29,241605.00
9643,DE,2010-07-30,241165.00
9644,DE,2010-08-02,240725.00
9645,DE,2010-08-03,241165.00
9646,DE,2010-08-04,242045.00
9647,DE,2010-08-05,242045.00
9648,DE,2010-08-06,246005.00
9649,DE,2010-08-09,244245.00
9650,DE,2010-08-10,246445.00
9651,DE,2010-10-12,245565.00
9652,DE,2010-10-13,246005.00
9653,DE,2010-10-14,246885.00
9654,DE,2010-10-15,246885.00
9655,DE,2010-10-18,248205.00
9656,DE,2010-10-19,249965.00
9657,DE,2010-10-20,249525.00
9658,DE,2010-10-21,250405.00
9659,DE,2010-10-22,252605.00
9660,DE,2010-10-25,251285.00
9661,DE,2010-10-26,250845.00
9662,DE,2010-10-27,252165.00
9663,DE,2010-10-28,252605.00
9664,DE,2010-10-29,251725.00
9665,DE,2010-11-01,254365.00
9666,DE,2010-11-02,251725.00
9667,DE,2010-11-03,253485.00
9668,DE,2010-11-04,249525.00
9669,DE,2010-11-05,250185.00
9670,DE,2010-11-08,248645.00
9671,DE,2010-11-09,253045.00
9672,DE,2010-12-14,251830.00
9673,DE,2010-12-15,249805.00
9674,DE,2010-12-16,249805.00
9675,DE,2010-12-17,249805.00
9676,DE,2010-12-20,251020.00
9677,DE,2010-12-21,250210.00
9678,DE,2010-12-22,248995.00
9679,DE,2010-12-23,248590.00
9680,DE,2010-12-27,247375.00
9681,DE,2010-12-28,244945.00
9682,DE,2010-12-29,246565.00
9683,DE,2010-12-30,244945.00
9684,DE,2010-12-31,242920.00
9685,DE,2011-01-03,246565.00
9686,DE,2011-01-04,251020.00
9687,DE,2011-01-05,249400.00
9688,DE,2011-01-06,251020.00
9689,DE,2011-01-07,251425.00
9690,DE,2011-01-10,249400.00
9691,DE,2011-01-11,251425.00
9692,DE,2011-01-12,250817.50
9693,DE,2011-03-15,243457.50
9694,DE,2011-03-16,248057.50
9695,DE,2011-03-17,249897.50
9696,DE,2011-03-18,248517.50
9697,DE,2011-03-21,254497.50
9698,DE,2011-03-22,255417.50
9699,DE,2011-03-23,254037.50
9700,DE,2011-03-24,254497.50
9701,DE,2011-03-25,254957.50
9702,DE,2011-03-28,254497.50
9703,DE,2011-03-29,254497.50
9704,DE,2011-03-30,254497.50
9705,DE,2011-03-31,254497.50
9706,DE,2011-04-01,254497.50
9707,DE,2011-04-04,256797.50
9708,DE,2011-04-05,255187.50
9709,DE,2011-04-06,255877.50
9710,DE,2011-04-07,255647.50
9711,DE,2011-04-08,258407.50
9712,DE,2011-04-11,260477.50
9713,DE,2011-04-12,265522.50
9714,DE,2011-04-13,268487.50
9715,DE,2011-04-14,269847.50
9716,DE,2011-04-15,268452.50
9717,DE,2011-04-18,271182.50
9718,DE,2011-04-19,272547.50
9719,DE,2011-04-20,269362.50
9720,DE,2011-04-21,269362.50
9721,DE,2011-04-25,271182.50
9722,DE,2011-04-26,266632.50
9723,DE,2011-04-27,267542.50
9724,DE,2011-04-28,267542.50
9725,DE,2011-04-29,266177.50
9726,DE,2011-05-02,268452.50
9727,DE,2011-05-03,269817.50
9728,DE,2011-05-04,274367.50
9729,DE,2011-05-05,273457.50
9730,DE,2011-05-06,275732.50
9731,DE,2011-05-09,274822.50
9732,DE,2011-05-10,271637.50
9733,DE,2011-05-11,277552.50
9734,DE,2011-05-12,273457.50
9735,DE,2011-05-13,278462.50
9736,DE,2011-05-16,283012.50
9737,DE,2011-06-14,281737.50
9738,DE,2011-06-15,281312.50
9739,DE,2011-06-16,284287.50
9740,DE,2011-06-17,279187.50
9741,DE,2011-06-20,281737.50
9742,DE,2011-06-21,280887.50
9743,DE,2011-06-22,280887.50
9744,DE,2011-06-23,280887.50
9745,DE,2011-06-24,281312.50
9746,DE,2011-06-27,281737.50
9747,DE,2011-06-28,280037.50
9748,DE,2011-06-29,279187.50
9749,DE,2011-06-30,279187.50
9750,DE,2011-07-01,279825.00
9751,DE,2011-07-12,280265.00
9752,DE,2011-07-13,279385.00
9753,DE,2011-07-14,280705.00
9754,DE,2011-07-15,280265.00
9755,DE,2011-07-18,282465.00
9756,DE,2011-07-19,282905.00
9757,DE,2011-07-20,282465.00
9758,DE,2011-07-21,282465.00
9759,DE,2011-07-22,283345.00
9760,DE,2011-07-25,285105.00
9761,DE,2011-07-26,282465.00
9762,DE,2011-07-27,283785.00
9763,DE,2011-07-28,281145.00
9764,DE,2011-07-29,284225.00
9765,DE,2011-08-01,287745.00
9766,DE,2011-08-02,279385.00
9767,DE,2011-11-15,280395.00
9768,DE,2011-11-16,280900.00
9769,DE,2011-11-17,276860.00
9770,DE,2011-11-18,277870.00
9771,DE,2011-11-21,276860.00
9772,DE,2011-11-22,280395.00
9773,DE,2011-11-23,277365.00
9774,DE,2011-12-13,272955.00
9775,DE,2011-12-14,274425.00
9776,DE,2011-12-15,276875.00
9777,DE,2011-12-16,278345.00
9778,DE,2011-12-19,278345.00
9779,DE,2011-12-20,283735.00
9780,DE,2011-12-21,282265.00
9781,DE,2011-12-22,284225.00
9782,DE,2011-12-23,285205.00
9783,DE,2011-12-27,286185.00
9784,DE,2011-12-28,285205.00
9785,DE,2011-12-29,285695.00
9786,DE,2011-12-30,287165.00
9787,DE,2012-01-03,288145.00
9788,DE,2012-01-04,289125.00
9789,DE,2012-01-05,290105.00
9790,DE,2012-01-06,292065.00
9791,DE,2012-01-09,292065.00
9792,DE,2012-01-10,290105.00
9793,DE,2012-03-13,290985.00
9794,DE,2012-03-14,290105.00
9795,DE,2012-03-15,289225.00
9796,DE,2012-03-16,291865.00
9797,DE,2012-03-19,290985.00
9798,DE,2012-03-20,292745.00
9799,DE,2012-03-21,293185.00
9800,DE,2012-03-22,293185.00
9801,DE,2012-03-23,294505.00
9802,DE,2012-03-26,292305.00
9803,DE,2012-03-27,292305.00
9804,DE,2012-03-28,293625.00
9805,DE,2012-03-29,293185.00
9806,DE,2012-03-30,293625.00
9807,DE,2012-04-02,293625.00
9808,DE,2012-04-03,293625.00
9809,DE,2012-04-04,298905.00
9810,DE,2012-04-05,300225.00
9811,DE,2012-04-09,301985.00
9812,DE,2012-04-10,298880.00
9813,DE,2012-04-11,300625.00
9814,DE,2012-04-12,299765.00
9815,DE,2012-04-13,302855.00
9816,DE,2012-04-16,305970.00
9817,DE,2012-04-17,304655.00
9818,DE,2012-04-18,309500.00
9819,DE,2012-04-19,311280.00
9820,DE,2012-04-20,312615.00
9821,DE,2012-04-23,312170.00
9822,DE,2012-04-24,313060.00
9823,DE,2012-04-25,315285.00
9824,DE,2012-04-26,313505.00
9825,DE,2012-04-27,313060.00
9826,DE,2012-04-30,313950.00
9827,DE,2012-05-01,315285.00
9828,DE,2012-05-02,314840.00
9829,DE,2012-05-03,317955.00
9830,DE,2012-05-04,320625.00
9831,DE,2012-05-07,323740.00
9832,DE,2012-05-08,323295.00
9833,DE,2012-05-09,321960.00
9834,DE,2012-05-10,325520.00
9835,DE,2012-05-15,324155.00
9836,DE,2012-05-16,325065.00
9837,DE,2012-05-17,324155.00
9838,DE,2012-05-18,320515.00
9839,DE,2012-05-21,325520.00
9840,DE,2012-05-22,324155.00
9841,DE,2012-05-23,330070.00
9842,DE,2012-05-24,327795.00
9843,DE,2012-05-25,327340.00
9844,DE,2012-05-29,329615.00
9845,DE,2012-05-30,327340.00
9846,DE,2012-05-31,328705.00
9847,DE,2012-06-01,326430.00
9848,DE,2012-06-12,325080.00
9849,DE,2012-06-13,323730.00
9850,DE,2012-06-14,325530.00
9851,DE,2012-07-17,325960.00
9852,DE,2012-07-18,327250.00
9853,DE,2012-07-19,328540.00
9854,DE,2012-07-20,328110.00
9855,DE,2012-07-23,327250.00
9856,DE,2012-07-24,325960.00
9857,DE,2012-07-25,328110.00
9858,DE,2012-07-26,332410.00
9859,DE,2012-07-27,332410.00
9860,DE,2012-07-30,332840.00
9861,DE,2012-07-31,332840.00
9862,DE,2012-08-01,333700.00
9863,DE,2012-08-02,336280.00
9864,DE,2012-08-03,337570.00
9865,DE,2012-08-06,341010.00
9866,DE,2012-08-07,338860.00
9867,DE,2012-08-08,339720.00
9868,DE,2012-08-09,340580.00
9869,DE,2012-08-10,341440.00
9870,DE,2012-08-13,344020.00
9871,DE,2012-08-14,341500.00
9872,DE,2012-08-15,343600.00
9873,DE,2012-08-16,343180.00
9874,DE,2012-08-17,343180.00
9875,DE,2012-08-20,344020.00
9876,DE,2012-08-21,342760.00
9877,DE,2012-08-22,344020.00
9878,DE,2012-08-23,344860.00
9879,DE,2012-08-24,342760.00
9880,DE,2012-08-27,345280.00
9881,DE,2012-08-28,344020.00
9882,DE,2012-08-29,342340.00
9883,DE,2012-08-30,343180.00
9884,DE,2012-08-31,345700.00
9885,DE,2012-09-04,341920.00
9886,DE,2012-09-05,343180.00
9887,DE,2012-09-06,342760.00
9888,DE,2012-09-07,341290.00
9889,DE,2012-09-10,342550.00
9890,DE,2012-09-11,339825.00
9891,DE,2012-09-12,338165.00
9892,DE,2012-09-13,341070.00
9893,DE,2012-09-14,339825.00
9894,DE,2012-09-17,338995.00
9895,DE,2012-09-18,343145.00
9896,DE,2012-09-19,340655.00
9897,DE,2012-09-20,343145.00
9898,DE,2012-09-21,342730.00
9899,DE,2012-09-24,344805.00
9900,DE,2012-09-25,348125.00
9901,DE,2012-09-26,348955.00
9902,DE,2012-09-27,347295.00
9903,DE,2012-09-28,349370.00
9904,DE,2012-10-01,350200.00
9905,DE,2012-10-02,351445.00
9906,DE,2012-10-03,352690.00
9907,DE,2012-10-04,352275.00
9908,DE,2012-10-05,354350.00
9909,DE,2012-10-08,355595.00
9910,DE,2012-10-09,360160.00
9911,DE,2012-11-13,360980.00
9912,DE,2012-11-14,360160.00
9913,DE,2012-11-15,360160.00
9914,DE,2012-11-16,364670.00
9915,DE,2012-11-19,366720.00
9916,DE,2012-11-20,365900.00
9917,DE,2012-11-21,365900.00
9918,DE,2012-11-23,363440.00
9919,DE,2012-11-26,363850.00
9920,DE,2012-11-27,362620.00
9921,DE,2012-11-28,361800.00
9922,DE,2012-11-29,357700.00
9923,DE,2012-11-30,360365.00
9924,DE,2012-12-03,359955.00
9925,DE,2012-12-04,360570.00
9926,DE,2012-12-05,360365.00
9927,DE,2012-12-06,359955.00
9928,DE,2012-12-07,360570.00
9929,DE,2012-12-10,359750.00
9930,DE,2012-12-11,356470.00
9931,DE,2013-01-08,356070.00
9932,DE,2013-01-09,356070.00
9933,DE,2013-01-10,355670.00
9934,DE,2013-01-11,354070.00
9935,DE,2013-01-14,355670.00
9936,DE,2013-01-15,354470.00
9937,DE,2013-01-16,356870.00
9938,DE,2013-01-17,353670.00
9939,DE,2013-01-18,356470.00
9940,DE,2013-01-22,355870.00
9941,DE,2013-01-23,357470.00
9942,DE,2013-01-24,355870.00
9943,DE,2013-01-25,355070.00
9944,DE,2013-01-28,353870.00
9945,DE,2013-01-29,354670.00
9946,DE,2013-01-30,359870.00
9947,DE,2013-01-31,356070.00
9948,DE,2013-02-01,351870.00
9949,DE,2013-02-04,359070.00
9950,DE,2013-02-05,353670.00
9951,DE,2013-02-06,353270.00
9952,DE,2013-02-07,354670.00
9953,DE,2013-02-08,350870.00
9954,DE,2013-02-12,350870.00
9955,DE,2013-02-13,349290.00
9956,DE,2013-02-14,349685.00
9957,DE,2013-02-15,348500.00
9958,DE,2013-02-19,348105.00
9959,DE,2013-02-20,350870.00
9960,DE,2013-02-21,353635.00
9961,DE,2013-02-22,352450.00
9962,DE,2013-02-25,352845.00
9963,DE,2013-02-26,354425.00
9964,DE,2013-02-27,353240.00
9965,DE,2013-02-28,352450.00
9966,DE,2013-03-01,352450.00
9967,DE,2013-03-04,353240.00
9968,DE,2013-03-05,349685.00
9969,DE,2013-03-06,349092.50
9970,DE,2013-03-07,347117.50
9971,DE,2013-03-08,343365.00
9972,DE,2013-03-11,344945.00
9973,DE,2013-03-12,344165.00
9974,DE,2013-03-13,346115.00
9975,DE,2013-03-14,341825.00
9976,DE,2013-03-15,342605.00
9977,DE,2013-03-18,343775.00
9978,DE,2013-03-19,343385.00
9979,DE,2013-03-20,342995.00
9980,DE,2013-03-21,344165.00
9981,DE,2013-03-22,342605.00
9982,DE,2013-03-25,343385.00
9983,DE,2013-03-26,342995.00
9984,DE,2013-03-27,343385.00
9985,DE,2013-03-28,343385.00
9986,DE,2013-04-01,349625.00
9987,DE,2013-04-02,350795.00
9988,DE,2013-04-03,355085.00
9989,DE,2013-04-04,354305.00
9990,DE,2013-04-05,354695.00
9991,DE,2013-04-08,355475.00
9992,DE,2013-04-09,353915.00
9993,DE,2013-04-10,349430.00
9994,DE,2013-04-11,350210.00
9995,DE,2013-04-12,353525.00
9996,DE,2013-04-15,362105.00
9997,DE,2013-04-16,359200.00
9998,DE,2013-04-17,360030.00
9999,DE,2013-04-18,360030.00
10000,DE,2013-04-19,360445.00
10001,DE,2013-04-22,361690.00
10002,DE,2013-04-23,360445.00
10003,DE,2013-04-24,359615.00
10004,DE,2013-04-25,358370.00
10005,DE,2013-04-26,360030.00
10006,DE,2013-04-29,359200.00
10007,DE,2013-04-30,358370.00
10008,DE,2013-05-01,362105.00
10009,DE,2013-05-02,360030.00
10010,DE,2013-05-03,357332.50
10011,DE,2013-05-06,356087.50
10012,DE,2013-05-07,355257.50
10013,DE,2013-05-08,355672.50
10014,DE,2013-05-14,353992.50
10015,DE,2013-05-15,352732.50
10016,DE,2013-05-16,354412.50
10017,DE,2013-05-17,354412.50
10018,DE,2013-05-20,353992.50
10019,DE,2013-05-21,353572.50
10020,DE,2013-05-22,356092.50
10021,DE,2013-05-23,355672.50
10022,DE,2013-05-24,356092.50
10023,DE,2013-05-28,354412.50
10024,DE,2013-05-29,356092.50
10025,DE,2013-05-30,355672.50
10026,DE,2013-05-31,354832.50
10027,DE,2013-06-03,355252.50
10028,DE,2013-06-04,355252.50
10029,DE,2013-06-05,357772.50
10030,DE,2013-06-06,357352.50
10031,DE,2013-06-07,359032.50
10032,DE,2013-06-10,358192.50
10033,DE,2013-06-11,358612.50
10034,DE,2013-06-12,359032.50
10035,DE,2013-06-13,357772.50
10036,DE,2013-06-14,359452.50
10037,DE,2013-06-17,359452.50
10038,DE,2013-06-18,357562.50
10039,DE,2013-06-19,360292.50
10040,DE,2013-06-20,365332.50
10041,DE,2013-06-21,368272.50
10042,DE,2013-06-24,371212.50
10043,DE,2014-01-14,372532.50
10044,DE,2014-01-15,371212.50
10045,DE,2014-01-16,369452.50
10046,DE,2014-01-17,372972.50
10047,DE,2014-01-21,370332.50
10048,DE,2014-01-22,370772.50
10049,DE,2014-01-23,371652.50
10050,DE,2014-01-24,373852.50
10051,DE,2014-01-27,376492.50
10052,DE,2014-01-28,378692.50
10053,DE,2014-01-29,380012.50
10054,DE,2014-01-30,375172.50
10055,DE,2014-01-31,372092.50
10056,DE,2014-02-03,371652.50
10057,DE,2014-03-11,366432.50
10058,DE,2014-03-12,369912.50
10059,DE,2014-03-13,367302.50
10060,DE,2014-03-14,364692.50
10061,DE,2014-03-17,369042.50
10062,DE,2014-03-18,368607.50
10063,DE,2014-03-19,371217.50
10064,DE,2014-03-20,370782.50
10065,DE,2014-03-21,370782.50
10066,DE,2014-03-24,370347.50
10067,DE,2014-03-25,374262.50
10068,DE,2014-03-26,373827.50
10069,DE,2014-04-15,372877.50
10070,DE,2014-04-16,377627.50
10071,DE,2014-04-17,375727.50
10072,DE,2014-04-21,378577.50
10073,DE,2014-04-22,379052.50
10074,DE,2014-04-23,377627.50
10075,DE,2014-04-24,380002.50
10076,DE,2014-04-25,378102.50
10077,DE,2014-04-28,380002.50
10078,DE,2014-04-29,380002.50
10079,DE,2014-04-30,380952.50
10080,DE,2014-05-01,382377.50
10081,DE,2014-05-02,381902.50
10082,DE,2014-05-05,384277.50
10083,DE,2014-05-06,384752.50
10084,DE,2014-05-07,384277.50
10085,DE,2014-05-08,384752.50
10086,DE,2014-05-09,385702.50
10087,DE,2014-05-12,389027.50
10088,DE,2014-05-13,394252.50
10089,DE,2014-09-16,393352.50
10090,DE,2014-09-17,396052.50
10091,DE,2014-09-18,395152.50
10092,DE,2014-09-19,396502.50
10093,DE,2014-09-22,396052.50
10094,DE,2014-09-23,394252.50
10095,DE,2014-09-24,396052.50
10096,DE,2014-09-25,394702.50
10097,DE,2014-09-26,395152.50
10098,DE,2014-09-29,397402.50
10099,DE,2014-09-30,397852.50
10100,DE,2014-10-14,396442.50
10101,DE,2014-10-15,397382.50
10102,DE,2014-10-16,396912.50
10103,DE,2014-10-17,396912.50
10104,DE,2014-10-20,398322.50
10105,DE,2014-10-21,399732.50
10106,DE,2014-10-22,397852.50
10107,DE,2014-10-23,400202.50
10108,DE,2014-10-24,400202.50
10109,DE,2014-10-27,399262.50
10110,DE,2014-10-28,397617.50
10111,DE,2014-10-29,396912.50
10112,DE,2014-10-30,398087.50
10113,DE,2014-10-31,396442.50
10114,DE,2014-12-15,396442.50
10115,DE,2014-12-16,395957.50
10116,DE,2014-12-17,397897.50
10117,DE,2014-12-18,399837.50
10118,DE,2014-12-19,398867.50
10119,DE,2014-12-22,398867.50
10120,DE,2014-12-23,399837.50
10121,DE,2014-12-24,401777.50
10122,DE,2014-12-26,399352.50
10123,DE,2014-12-29,399352.50
10124,DE,2014-12-30,400322.50
10125,DE,2014-12-31,398382.50
10126,DE,2015-01-02,401777.50
10127,DE,2015-01-05,400322.50
10128,DE,2015-01-06,401292.50
10129,DE,2015-01-07,404687.50
10130,DE,2015-01-08,405172.50
10131,DE,2015-01-09,403232.50
10132,DE,2015-01-12,403277.50
10133,DE,2015-01-13,399987.50
10134,DE,2015-01-14,401427.50
10135,DE,2015-01-15,399502.50
10136,DE,2015-01-16,405217.50
10137,DE,2015-01-20,410932.50
10138,DE,2015-01-21,415237.50
10139,DE,2015-01-22,416087.50
10140,DE,2015-01-23,414207.50
10141,DE,2015-01-26,413737.50
10142,DE,2015-01-27,411857.50
10143,DE,2015-01-28,411857.50
10144,DE,2015-01-29,410447.50
10145,DE,2015-01-30,413737.50
10146,DE,2015-02-02,412327.50
10147,DE,2015-02-03,412797.50
10148,DE,2015-02-04,415147.50
10149,DE,2015-02-05,413267.50
10150,DE,2015-02-06,413267.50
10151,DE,2015-02-09,418012.50
10152,DE,2015-02-10,419952.50
10153,DE,2015-02-11,421392.50
10154,DE,2015-02-12,423287.50
10155,DE,2015-02-13,424757.50
10156,DE,2015-02-17,425242.50
10157,DE,2015-02-18,425727.50
10158,DE,2015-02-19,424757.50
10159,DE,2015-02-20,426212.50
10160,DE,2015-02-23,425242.50
10161,DE,2015-02-24,427182.50
10162,DE,2015-02-25,425242.50
10163,DE,2015-02-26,428637.50
10164,DE,2015-02-27,425242.50
10165,DE,2015-03-02,427667.50
10166,DE,2015-03-03,427667.50
10167,DE,2015-03-04,428637.50
10168,DE,2015-03-05,427667.50
10169,DE,2015-03-06,431547.50
10170,DE,2015-03-09,432862.50
10171,DE,2015-03-10,436357.50
10172,DE,2015-03-11,434337.50
10173,DE,2015-03-12,431892.50
10174,DE,2015-03-13,430497.50
10175,DE,2015-03-16,431892.50
10176,DE,2015-03-17,430497.50
10177,DE,2015-03-18,430497.50
10178,DE,2015-03-19,430497.50
10179,DE,2015-03-20,430032.50
10180,DE,2015-03-23,431427.50
10181,DE,2015-03-24,431892.50
10182,DE,2015-03-25,432822.50
10183,DE,2015-03-26,434682.50
10184,DE,2015-03-27,434682.50
10185,DE,2015-03-30,432822.50
10186,DE,2015-03-31,432822.50
10187,DE,2015-04-01,431892.50
10188,DE,2015-04-02,434217.50
10189,DE,2015-04-06,432822.50
10190,DE,2015-06-15,431922.50
10191,DE,2015-06-16,428772.50
10192,DE,2015-06-17,429672.50
10193,DE,2015-06-18,430572.50
10194,DE,2015-06-19,432822.50
10195,DE,2015-06-22,433722.50
10196,DE,2015-06-23,434172.50
10197,DE,2015-06-24,433272.50
10198,DE,2015-06-25,433272.50
10199,DE,2015-06-26,432822.50
10200,DE,2015-06-29,430122.50
10201,DE,2015-06-30,432372.50
10202,DE,2015-07-01,435522.50
10203,DE,2015-07-02,435072.50
10204,DE,2015-07-06,431922.50
10205,DE,2015-07-07,434172.50
10206,DE,2015-07-08,434622.50
10207,DE,2015-07-09,436872.50
10208,DE,2015-07-10,439122.50
10209,DE,2015-07-13,441372.50
10210,DE,2015-07-14,442722.50
10211,DE,2015-07-15,443622.50
10212,DE,2015-07-16,443622.50
10213,DE,2015-07-17,447672.50
10214,DE,2015-08-10,447672.50
10215,DE,2015-08-11,448137.50
10216,DE,2015-08-12,448137.50
10217,DE,2015-08-13,450462.50
10218,DE,2015-08-14,450927.50
10219,DE,2015-08-17,449997.50
10220,DE,2015-08-18,450462.50
10221,DE,2015-08-19,450927.50
10222,DE,2015-08-20,451857.50
10223,DE,2015-08-21,447207.50
10224,DE,2015-10-13,441292.50
10225,DE,2015-10-14,448117.50
10226,DE,2015-10-15,448117.50
10227,DE,2015-10-16,447662.50
10228,DE,2015-10-19,448572.50
10229,DE,2015-10-20,448572.50
10230,DE,2015-10-21,448117.50
10231,DE,2015-10-22,449027.50
10232,DE,2015-10-23,449937.50
10233,DE,2015-10-26,451302.50
10234,DE,2015-10-27,453122.50
10235,DE,2015-10-28,450847.50
10236,DE,2015-10-29,454487.50
10237,DE,2015-10-30,453577.50
10238,DE,2015-11-02,451302.50
10239,DE,2015-11-03,449482.50
10240,DE,2015-11-04,451302.50
10241,DE,2015-11-05,449937.50
10242,DE,2015-11-06,450392.50
10243,DE,2015-11-09,449482.50
10244,DE,2015-11-10,450847.50
10245,DE,2015-11-11,454487.50
10246,DE,2015-11-12,455397.50
10247,DE,2015-11-13,455397.50
10248,DE,2015-11-16,458582.50
10249,DE,2015-11-17,457672.50
10250,DE,2015-11-18,459947.50
10251,DE,2015-11-19,463587.50
10252,DE,2015-12-14,464527.50
10253,DE,2015-12-15,466877.50
10254,DE,2015-12-16,466877.50
10255,DE,2015-12-17,468757.50
10256,DE,2015-12-18,467817.50
10257,DE,2015-12-21,469697.50
10258,DE,2015-12-22,469697.50
10259,DE,2015-12-23,469697.50
10260,DE,2015-12-24,468287.50
10261,DE,2015-12-28,469697.50
10262,DE,2015-12-29,469697.50
10263,DE,2015-12-30,470637.50
10264,DE,2015-12-31,470167.50
10265,DE,2016-01-04,471577.50
10266,DE,2016-01-05,473927.50
10267,DE,2016-01-06,475337.50
10268,DE,2016-01-07,463117.50
10269,DE,2016-01-11,464087.50
10270,DE,2016-01-12,467482.50
10271,DE,2016-01-13,463602.50
10272,DE,2016-01-14,465057.50
10273,DE,2016-01-15,457782.50
10274,DE,2016-02-08,462237.50
10275,DE,2016-02-09,459762.50
10276,DE,2016-02-10,454317.50
10277,DE,2016-02-11,455802.50
10278,DE,2016-02-12,455307.50
10279,DE,2016-02-16,461742.50
10280,DE,2016-02-17,463227.50
10281,DE,2016-02-18,465207.50
10282,DE,2016-02-19,465702.50
10283,DE,2016-02-22,468177.50
10284,DE,2016-02-23,468672.50
10285,DE,2016-02-24,467187.50
10286,DE,2016-02-25,468672.50
10287,DE,2016-02-26,467187.50
10288,DE,2016-02-29,467682.50
10289,DE,2016-03-01,465702.50
10290,DE,2016-03-02,464712.50
10291,DE,2016-03-03,464960.00
10292,DE,2016-05-09,466340.00
10293,DE,2016-05-10,466340.00
10294,DE,2016-05-11,465880.00
10295,DE,2016-05-12,466800.00
10296,DE,2016-05-13,466800.00
10297,DE,2016-05-16,469560.00
10298,DE,2016-05-17,468180.00
10299,DE,2016-05-18,468180.00
10300,DE,2016-05-19,466340.00
10301,DE,2016-05-20,469100.00
10302,DE,2016-05-23,470940.00
10303,DE,2016-05-24,470480.00
10304,DE,2016-05-25,470940.00
10305,DE,2016-05-26,471400.00
10306,DE,2016-05-27,470020.00
10307,DE,2016-05-31,468640.00
10308,DE,2016-06-01,468180.00
10309,DE,2016-06-02,466800.00
10310,DE,2016-06-03,467720.00
10311,DE,2016-06-06,465650.00
10312,DE,2016-06-13,461970.00
10313,DE,2016-06-14,461510.00
10314,DE,2016-06-15,464270.00
10315,DE,2016-06-16,463810.00
10316,DE,2016-06-17,464730.00
10317,DE,2016-06-20,466110.00
10318,DE,2016-06-21,467490.00
10319,DE,2016-06-22,466110.00
10320,DE,2016-06-23,467030.00
10321,DE,2016-06-24,466110.00
10322,DE,2016-06-27,459670.00
10323,DE,2016-09-12,460610.00
10324,DE,2016-09-13,463430.00
10325,DE,2016-09-14,457320.00
10326,DE,2016-09-15,460140.00
10327,DE,2016-09-16,460610.00
10328,DE,2016-09-19,462020.00
10329,DE,2016-09-20,460610.00
10330,DE,2016-09-21,463430.00
10331,DE,2016-09-22,461550.00
10332,DE,2016-09-23,462490.00
10333,DE,2016-09-26,463430.00
10334,DE,2016-09-27,464370.00
10335,DE,2016-09-28,463900.00
10336,DE,2016-09-29,463900.00
10337,DE,2016-09-30,463900.00
10338,DE,2016-10-03,464370.00
10339,DE,2016-10-04,465780.00
10340,DE,2016-10-05,463430.00
10341,DE,2016-10-06,465310.00
10342,DE,2016-10-07,465780.00
10343,DE,2016-10-10,466245.00
10344,DE,2016-10-11,464850.00
10345,DE,2016-10-12,465780.00
10346,DE,2016-10-13,466245.00
10347,DE,2016-10-14,466245.00
10348,DE,2016-10-17,464850.00
10349,DE,2016-10-18,466710.00
10350,DE,2016-10-19,469500.00
10351,DE,2016-10-20,470895.00
10352,DE,2016-10-21,469965.00
10353,DE,2016-10-24,473220.00
10354,DE,2016-10-25,475545.00
10355,DE,2016-10-26,473220.00
10356,DE,2016-10-27,471825.00
10357,DE,2017-01-09,471360.00
10358,DE,2017-01-10,474150.00
10359,DE,2017-01-11,474150.00
10360,DE,2017-01-12,475545.00
10361,DE,2017-01-13,477405.00
10362,DE,2017-01-17,477405.00
10363,DE,2017-01-18,480195.00
10364,DE,2017-01-19,479730.00
10365,DE,2017-01-20,483450.00
10366,DE,2017-01-23,483450.00
10367,DE,2017-01-24,484380.00
10368,DE,2017-01-25,485775.00
10369,DE,2017-01-26,485775.00
10370,DE,2017-01-27,486705.00
10371,DE,2017-01-30,484845.00
10372,DE,2017-01-31,483450.00
10373,DE,2017-02-01,486705.00
10374,DE,2017-02-02,484845.00
10375,DE,2017-02-03,485775.00
10376,DE,2017-02-06,487635.00
10377,DE,2017-02-07,486705.00
10378,DE,2017-02-08,487170.00
10379,DE,2017-02-09,488565.00
10380,DE,2017-02-10,485775.00
10381,DE,2017-02-13,486705.00
10382,DE,2017-02-14,486240.00
10383,DE,2017-02-15,483915.00
10384,DE,2017-05-15,484775.00
10385,DE,2017-05-16,486495.00
10386,DE,2017-05-17,481335.00
10387,DE,2017-05-18,483915.00
10388,DE,2017-05-19,484345.00
10389,DE,2017-05-22,486925.00
10390,DE,2017-05-23,486495.00
10391,DE,2017-05-24,489075.00
10392,DE,2017-05-25,488645.00
10393,DE,2017-05-26,490795.00
10394,DE,2017-05-30,492085.00
10395,DE,2017-05-31,490365.00
10396,DE,2017-06-01,488645.00
10397,DE,2017-06-02,486065.00
10398,DE,2017-06-05,490365.00
10399,DE,2017-06-06,486925.00
10400,DE,2017-06-07,488645.00
10401,DE,2017-06-08,485205.00
10402,DE,2017-06-09,480045.00
10403,DE,2017-06-12,483485.00
10404,DE,2017-08-14,486275.00
10405,DE,2017-08-15,489065.00
10406,DE,2017-08-16,488600.00
10407,DE,2017-08-17,488135.00
10408,DE,2017-08-18,489530.00
10409,DE,2017-08-21,487670.00
10410,DE,2017-08-22,489995.00
10411,DE,2017-08-23,489995.00
10412,DE,2017-08-24,491390.00
10413,DE,2017-08-25,490460.00
10414,DE,2017-08-28,490925.00
10415,DE,2017-08-29,491390.00
10416,DE,2017-08-30,492320.00
10417,DE,2017-08-31,487205.00
10418,DE,2017-09-01,486740.00
10419,DE,2017-09-05,489065.00
10420,DE,2017-09-06,487670.00
10421,DE,2017-09-07,489065.00
10422,DE,2017-09-08,489530.00
10423,DE,2017-09-11,485810.00
10424,DE,2017-10-09,486670.00
10425,DE,2017-10-10,487960.00
10426,DE,2017-10-11,488820.00
10427,DE,2017-10-12,489250.00
10428,DE,2017-10-13,488820.00
10429,DE,2017-10-16,493550.00
10430,DE,2017-10-17,493980.00
10431,DE,2017-10-18,490970.00
10432,DE,2017-10-19,493550.00
10433,DE,2017-10-20,495700.00
10434,DE,2017-10-23,497420.00
10435,DE,2017-10-24,494840.00
10436,DE,2017-10-25,495270.00
10437,DE,2017-10-26,496560.00
10438,DE,2017-10-27,496990.00
10439,DE,2017-10-30,498710.00
10440,DE,2017-10-31,496560.00
10441,DE,2017-11-01,499570.00
10442,DE,2017-11-02,501290.00
10443,DE,2017-11-03,502150.00
10444,DE,2017-11-06,504730.00
10445,DE,2018-01-08,505570.00
10446,DE,2018-01-09,505570.00
10447,DE,2018-01-10,504730.00
10448,DE,2018-01-11,502210.00
10449,DE,2018-01-12,502210.00
10450,DE,2018-01-16,504730.00
10451,DE,2018-01-17,501370.00
10452,DE,2018-01-18,501370.00
10453,DE,2018-01-19,499690.00
10454,DE,2018-01-22,499270.00
10455,DE,2018-01-23,496750.00
10456,DE,2018-01-24,499690.00
10457,DE,2018-01-25,499690.00
10458,DE,2018-01-26,498010.00
10459,DE,2018-01-29,498430.00
10460,DE,2018-01-30,500530.00
10461,DE,2018-01-31,502210.00
10462,DE,2018-02-01,501790.00
10463,DE,2018-02-02,500530.00
10464,DE,2018-02-05,487930.00
10465,DE,2018-04-09,487930.00
10466,DE,2018-04-10,488890.00
10467,DE,2018-04-11,487930.00
10468,DE,2018-04-12,489850.00
10469,DE,2018-04-13,489850.00
10470,DE,2018-04-16,491770.00
10471,DE,2018-04-17,490330.00
10472,DE,2018-04-18,489850.00
10473,DE,2018-04-19,490330.00
10474,DE,2018-04-20,490810.00
10475,DE,2018-04-23,491770.00
10476,DE,2018-04-24,491290.00
10477,DE,2018-04-25,493210.00
10478,DE,2018-04-26,491770.00
10479,DE,2018-04-27,493690.00
10480,DE,2018-04-30,495610.00
10481,DE,2018-05-01,495610.00
10482,DE,2018-05-02,495130.00
10483,DE,2018-05-03,497530.00
10484,DE,2018-05-04,494170.00
10485,DE,2018-05-07,491770.00
10486,DE,2018-07-16,491315.00
10487,DE,2018-07-17,492225.00
10488,DE,2018-07-18,494045.00
10489,DE,2018-07-19,493135.00
10490,DE,2018-07-20,493135.00
10491,DE,2018-07-23,495410.00
10492,DE,2018-07-24,495410.00
10493,DE,2018-07-25,497230.00
10494,DE,2018-07-26,495865.00
10495,DE,2018-07-27,496775.00
10496,DE,2018-07-30,496320.00
10497,DE,2018-07-31,497685.00
10498,DE,2018-08-01,500415.00
10499,DE,2018-08-02,499960.00
10500,DE,2018-08-03,502690.00
10501,DE,2018-08-06,504055.00
10502,DE,2018-08-07,505420.00
10503,DE,2018-08-08,506785.00
10504,DE,2018-08-09,506330.00
10505,DE,2018-08-10,507695.00
10506,DE,2018-08-13,510395.00
10507,DE,2018-08-14,507210.00
10508,DE,2018-08-15,510405.00
10509,DE,2018-08-16,507220.00
10510,DE,2018-08-17,509900.00
10511,DE,2018-08-20,509900.00
10512,DE,2018-08-21,506785.00
10513,DE,2018-08-22,506785.00
10514,DE,2018-08-23,507230.00
10515,DE,2018-08-24,505450.00
10516,DE,2018-08-27,506340.00
10517,DE,2018-08-28,505895.00
10518,DE,2018-08-29,506785.00
10519,DE,2018-08-30,506785.00
10520,DE,2018-08-31,505005.00
10521,DE,2018-09-04,506340.00
10522,DE,2018-09-05,507230.00
10523,DE,2018-09-06,508120.00
10524,DE,2018-09-07,509455.00
10525,DE,2018-09-10,508565.00
10526,DE,2018-09-11,509040.00
10527,DE,2018-09-12,510850.00
10528,DE,2018-09-13,514885.00
10529,DE,2018-09-14,513565.00
10530,DE,2018-09-17,514485.00
10531,DE,2018-09-18,514945.00
10532,DE,2018-09-19,517245.00
10533,DE,2018-09-20,515865.00
10534,DE,2018-09-21,517245.00
10535,DE,2018-09-24,520005.00
10536,DE,2018-09-25,519085.00
10537,DE,2018-09-26,520465.00
10538,DE,2018-09-27,524605.00
10539,DE,2018-09-28,522305.00
10540,DE,2018-10-01,523685.00
10541,DE,2018-10-02,521845.00
10542,DE,2018-10-15,524935.00
10543,DE,2018-10-16,528025.00
10544,DE,2018-10-17,527510.00
10545,DE,2018-10-18,524935.00
10546,DE,2018-10-19,522875.00
10547,DE,2018-10-22,523905.00
10548,DE,2018-10-23,521330.00
10549,DE,2018-10-24,512575.00
10550,DE,2018-11-12,510050.00
10551,DE,2018-11-13,509545.00
10552,DE,2018-11-14,508535.00
10553,DE,2018-12-10,507455.00
10554,DE,2018-12-11,510155.00
10555,DE,2018-12-12,512315.00
10556,DE,2018-12-13,510695.00
10557,DE,2018-12-14,503675.00
10558,DE,2019-03-11,505635.00
10559,DE,2019-03-12,505635.00
10560,DE,2019-03-13,508085.00
10561,DE,2019-03-14,508575.00
10562,DE,2019-03-15,507595.00
10563,DE,2019-03-18,508575.00
10564,DE,2019-03-19,508085.00
10565,DE,2019-03-20,510045.00
10566,DE,2019-03-21,509555.00
10567,DE,2019-03-22,506615.00
10568,DE,2019-03-25,505635.00
10569,DE,2019-03-26,507595.00
10570,DE,2019-03-27,509555.00
10571,DE,2019-03-28,510535.00
10572,DE,2019-03-29,510045.00
10573,DE,2019-04-01,511515.00
10574,DE,2019-04-02,511515.00
10575,DE,2019-04-03,511025.00
10576,DE,2019-04-04,511515.00
10577,DE,2019-04-05,509555.00
10578,DE,2019-04-08,510045.00
10579,DE,2019-08-12,503545.00
10580,DE,2019-08-13,507045.00
10581,DE,2019-08-14,503045.00
10582,DE,2019-09-09,502055.00
10583,DE,2019-09-10,503540.00
10584,DE,2019-09-11,504530.00
10585,DE,2019-09-12,503540.00
10586,DE,2019-09-13,504530.00
10587,DE,2019-09-16,504530.00
10588,DE,2019-09-17,504530.00
10589,DE,2019-09-18,504035.00
10590,DE,2019-09-19,506015.00
10591,DE,2019-09-20,505025.00
10592,DE,2019-09-23,505025.00
10593,DE,2019-09-24,504035.00
10594,DE,2019-09-25,506510.00
10595,DE,2019-09-26,505520.00
10596,DE,2019-09-27,504530.00
10597,DE,2019-09-30,507005.00
10598,DE,2019-10-01,507005.00
10599,DE,2019-10-02,502055.00
10600,DE,2019-10-03,502550.00
10601,DE,2019-10-04,507995.00
10602,DE,2019-10-07,508490.00
10603,DE,2019-10-08,507995.00
10604,DE,2019-10-09,505520.00
10605,DE,2019-10-10,508985.00
10606,DE,2019-10-11,512945.00
10607,DE,2019-10-14,514925.00
10608,DE,2019-10-15,517895.00
10609,DE,2019-10-16,517400.00
10610,DE,2019-10-17,515915.00
10611,DE,2019-12-16,516845.00
10612,DE,2019-12-17,518705.00
10613,DE,2019-12-18,517310.00
10614,DE,2019-12-19,515915.00
10615,DE,2019-12-20,516845.00
10616,DE,2019-12-23,515915.00
10617,DE,2019-12-24,514985.00
10618,DE,2019-12-26,514985.00
10619,DE,2019-12-27,516380.00
10620,DE,2019-12-30,516380.00
10621,DE,2019-12-31,515915.00
10622,DE,2020-01-02,519170.00
10623,DE,2020-01-03,517310.00
10624,DE,2020-01-06,517310.00
10625,DE,2020-01-07,519635.00
10626,DE,2020-01-08,519635.00
10627,DE,2020-01-09,521495.00
10628,DE,2020-01-10,523355.00
10629,DE,2020-01-13,523820.00
10630,DE,2020-01-14,523355.00
10631,DE,2020-01-15,522425.00
10632,DE,2020-01-16,521495.00
10633,DE,2020-01-17,521030.00
10634,DE,2020-01-21,523355.00
10635,DE,2020-01-22,522425.00
10636,DE,2020-01-23,522890.00
10637,DE,2020-01-24,521960.00
10638,DE,2020-01-27,519635.00
10639,DE,2020-01-28,521495.00
10640,DE,2020-01-29,522425.00
10641,DE,2020-01-30,523355.00
10642,DE,2020-01-31,513590.00
10643,DE,2020-02-10,514060.00
10644,DE,2020-02-11,514530.00
10645,DE,2020-02-12,515470.00
10646,DE,2020-02-13,514530.00
10647,DE,2020-02-14,515000.00
10648,DE,2020-02-18,514530.00
10649,DE,2020-02-19,515470.00
10650,DE,2020-02-20,515000.00
10651,DE,2020-02-21,515470.00
10652,DE,2020-02-24,506070.00
10653,DE,2020-02-25,495730.00
10654,DE,2020-03-09,473500.00
10655,DE,2020-04-14,473500.00
10656,DE,2020-04-15,465635.00
10657,DE,2020-04-16,463215.00
10658,DE,2020-04-17,470475.00
10659,DE,2020-04-20,465635.00
10660,DE,2020-04-21,468660.00
10661,DE,2020-04-22,474710.00
10662,DE,2020-04-23,472895.00
10663,DE,2020-04-24,477735.00
10664,DE,2020-04-27,484390.00
10665,DE,2020-04-28,484995.00
10666,DE,2020-04-29,490440.00
10667,DE,2020-04-30,485600.00
10668,DE,2020-05-01,477735.00
10669,DE,2020-05-04,481365.00
10670,DE,2020-05-05,481970.00
10671,DE,2020-05-06,480155.00
10672,DE,2020-05-07,482575.00
10673,DE,2020-05-08,486810.00
10674,DE,2020-05-11,489835.00
10675,DE,2020-09-14,495184.05
10676,DE,2020-09-15,494589.05
10677,DE,2020-09-16,496380.00
10678,DE,2020-09-17,495785.00
10679,DE,2020-09-18,495190.00
10680,DE,2020-09-21,486860.00
10681,DE,2020-09-22,488050.00
10682,DE,2020-09-23,481505.00
10683,DE,2020-11-09,486105.00
10684,DE,2020-11-10,490130.00
10685,DE,2020-11-11,487830.00
10686,DE,2020-11-12,486680.00
10687,DE,2020-11-13,489555.00
10688,DE,2020-11-16,491280.00
10689,DE,2020-11-17,490705.00
10690,DE,2020-11-18,490705.00
10691,DE,2020-11-19,492430.00
10692,DE,2020-11-20,491855.00
10693,DE,2020-11-23,493005.00
10694,DE,2020-11-24,495305.00
10695,DE,2020-11-25,493580.00
10696,DE,2020-11-27,494155.00
10697,DE,2020-11-30,492430.00
10698,DE,2020-12-01,495305.00
10699,DE,2020-12-02,494155.00
10700,DE,2020-12-03,496455.00
10701,DE,2020-12-04,497030.00
10702,DE,2020-12-07,495880.00
10703,DE,2020-12-14,496470.00
10704,DE,2020-12-15,500600.00
10705,DE,2020-12-16,501190.00
10706,DE,2020-12-17,502960.00
10707,DE,2020-12-18,501190.00
10708,DE,2020-12-21,500010.00
10709,DE,2020-12-22,502370.00
10710,DE,2020-12-23,504140.00
10711,DE,2020-12-24,502960.00
10712,DE,2020-12-28,505320.00
10713,DE,2020-12-29,501190.00
10714,DE,2020-12-30,501780.00
10715,DE,2020-12-31,501780.00
10716,DE,2021-01-04,499420.00
10717,DE,2021-01-05,503550.00
10718,DE,2021-01-06,509450.00
10719,DE,2021-01-07,510040.00
10720,DE,2021-01-08,508860.00
10721,DE,2021-01-11,509500.00
10722,CD,2007-08-14,94995.00
10723,CD,2007-08-15,96360.00
10724,CD,2007-08-16,96360.00
10725,CD,2007-08-17,94995.00
10726,CD,2007-08-20,97725.00
10727,CD,2007-08-21,98635.00
10728,CD,2007-08-22,98180.00
10729,CD,2007-08-23,99090.00
10730,CD,2007-08-24,100000.00
10731,CD,2007-08-27,101365.00
10732,CD,2007-08-28,97270.00
10733,CD,2007-08-29,100910.00
10734,CD,2007-08-30,99545.00
10735,CD,2007-08-31,99090.00
10736,CD,2007-09-04,100000.00
10737,CD,2007-09-05,98635.00
10738,CD,2007-09-06,98180.00
10739,CD,2007-09-07,97725.00
10740,CD,2007-09-10,99545.00
10741,CD,2007-09-11,101900.00
10742,CD,2007-09-12,104295.00
10743,CD,2007-09-13,103305.00
10744,CD,2007-09-14,106155.00
10745,CD,2007-09-17,108390.00
10746,CD,2007-09-18,111400.00
10747,CD,2007-09-19,108135.00
10748,CD,2007-09-20,110115.00
10749,CD,2007-09-21,111105.00
10750,CD,2007-09-24,112095.00
10751,CD,2007-09-25,114075.00
10752,CD,2007-09-26,113580.00
10753,CD,2007-09-27,113580.00
10754,CD,2007-09-28,113580.00
10755,CD,2007-10-01,111600.00
10756,CD,2007-10-02,110115.00
10757,CD,2007-10-03,111600.00
10758,CD,2007-10-04,110610.00
10759,CD,2007-10-05,108135.00
10760,CD,2007-10-08,110115.00
10761,CD,2007-10-09,110115.00
10762,CD,2007-10-16,109670.00
10763,CD,2007-10-17,110560.00
10764,CD,2007-10-18,111005.00
10765,CD,2007-10-19,107000.00
10766,CD,2007-10-22,109225.00
10767,CD,2007-10-23,110560.00
10768,CD,2007-10-24,111895.00
10769,CD,2007-10-25,112340.00
10770,CD,2007-10-26,112785.00
10771,CD,2007-10-29,113675.00
10772,CD,2007-10-30,111450.00
10773,CD,2007-10-31,112785.00
10774,CD,2007-11-01,111895.00
10775,CD,2007-11-02,109670.00
10776,CD,2007-11-05,113230.00
10777,CD,2007-11-06,117680.00
10778,CD,2007-11-07,111450.00
10779,CD,2007-11-13,113800.00
10780,CD,2007-11-14,110510.00
10781,CD,2007-11-15,109570.00
10782,CD,2007-11-16,110040.00
10783,CD,2007-11-19,109570.00
10784,CD,2007-11-20,108630.00
10785,CD,2007-11-21,111450.00
10786,CD,2007-11-23,110980.00
10787,CD,2007-11-26,110980.00
10788,CD,2007-11-27,114270.00
10789,CD,2007-11-28,117090.00
10790,CD,2007-11-29,117560.00
10791,CD,2007-11-30,118030.00
10792,CD,2007-12-03,118500.00
10793,CD,2007-12-04,120380.00
10794,CD,2007-12-05,122260.00
10795,CD,2007-12-06,121320.00
10796,CD,2007-12-07,123200.00
10797,CD,2007-12-10,123670.00
10798,CD,2007-12-11,124140.00
10799,CD,2007-12-12,125080.00
10800,CD,2007-12-13,126490.00
10801,CD,2007-12-14,127430.00
10802,CD,2007-12-17,129310.00
10803,CD,2008-02-12,130705.00
10804,CD,2008-02-13,132565.00
10805,CD,2008-02-14,132100.00
10806,CD,2008-02-15,133030.00
10807,CD,2008-02-19,133030.00
10808,CD,2008-02-20,134890.00
10809,CD,2008-02-21,134425.00
10810,CD,2008-02-22,135820.00
10811,CD,2008-02-25,138610.00
10812,CD,2008-02-26,138145.00
10813,CD,2008-02-27,138145.00
10814,CD,2008-02-28,138145.00
10815,CD,2008-02-29,135820.00
10816,CD,2008-03-03,137680.00
10817,CD,2008-03-04,140470.00
10818,CD,2008-03-05,143260.00
10819,CD,2008-03-06,140470.00
10820,CD,2008-03-07,141865.00
10821,CD,2008-03-10,135820.00
10822,CD,2008-03-11,135820.00
10823,CD,2008-03-12,135370.00
10824,CD,2008-03-13,136270.00
10825,CD,2008-03-14,135370.00
10826,CD,2008-03-17,134020.00
10827,CD,2008-03-18,133120.00
10828,CD,2008-03-19,135820.00
10829,CD,2008-03-20,136720.00
10830,CD,2008-03-24,135370.00
10831,CD,2008-03-25,134470.00
10832,CD,2008-03-26,138520.00
10833,CD,2008-03-27,138070.00
10834,CD,2008-03-28,140320.00
10835,CD,2008-03-31,139420.00
10836,CD,2008-04-01,139420.00
10837,CD,2008-04-02,138745.00
10838,CD,2008-04-03,138295.00
10839,CD,2008-04-04,139645.00
10840,CD,2008-04-07,136945.00
10841,CD,2008-04-08,138970.00
10842,CD,2008-07-15,139420.00
10843,CD,2008-07-16,140320.00
10844,CD,2008-07-17,140320.00
10845,CD,2008-07-18,140770.00
10846,CD,2008-07-21,142120.00
10847,CD,2008-07-22,141220.00
10848,CD,2008-07-23,140320.00
10849,CD,2008-07-24,143020.00
10850,CD,2008-07-25,142120.00
10851,CD,2008-07-28,143920.00
10852,CD,2008-07-29,144145.00
10853,CD,2008-07-30,143920.00
10854,CD,2008-07-31,143695.00
10855,CD,2008-08-01,143470.00
10856,CD,2008-08-04,147520.00
10857,CD,2008-08-05,143020.00
10858,CD,2008-08-06,142345.00
10859,CD,2008-08-07,145270.00
10860,CD,2008-08-08,140320.00
10861,CD,2008-08-11,137620.00
10862,CD,2008-08-12,139870.00
10863,CD,2008-09-16,140790.00
10864,CD,2008-09-17,137110.00
10865,CD,2008-09-18,140330.00
10866,CD,2008-09-19,137110.00
10867,CD,2008-09-22,138030.00
10868,CD,2008-09-23,138490.00
10869,CD,2008-09-24,138030.00
10870,CD,2008-09-25,139870.00
10871,CD,2008-09-26,138490.00
10872,CD,2008-09-29,131130.00
10873,CD,2008-09-30,138490.00
10874,CD,2008-10-01,135730.00
10875,CD,2008-10-02,126070.00
10876,CD,2008-11-11,126070.00
10877,CD,2008-11-12,124585.00
10878,CD,2008-11-13,125575.00
10879,CD,2008-11-14,122110.00
10880,CD,2008-11-17,126070.00
10881,CD,2008-11-18,115675.00
10882,CD,2008-12-16,119210.00
10883,CD,2008-12-17,121230.00
10884,CD,2008-12-18,124260.00
10885,CD,2008-12-19,125270.00
10886,CD,2008-12-22,127290.00
10887,CD,2008-12-23,125775.00
10888,CD,2008-12-24,126280.00
10889,CD,2008-12-26,128300.00
10890,CD,2008-12-29,128300.00
10891,CD,2008-12-30,129815.00
10892,CD,2008-12-31,129310.00
10893,CD,2009-01-02,130320.00
10894,CD,2009-01-05,129815.00
10895,CD,2009-01-06,128047.50
10896,CD,2009-01-07,130320.00
10897,CD,2009-01-08,129815.00
10898,CD,2009-01-09,132340.00
10899,CD,2009-01-12,135370.00
10900,CD,2009-01-13,135805.00
10901,CD,2009-01-14,135945.00
10902,CD,2009-01-15,137355.00
10903,CD,2009-01-16,139235.00
10904,CD,2009-01-20,133125.00
10905,CD,2009-01-21,138295.00
10906,CD,2009-01-22,138295.00
10907,CD,2009-01-23,141585.00
10908,CD,2009-01-26,142525.00
10909,CD,2009-01-27,146285.00
10910,CD,2009-01-28,147225.00
10911,CD,2009-01-29,147695.00
10912,CD,2009-01-30,146285.00
10913,CD,2009-02-02,148165.00
10914,CD,2009-02-03,151925.00
10915,CD,2009-02-04,151925.00
10916,CD,2009-02-05,152395.00
10917,CD,2009-02-06,151925.00
10918,CD,2009-02-09,154275.00
10919,CD,2009-02-10,153805.00
10920,CD,2009-02-11,157565.00
10921,CD,2011-03-15,150205.00
10922,CD,2011-03-16,154805.00
10923,CD,2011-03-17,156645.00
10924,CD,2011-03-18,155265.00
10925,CD,2011-03-21,161245.00
10926,CD,2011-03-22,162165.00
10927,CD,2011-03-23,160785.00
10928,CD,2011-03-24,161245.00
10929,CD,2011-03-25,161705.00
10930,CD,2011-03-28,161245.00
10931,CD,2011-03-29,161245.00
10932,CD,2011-03-30,161245.00
10933,CD,2011-03-31,161245.00
10934,CD,2011-04-01,161245.00
10935,CD,2011-04-04,163545.00
10936,CD,2011-04-05,161935.00
10937,CD,2011-04-06,162625.00
10938,CD,2011-04-07,162395.00
10939,CD,2011-04-08,165155.00
10940,CD,2011-04-11,167225.00
10941,CD,2011-04-12,172270.00
10942,CD,2011-04-13,175235.00
10943,CD,2011-04-14,176595.00
10944,CD,2011-04-15,175200.00
10945,CD,2011-04-18,177930.00
10946,CD,2011-04-19,179295.00
10947,CD,2011-04-20,176110.00
10948,CD,2011-04-21,176110.00
10949,CD,2011-04-25,177930.00
10950,CD,2011-04-26,173380.00
10951,CD,2011-04-27,174290.00
10952,CD,2011-04-28,174290.00
10953,CD,2011-04-29,172925.00
10954,CD,2011-05-02,175200.00
10955,CD,2011-05-03,176565.00
10956,CD,2011-05-04,181115.00
10957,CD,2011-05-05,180205.00
10958,CD,2011-05-06,182480.00
10959,CD,2011-05-09,181570.00
10960,CD,2011-05-10,178385.00
10961,CD,2011-05-11,184300.00
10962,CD,2011-05-12,180205.00
10963,CD,2011-05-13,185210.00
10964,CD,2011-05-16,189760.00
10965,CD,2011-11-15,190770.00
10966,CD,2011-11-16,191275.00
10967,CD,2011-11-17,187235.00
10968,CD,2011-11-18,188245.00
10969,CD,2011-11-21,187235.00
10970,CD,2011-11-22,190770.00
10971,CD,2011-11-23,187740.00
10972,CD,2011-12-13,183330.00
10973,CD,2011-12-14,184800.00
10974,CD,2011-12-15,187250.00
10975,CD,2011-12-16,188720.00
10976,CD,2011-12-19,188720.00
10977,CD,2011-12-20,194110.00
10978,CD,2011-12-21,192640.00
10979,CD,2011-12-22,194600.00
10980,CD,2011-12-23,195580.00
10981,CD,2011-12-27,196560.00
10982,CD,2011-12-28,195580.00
10983,CD,2011-12-29,196070.00
10984,CD,2011-12-30,197540.00
10985,CD,2012-01-03,198520.00
10986,CD,2012-01-04,199500.00
10987,CD,2012-01-05,200480.00
10988,CD,2012-01-06,202440.00
10989,CD,2012-01-09,202440.00
10990,CD,2012-01-10,200480.00
10991,CD,2012-04-10,198255.00
10992,CD,2012-04-11,196920.00
10993,CD,2012-04-12,198700.00
10994,CD,2012-04-13,199590.00
10995,CD,2012-04-16,202705.00
10996,CD,2012-04-17,203150.00
10997,CD,2012-04-18,203595.00
10998,CD,2012-04-19,205375.00
10999,CD,2012-04-20,206710.00
11000,CD,2012-04-23,206265.00
11001,CD,2012-04-24,207155.00
11002,CD,2012-04-25,209380.00
11003,CD,2012-04-26,207600.00
11004,CD,2012-04-27,207155.00
11005,CD,2012-04-30,208045.00
11006,CD,2012-05-01,209380.00
11007,CD,2012-05-02,208935.00
11008,CD,2012-05-03,212050.00
11009,CD,2012-05-04,214720.00
11010,CD,2012-05-07,217835.00
11011,CD,2012-05-08,217390.00
11012,CD,2012-05-09,216055.00
11013,CD,2012-05-10,219615.00
11014,CD,2012-05-15,218250.00
11015,CD,2012-05-16,219160.00
11016,CD,2012-05-17,218250.00
11017,CD,2012-05-18,214610.00
11018,CD,2012-05-21,219615.00
11019,CD,2012-05-22,218250.00
11020,CD,2012-05-23,224165.00
11021,CD,2012-05-24,221890.00
11022,CD,2012-05-25,221435.00
11023,CD,2012-05-29,223710.00
11024,CD,2012-05-30,221435.00
11025,CD,2012-05-31,222800.00
11026,CD,2012-06-01,220525.00
11027,CD,2012-06-12,219175.00
11028,CD,2012-06-13,217825.00
11029,CD,2012-06-14,219625.00
11030,CD,2014-04-15,218675.00
11031,CD,2014-04-16,223425.00
11032,CD,2014-04-17,221525.00
11033,CD,2014-04-21,224375.00
11034,CD,2014-04-22,224850.00
11035,CD,2014-04-23,223425.00
11036,CD,2014-04-24,225800.00
11037,CD,2014-04-25,223900.00
11038,CD,2014-04-28,225800.00
11039,CD,2014-04-29,225800.00
11040,CD,2014-04-30,226750.00
11041,CD,2014-05-01,228175.00
11042,CD,2014-05-02,227700.00
11043,CD,2014-05-05,230075.00
11044,CD,2014-05-06,230550.00
11045,CD,2014-05-07,230075.00
11046,CD,2014-05-08,230550.00
11047,CD,2014-05-09,231500.00
11048,CD,2014-05-12,234825.00
11049,CD,2014-05-13,240050.00
11050,CD,2014-09-16,239150.00
11051,CD,2014-09-17,241850.00
11052,CD,2014-09-18,240950.00
11053,CD,2014-09-19,242300.00
11054,CD,2014-09-22,241850.00
11055,CD,2014-09-23,240050.00
11056,CD,2014-09-24,241850.00
11057,CD,2014-09-25,240500.00
11058,CD,2014-09-26,240950.00
11059,CD,2014-09-29,243200.00
11060,CD,2014-09-30,243650.00
11061,CD,2014-10-14,242240.00
11062,CD,2014-10-15,243180.00
11063,CD,2014-10-16,242710.00
11064,CD,2014-10-17,242710.00
11065,CD,2014-10-20,244120.00
11066,CD,2014-10-21,245530.00
11067,CD,2014-10-22,243650.00
11068,CD,2014-10-23,246000.00
11069,CD,2014-10-24,246000.00
11070,CD,2014-10-27,245060.00
11071,CD,2014-10-28,243415.00
11072,CD,2014-10-29,242710.00
11073,CD,2014-10-30,243885.00
11074,CD,2014-10-31,242240.00
11075,CD,2014-11-03,243885.00
11076,CD,2014-11-04,243415.00
11077,CD,2014-11-05,243885.00
11078,CD,2014-11-06,241065.00
11079,CD,2014-11-07,241770.00
11080,CD,2014-11-10,243415.00
11081,CD,2014-11-11,240595.00
11082,CD,2014-12-15,240595.00
11083,CD,2014-12-16,240110.00
11084,CD,2014-12-17,242050.00
11085,CD,2014-12-18,243990.00
11086,CD,2014-12-19,243020.00
11087,CD,2014-12-22,243020.00
11088,CD,2014-12-23,243990.00
11089,CD,2014-12-24,245930.00
11090,CD,2014-12-26,243505.00
11091,CD,2014-12-29,243505.00
11092,CD,2014-12-30,244475.00
11093,CD,2014-12-31,242535.00
11094,CD,2015-01-02,245930.00
11095,CD,2015-01-05,244475.00
11096,CD,2015-01-06,245445.00
11097,CD,2015-01-07,248840.00
11098,CD,2015-01-08,249325.00
11099,CD,2015-01-09,247385.00
11100,CD,2015-01-12,247430.00
11101,CD,2015-01-13,244140.00
11102,CD,2015-01-14,245580.00
11103,CD,2015-01-15,243655.00
11104,CD,2015-01-16,249370.00
11105,CD,2015-01-20,255085.00
11106,CD,2015-01-21,259390.00
11107,CD,2015-01-22,260240.00
11108,CD,2015-01-23,258360.00
11109,CD,2015-01-26,257890.00
11110,CD,2015-01-27,256010.00
11111,CD,2015-01-28,256010.00
11112,CD,2015-01-29,254600.00
11113,CD,2015-01-30,257890.00
11114,CD,2015-02-02,256480.00
11115,CD,2015-02-03,256950.00
11116,CD,2015-02-04,259300.00
11117,CD,2015-02-05,257420.00
11118,CD,2015-02-06,257420.00
11119,CD,2015-02-09,262165.00
11120,CD,2015-02-10,264105.00
11121,CD,2015-02-11,265545.00
11122,CD,2015-02-12,267440.00
11123,CD,2015-02-13,268910.00
11124,CD,2015-02-17,269395.00
11125,CD,2015-02-18,269880.00
11126,CD,2015-02-19,268910.00
11127,CD,2015-02-20,270365.00
11128,CD,2015-02-23,269395.00
11129,CD,2015-02-24,271335.00
11130,CD,2015-02-25,269395.00
11131,CD,2015-02-26,272790.00
11132,CD,2015-02-27,269395.00
11133,CD,2015-03-02,271820.00
11134,CD,2015-03-03,271820.00
11135,CD,2015-03-04,272790.00
11136,CD,2015-03-05,271820.00
11137,CD,2015-03-06,275700.00
11138,CD,2015-03-09,277015.00
11139,CD,2015-03-10,280510.00
11140,CD,2015-03-11,278490.00
11141,CD,2015-03-12,276045.00
11142,CD,2015-03-13,274650.00
11143,CD,2015-03-16,276045.00
11144,CD,2015-03-17,274650.00
11145,CD,2015-03-18,274650.00
11146,CD,2015-03-19,274650.00
11147,CD,2015-03-20,274185.00
11148,CD,2015-03-23,275580.00
11149,CD,2015-03-24,276045.00
11150,CD,2015-03-25,276975.00
11151,CD,2015-03-26,278835.00
11152,CD,2015-03-27,278835.00
11153,CD,2015-03-30,276975.00
11154,CD,2015-03-31,276975.00
11155,CD,2015-04-01,276045.00
11156,CD,2015-04-02,278370.00
11157,CD,2015-04-06,276975.00
11158,CD,2015-06-15,276075.00
11159,CD,2015-06-16,272925.00
11160,CD,2015-06-17,273825.00
11161,CD,2015-06-18,274725.00
11162,CD,2015-06-19,276975.00
11163,CD,2015-06-22,277875.00
11164,CD,2015-06-23,278325.00
11165,CD,2015-06-24,277425.00
11166,CD,2015-06-25,277425.00
11167,CD,2015-06-26,276975.00
11168,CD,2015-06-29,274275.00
11169,CD,2015-06-30,276525.00
11170,CD,2015-07-01,279675.00
11171,CD,2015-07-02,279225.00
11172,CD,2015-07-06,276075.00
11173,CD,2015-07-07,278325.00
11174,CD,2015-07-08,278775.00
11175,CD,2015-07-09,281025.00
11176,CD,2015-07-10,283275.00
11177,CD,2015-07-13,285525.00
11178,CD,2015-07-14,286875.00
11179,CD,2015-07-15,287775.00
11180,CD,2015-07-16,287775.00
11181,CD,2015-07-17,291825.00
11182,CD,2015-08-10,291825.00
11183,CD,2015-08-11,292290.00
11184,CD,2015-08-12,292290.00
11185,CD,2015-08-13,294615.00
11186,CD,2015-08-14,295080.00
11187,CD,2015-08-17,294150.00
11188,CD,2015-08-18,294615.00
11189,CD,2015-08-19,295080.00
11190,CD,2015-08-20,296010.00
11191,CD,2015-08-21,291360.00
11192,CD,2015-10-13,285445.00
11193,CD,2015-10-14,292270.00
11194,CD,2015-10-15,292270.00
11195,CD,2015-10-16,291815.00
11196,CD,2015-10-19,292725.00
11197,CD,2015-10-20,292725.00
11198,CD,2015-10-21,292270.00
11199,CD,2015-10-22,293180.00
11200,CD,2015-10-23,294090.00
11201,CD,2015-10-26,295455.00
11202,CD,2015-10-27,297275.00
11203,CD,2015-10-28,295000.00
11204,CD,2015-10-29,298640.00
11205,CD,2015-10-30,297730.00
11206,CD,2015-11-02,295455.00
11207,CD,2015-11-03,293635.00
11208,CD,2015-11-04,295455.00
11209,CD,2015-11-05,294090.00
11210,CD,2015-11-06,294545.00
11211,CD,2015-11-09,293635.00
11212,CD,2015-11-10,295000.00
11213,CD,2015-11-11,298640.00
11214,CD,2015-11-12,299550.00
11215,CD,2015-11-13,299550.00
11216,CD,2015-11-16,302735.00
11217,CD,2015-11-17,301825.00
11218,CD,2015-11-18,304100.00
11219,CD,2015-11-19,307740.00
11220,CD,2015-12-14,308680.00
11221,CD,2015-12-15,311030.00
11222,CD,2015-12-16,311030.00
11223,CD,2015-12-17,312910.00
11224,CD,2015-12-18,311970.00
11225,CD,2015-12-21,313850.00
11226,CD,2015-12-22,313850.00
11227,CD,2015-12-23,313850.00
11228,CD,2015-12-24,312440.00
11229,CD,2015-12-28,313850.00
11230,CD,2015-12-29,313850.00
11231,CD,2015-12-30,314790.00
11232,CD,2015-12-31,314320.00
11233,CD,2016-01-04,315730.00
11234,CD,2016-01-05,318080.00
11235,CD,2016-01-06,319490.00
11236,CD,2016-01-07,307270.00
11237,CD,2016-01-11,308240.00
11238,CD,2016-01-12,311635.00
11239,CD,2016-01-13,307755.00
11240,CD,2016-01-14,309210.00
11241,CD,2016-01-15,301935.00
11242,CD,2016-02-08,306390.00
11243,CD,2016-02-09,303915.00
11244,CD,2016-02-10,298470.00
11245,CD,2016-02-11,299955.00
11246,CD,2016-02-12,299460.00
11247,CD,2016-02-16,305895.00
11248,CD,2016-02-17,307380.00
11249,CD,2016-02-18,309360.00
11250,CD,2016-02-19,309855.00
11251,CD,2016-02-22,312330.00
11252,CD,2016-02-23,312825.00
11253,CD,2016-02-24,311340.00
11254,CD,2016-02-25,312825.00
11255,CD,2016-02-26,311340.00
11256,CD,2016-02-29,311835.00
11257,CD,2016-03-01,309855.00
11258,CD,2016-03-02,308865.00
11259,CD,2016-03-03,309112.50
11260,CD,2016-03-04,307627.50
11261,CD,2016-03-07,306637.50
11262,CD,2016-05-09,308017.50
11263,CD,2016-05-10,308017.50
11264,CD,2016-05-11,307557.50
11265,CD,2016-05-12,308477.50
11266,CD,2016-05-13,308477.50
11267,CD,2016-05-16,311237.50
11268,CD,2016-05-17,309857.50
11269,CD,2016-05-18,309857.50
11270,CD,2016-05-19,308017.50
11271,CD,2016-05-20,310777.50
11272,CD,2016-05-23,312617.50
11273,CD,2016-05-24,312157.50
11274,CD,2016-05-25,312617.50
11275,CD,2016-05-26,313077.50
11276,CD,2016-05-27,311697.50
11277,CD,2016-05-31,310317.50
11278,CD,2016-06-01,309857.50
11279,CD,2016-06-02,308477.50
11280,CD,2016-06-03,309397.50
11281,CD,2016-06-06,307327.50
11282,CD,2016-06-13,303647.50
11283,CD,2016-06-14,303187.50
11284,CD,2016-06-15,305947.50
11285,CD,2016-06-16,305487.50
11286,CD,2016-06-17,306407.50
11287,CD,2016-06-20,307787.50
11288,CD,2016-06-21,309167.50
11289,CD,2016-06-22,307787.50
11290,CD,2016-06-23,308707.50
11291,CD,2016-06-24,307787.50
11292,CD,2016-06-27,301347.50
11293,CD,2016-09-12,302287.50
11294,CD,2016-09-13,305107.50
11295,CD,2016-09-14,298997.50
11296,CD,2016-09-15,301817.50
11297,CD,2016-09-16,302287.50
11298,CD,2016-09-19,303697.50
11299,CD,2016-09-20,302287.50
11300,CD,2016-09-21,305107.50
11301,CD,2016-09-22,303227.50
11302,CD,2016-09-23,304167.50
11303,CD,2016-09-26,305107.50
11304,CD,2016-09-27,306047.50
11305,CD,2016-09-28,305577.50
11306,CD,2016-09-29,305577.50
11307,CD,2016-09-30,305577.50
11308,CD,2016-10-03,306047.50
11309,CD,2016-10-04,307457.50
11310,CD,2016-10-05,305107.50
11311,CD,2016-10-06,306987.50
11312,CD,2016-10-07,307457.50
11313,CD,2016-10-10,307922.50
11314,CD,2016-10-11,306527.50
11315,CD,2016-10-12,307457.50
11316,CD,2016-10-13,307922.50
11317,CD,2016-10-14,307922.50
11318,CD,2016-10-17,306527.50
11319,CD,2016-10-18,308387.50
11320,CD,2016-10-19,311177.50
11321,CD,2016-10-20,312572.50
11322,CD,2016-10-21,311642.50
11323,CD,2016-10-24,314897.50
11324,CD,2016-10-25,317222.50
11325,CD,2016-10-26,314897.50
11326,CD,2016-10-27,313502.50
11327,CD,2017-01-09,313037.50
11328,CD,2017-01-10,315827.50
11329,CD,2017-01-11,315827.50
11330,CD,2017-01-12,317222.50
11331,CD,2017-01-13,319082.50
11332,CD,2017-01-17,319082.50
11333,CD,2017-01-18,321872.50
11334,CD,2017-01-19,321407.50
11335,CD,2017-01-20,325127.50
11336,CD,2017-01-23,325127.50
11337,CD,2017-01-24,326057.50
11338,CD,2017-01-25,327452.50
11339,CD,2017-01-26,327452.50
11340,CD,2017-01-27,328382.50
11341,CD,2017-01-30,326522.50
11342,CD,2017-01-31,325127.50
11343,CD,2017-02-01,328382.50
11344,CD,2017-02-02,326522.50
11345,CD,2017-02-03,327452.50
11346,CD,2017-02-06,329312.50
11347,CD,2017-02-07,328382.50
11348,CD,2017-02-08,328847.50
11349,CD,2017-02-09,330242.50
11350,CD,2017-02-10,327452.50
11351,CD,2017-02-13,328382.50
11352,CD,2017-02-14,327917.50
11353,CD,2017-02-15,325592.50
11354,CD,2017-08-14,328382.50
11355,CD,2017-08-15,331172.50
11356,CD,2017-08-16,330707.50
11357,CD,2017-08-17,330242.50
11358,CD,2017-08-18,331637.50
11359,CD,2017-08-21,329777.50
11360,CD,2017-08-22,332102.50
11361,CD,2017-08-23,332102.50
11362,CD,2017-08-24,333497.50
11363,CD,2017-08-25,332567.50
11364,CD,2017-08-28,333032.50
11365,CD,2017-08-29,333497.50
11366,CD,2017-08-30,334427.50
11367,CD,2017-08-31,329312.50
11368,CD,2017-09-01,328847.50
11369,CD,2017-09-05,331172.50
11370,CD,2017-09-06,329777.50
11371,CD,2017-09-07,331172.50
11372,CD,2017-09-08,331637.50
11373,CD,2017-09-11,327917.50
11374,CD,2018-04-09,327917.50
11375,CD,2018-04-10,328877.50
11376,CD,2018-04-11,327917.50
11377,CD,2018-04-12,329837.50
11378,CD,2018-04-13,329837.50
11379,CD,2018-04-16,331757.50
11380,CD,2018-04-17,330317.50
11381,CD,2018-04-18,329837.50
11382,CD,2018-04-19,330317.50
11383,CD,2018-04-20,330797.50
11384,CD,2018-04-23,331757.50
11385,CD,2018-04-24,331277.50
11386,CD,2018-04-25,333197.50
11387,CD,2018-04-26,331757.50
11388,CD,2018-04-27,333677.50
11389,CD,2018-04-30,335597.50
11390,CD,2018-05-01,335597.50
11391,CD,2018-05-02,335117.50
11392,CD,2018-05-03,337517.50
11393,CD,2018-05-04,334157.50
11394,CD,2018-05-07,331757.50
11395,CD,2018-07-16,331302.50
11396,CD,2018-07-17,332212.50
11397,CD,2018-07-18,334032.50
11398,CD,2018-07-19,333122.50
11399,CD,2018-07-20,333122.50
11400,CD,2018-07-23,335397.50
11401,CD,2018-07-24,335397.50
11402,CD,2018-07-25,337217.50
11403,CD,2018-07-26,335852.50
11404,CD,2018-07-27,336762.50
11405,CD,2018-07-30,336307.50
11406,CD,2018-07-31,337672.50
11407,CD,2018-08-01,340402.50
11408,CD,2018-08-02,339947.50
11409,CD,2018-08-03,342677.50
11410,CD,2018-08-06,344042.50
11411,CD,2018-08-07,345407.50
11412,CD,2018-08-08,346772.50
11413,CD,2018-08-09,346317.50
11414,CD,2018-08-10,347682.50
11415,CD,2018-08-13,349047.50
11416,CD,2018-08-14,345862.50
11417,CD,2018-08-15,349502.50
11418,CD,2018-08-16,346317.50
11419,CD,2018-08-17,346772.50
11420,CD,2018-09-10,346772.50
11421,CD,2018-09-11,347692.50
11422,CD,2018-09-12,348612.50
11423,CD,2018-09-13,349532.50
11424,CD,2018-09-14,349992.50
11425,CD,2018-09-17,350912.50
11426,CD,2018-09-18,351372.50
11427,CD,2018-09-19,353672.50
11428,CD,2018-09-20,352292.50
11429,CD,2018-09-21,353672.50
11430,CD,2018-09-24,356432.50
11431,CD,2018-09-25,355512.50
11432,CD,2018-09-26,356892.50
11433,CD,2018-09-27,361032.50
11434,CD,2018-09-28,358732.50
11435,CD,2018-10-01,360112.50
11436,CD,2018-10-02,358272.50
11437,CD,2018-10-15,361362.50
11438,CD,2018-10-16,364452.50
11439,CD,2018-10-17,363937.50
11440,CD,2018-10-18,361362.50
11441,CD,2018-10-19,359302.50
11442,CD,2018-10-22,360332.50
11443,CD,2018-10-23,357757.50
11444,CD,2018-10-24,349002.50
11445,CD,2018-11-12,346477.50
11446,CD,2018-11-13,345972.50
11447,CD,2018-11-14,344962.50
11448,CD,2018-12-10,343882.50
11449,CD,2018-12-11,346582.50
11450,CD,2018-12-12,348742.50
11451,CD,2018-12-13,347122.50
11452,CD,2018-12-14,340102.50
11453,CD,2019-03-11,342062.50
11454,CD,2019-03-12,342062.50
11455,CD,2019-03-13,344512.50
11456,CD,2019-03-14,345002.50
11457,CD,2019-03-15,344022.50
11458,CD,2019-03-18,345002.50
11459,CD,2019-03-19,344512.50
11460,CD,2019-03-20,346472.50
11461,CD,2019-03-21,345982.50
11462,CD,2019-03-22,343042.50
11463,CD,2019-03-25,342062.50
11464,CD,2019-03-26,344022.50
11465,CD,2019-03-27,345982.50
11466,CD,2019-03-28,346962.50
11467,CD,2019-03-29,346472.50
11468,CD,2019-04-01,347942.50
11469,CD,2019-04-02,347942.50
11470,CD,2019-04-03,347452.50
11471,CD,2019-04-04,347942.50
11472,CD,2019-04-05,345982.50
11473,CD,2019-04-08,346472.50
11474,CD,2019-08-12,339972.50
11475,CD,2019-08-13,343472.50
11476,CD,2019-08-14,339472.50
11477,CD,2019-09-09,338482.50
11478,CD,2019-09-10,339967.50
11479,CD,2019-09-11,340957.50
11480,CD,2019-09-12,339967.50
11481,CD,2019-09-13,340957.50
11482,CD,2019-09-16,340957.50
11483,CD,2019-09-17,340957.50
11484,CD,2019-09-18,340462.50
11485,CD,2019-09-19,342442.50
11486,CD,2019-09-20,341452.50
11487,CD,2019-09-23,341452.50
11488,CD,2019-09-24,340462.50
11489,CD,2019-09-25,342937.50
11490,CD,2019-09-26,341947.50
11491,CD,2019-09-27,340957.50
11492,CD,2019-09-30,343432.50
11493,CD,2019-10-01,343432.50
11494,CD,2019-10-02,338482.50
11495,CD,2019-10-03,338977.50
11496,CD,2019-10-04,344422.50
11497,CD,2019-10-07,344917.50
11498,CD,2019-10-08,344422.50
11499,CD,2019-10-09,341947.50
11500,CD,2019-10-10,345412.50
11501,CD,2019-10-11,349372.50
11502,CD,2019-10-14,351352.50
11503,CD,2019-10-15,354322.50
11504,CD,2019-10-16,353827.50
11505,CD,2019-10-17,352342.50
11506,CD,2019-12-16,353272.50
11507,CD,2019-12-17,355132.50
11508,CD,2019-12-18,353737.50
11509,CD,2019-12-19,352342.50
11510,CD,2019-12-20,353272.50
11511,CD,2019-12-23,352342.50
11512,CD,2019-12-24,351412.50
11513,CD,2019-12-26,351412.50
11514,CD,2019-12-27,352807.50
11515,CD,2019-12-30,352807.50
11516,CD,2019-12-31,352342.50
11517,CD,2020-01-02,355597.50
11518,CD,2020-01-03,353737.50
11519,CD,2020-01-06,353737.50
11520,CD,2020-01-07,356062.50
11521,CD,2020-01-08,356062.50
11522,CD,2020-01-09,357922.50
11523,CD,2020-01-10,359782.50
11524,CD,2020-01-13,360247.50
11525,CD,2020-01-14,359782.50
11526,CD,2020-01-15,358852.50
11527,CD,2020-01-16,357922.50
11528,CD,2020-01-17,357457.50
11529,CD,2020-01-21,359782.50
11530,CD,2020-01-22,358852.50
11531,CD,2020-01-23,359317.50
11532,CD,2020-01-24,358387.50
11533,CD,2020-01-27,356062.50
11534,CD,2020-01-28,357922.50
11535,CD,2020-01-29,358852.50
11536,CD,2020-01-30,359782.50
11537,CD,2020-01-31,350017.50
11538,CD,2020-02-10,350487.50
11539,CD,2020-02-11,350957.50
11540,CD,2020-02-12,351897.50
11541,CD,2020-02-13,350957.50
11542,CD,2020-02-14,351427.50
11543,CD,2020-02-18,350957.50
11544,CD,2020-02-19,351897.50
11545,CD,2020-02-20,351427.50
11546,CD,2020-02-21,351897.50
11547,CD,2020-02-24,342497.50
11548,CD,2020-02-25,332157.50
11549,CD,2020-03-09,309927.50
11550,CD,2020-04-14,309927.50
11551,CD,2020-04-15,302062.50
11552,CD,2020-04-16,299642.50
11553,CD,2020-04-17,306902.50
11554,CD,2020-04-20,302062.50
11555,CD,2020-04-21,305087.50
11556,CD,2020-04-22,311137.50
11557,CD,2020-04-23,309322.50
11558,CD,2020-04-24,314162.50
11559,CD,2020-04-27,320817.50
11560,CD,2020-04-28,321422.50
11561,CD,2020-04-29,326867.50
11562,CD,2020-04-30,322027.50
11563,CD,2020-05-01,314162.50
11564,CD,2020-05-04,317792.50
11565,CD,2020-05-05,318397.50
11566,CD,2020-05-06,316582.50
11567,CD,2020-05-07,319002.50
11568,CD,2020-05-08,323237.50
11569,CD,2020-05-11,326262.50
11570,CD,2020-09-14,331611.55
11571,CD,2020-09-15,331016.55
11572,CD,2020-09-16,332807.50
11573,CD,2020-09-17,332212.50
11574,CD,2020-09-18,331617.50
11575,CD,2020-09-21,323287.50
11576,CD,2020-09-22,324477.50
11577,CD,2020-09-23,317932.50
11578,CD,2020-11-09,322532.50
11579,CD,2020-11-10,326557.50
11580,CD,2020-11-11,324257.50
11581,CD,2020-11-12,323107.50
11582,CD,2020-11-13,325982.50
11583,CD,2020-11-16,327707.50
11584,CD,2020-11-17,327132.50
11585,CD,2020-11-18,327132.50
11586,CD,2020-11-19,328857.50
11587,CD,2020-11-20,328282.50
11588,CD,2020-11-23,329432.50
11589,CD,2020-11-24,331732.50
11590,CD,2020-11-25,330007.50
11591,CD,2020-11-27,330582.50
11592,CD,2020-11-30,328857.50
11593,CD,2020-12-01,331732.50
11594,CD,2020-12-02,330582.50
11595,CD,2020-12-03,332882.50
11596,CD,2020-12-04,333457.50
11597,CD,2020-12-07,332307.50
11598,CD,2020-12-14,332897.50
11599,CD,2020-12-15,337027.50
11600,CD,2020-12-16,337617.50
11601,CD,2020-12-17,339387.50
11602,CD,2020-12-18,337617.50
11603,CD,2020-12-21,336437.50
11604,CD,2020-12-22,338797.50
11605,CD,2020-12-23,340567.50
11606,CD,2020-12-24,339387.50
11607,CD,2020-12-28,341747.50
11608,CD,2020-12-29,337617.50
11609,CD,2020-12-30,338207.50
11610,CD,2020-12-31,338207.50
11611,CD,2021-01-04,335847.50
11612,CD,2021-01-05,339977.50
11613,CD,2021-01-06,345877.50
11614,CD,2021-01-07,346467.50
11615,CD,2021-01-08,345287.50
11616,CD,2021-01-11,345927.50
11617,CD,2021-01-12,350232.50
11618,CD,2021-01-13,350232.50
11619,CD,2021-01-14,352077.50
11620,CD,2021-01-15,349617.50
11621,CD,2021-01-19,352077.50
11622,CD,2021-01-20,352077.50
11623,CD,2021-01-21,351462.50
11624,CD,2021-01-22,351462.50
11625,CD,2021-01-25,354537.50
11626,CD,2021-01-26,353922.50
11627,CD,2021-01-27,342237.50
11628,CD,2021-01-28,345927.50
11629,CD,2021-01-29,336087.50
11630,CD,2021-02-01,348387.50
11631,CD,2021-02-02,354537.50
11632,CD,2021-02-03,355152.50
11633,CD,2021-02-04,362532.50
11634,CD,2021-02-05,358842.50
11635,CD,2021-02-08,363762.50
11636,CP,2007-08-09,96745.00
11637,CP,2007-08-10,94885.00
11638,CP,2007-08-13,98140.00
11639,CP,2007-08-14,96745.00
11640,CP,2007-08-15,99535.00
11641,CP,2007-08-16,99535.00
11642,CP,2007-08-17,96280.00
11643,CP,2007-08-20,98605.00
11644,CP,2007-08-21,101395.00
11645,CP,2007-08-22,101860.00
11646,CP,2007-08-23,101860.00
11647,CP,2007-08-24,102325.00
11648,CP,2007-08-27,104185.00
11649,CP,2007-08-28,101860.00
11650,CP,2007-08-29,102325.00
11651,CP,2007-08-30,102325.00
11652,CP,2007-08-31,102790.00
11653,CP,2007-09-04,103720.00
11654,CP,2007-09-05,103255.00
11655,CP,2007-09-06,103295.00
11656,CP,2007-09-07,97090.00
11657,CP,2007-09-10,99880.00
11658,CP,2007-09-11,106085.00
11659,CP,2007-09-12,106530.00
11660,CP,2007-09-13,106570.00
11661,CP,2007-09-14,107925.00
11662,CP,2007-09-17,108410.00
11663,CP,2007-09-18,115605.00
11664,CP,2007-09-19,113240.00
11665,CP,2007-09-20,117485.00
11666,CP,2007-09-21,117040.00
11667,CP,2007-09-24,127410.00
11668,CP,2007-09-25,127895.00
11669,CP,2007-09-26,128380.00
11670,CP,2007-09-27,129350.00
11671,CP,2007-09-28,129835.00
11672,CP,2007-10-01,126925.00
11673,CP,2007-10-02,125470.00
11674,CP,2007-10-03,125955.00
11675,CP,2007-10-04,124985.00
11676,CP,2007-10-05,122560.00
11677,CP,2007-10-08,123530.00
11678,CP,2007-10-09,124015.00
11679,CP,2007-10-11,122680.00
11680,CP,2007-10-12,123125.00
11681,CP,2007-10-15,124905.00
11682,CP,2007-10-16,124015.00
11683,CP,2007-10-17,125795.00
11684,CP,2007-10-18,124905.00
11685,CP,2007-10-19,121790.00
11686,CP,2007-10-22,124015.00
11687,CP,2007-10-23,126240.00
11688,CP,2007-10-24,127575.00
11689,CP,2007-10-25,126240.00
11690,CP,2007-10-26,127130.00
11691,CP,2007-10-29,127575.00
11692,CP,2007-10-30,126240.00
11693,CP,2007-10-31,128910.00
11694,CP,2007-11-01,124015.00
11695,CP,2007-11-08,127775.00
11696,CP,2007-11-09,122605.00
11697,CP,2007-11-12,124015.00
11698,CP,2007-11-13,124015.00
11699,CP,2007-11-14,122605.00
11700,CP,2007-11-15,120255.00
11701,CP,2007-11-16,122605.00
11702,CP,2007-11-19,123075.00
11703,CP,2007-11-20,122135.00
11704,CP,2007-11-21,122135.00
11705,CP,2007-11-23,123545.00
11706,CP,2007-11-26,122135.00
11707,CP,2007-12-06,125425.00
11708,CP,2007-12-07,123545.00
11709,CP,2007-12-10,125425.00
11710,CP,2007-12-11,123545.00
11711,CP,2007-12-12,122605.00
11712,CP,2007-12-13,122135.00
11713,CP,2007-12-14,124015.00
11714,CP,2007-12-17,123075.00
11715,CP,2007-12-18,124485.00
11716,CP,2007-12-19,128715.00
11717,CP,2007-12-20,128245.00
11718,CP,2007-12-21,132005.00
11719,CP,2007-12-24,130125.00
11720,CP,2007-12-26,127305.00
11721,CP,2007-12-27,129655.00
11722,CP,2007-12-28,130595.00
11723,CP,2007-12-31,131535.00
11724,CP,2008-01-02,132475.00
11725,CP,2008-01-03,132945.00
11726,CP,2008-01-04,131535.00
11727,CP,2008-01-07,134825.00
11728,CP,2008-01-08,132005.00
11729,CP,2008-01-10,132925.00
11730,CP,2008-01-11,131545.00
11731,CP,2008-01-14,133385.00
11732,CP,2008-01-15,133385.00
11733,CP,2008-01-16,134305.00
11734,CP,2008-01-17,132925.00
11735,CP,2008-01-18,133385.00
11736,CP,2008-01-22,135225.00
11737,CP,2008-01-23,140285.00
11738,CP,2008-01-24,137065.00
11739,CP,2008-01-25,136145.00
11740,CP,2008-01-28,136145.00
11741,CP,2008-01-29,136605.00
11742,CP,2008-01-30,138445.00
11743,CP,2008-01-31,137525.00
11744,CP,2008-02-01,138445.00
11745,CP,2008-02-04,137985.00
11746,CP,2008-02-05,136145.00
11747,CP,2008-02-06,136145.00
11748,CP,2008-02-07,139395.00
11749,CP,2008-02-08,140760.00
11750,CP,2008-02-11,144470.00
11751,CP,2008-02-12,147780.00
11752,CP,2008-02-13,147335.00
11753,CP,2008-02-14,150065.00
11754,CP,2008-02-15,153345.00
11755,CP,2008-02-19,157500.00
11756,CP,2008-02-20,158450.00
11757,CP,2008-02-21,157975.00
11758,CP,2008-02-22,158925.00
11759,CP,2008-02-25,160350.00
11760,CP,2008-02-26,161300.00
11761,CP,2008-02-27,160350.00
11762,CP,2008-02-28,160350.00
11763,CP,2008-02-29,159875.00
11764,CP,2008-03-03,160825.00
11765,CP,2008-03-04,166050.00
11766,CP,2008-03-05,167000.00
11767,CP,2008-03-06,163720.00
11768,CP,2008-03-07,163765.00
11769,CP,2008-03-10,160900.00
11770,CP,2008-03-11,166880.00
11771,CP,2008-03-12,164120.00
11772,CP,2008-03-13,164580.00
11773,CP,2008-03-14,161820.00
11774,CP,2008-03-17,164120.00
11775,CP,2008-03-18,170560.00
11776,CP,2008-03-19,164580.00
11777,CP,2008-03-20,165500.00
11778,CP,2008-03-24,166880.00
11779,CP,2008-03-25,167340.00
11780,CP,2008-03-26,167340.00
11781,CP,2008-03-27,168720.00
11782,CP,2008-03-28,169640.00
11783,CP,2008-03-31,171020.00
11784,CP,2008-04-01,171480.00
11785,CP,2008-04-02,169640.00
11786,CP,2008-04-03,170100.00
11787,CP,2008-04-04,171480.00
11788,CP,2008-04-07,174010.00
11789,CP,2008-04-08,174470.00
11790,CP,2008-04-10,175820.00
11791,CP,2008-04-11,173120.00
11792,CP,2008-04-14,175370.00
11793,CP,2008-04-15,176270.00
11794,CP,2008-04-16,178970.00
11795,CP,2008-04-17,178970.00
11796,CP,2008-04-18,179420.00
11797,CP,2008-04-21,179870.00
11798,CP,2008-04-22,180770.00
11799,CP,2008-04-23,181670.00
11800,CP,2008-04-24,183470.00
11801,CP,2008-04-25,182570.00
11802,CP,2008-04-28,182570.00
11803,CP,2008-04-29,184370.00
11804,CP,2008-04-30,184370.00
11805,CP,2008-05-01,182120.00
11806,CP,2008-05-02,182795.00
11807,CP,2008-05-05,183470.00
11808,CP,2008-05-06,183245.00
11809,CP,2008-05-07,187070.00
11810,CP,2008-05-08,187745.00
11811,CP,2008-05-09,187745.00
11812,CP,2008-05-12,183695.00
11813,CP,2008-05-13,182570.00
11814,CP,2008-07-11,183920.00
11815,CP,2008-07-14,183020.00
11816,CP,2008-07-15,183920.00
11817,CP,2008-07-16,184820.00
11818,CP,2008-07-17,184820.00
11819,CP,2008-07-18,185270.00
11820,CP,2008-07-21,186620.00
11821,CP,2008-07-22,185720.00
11822,CP,2008-07-23,184820.00
11823,CP,2008-07-24,187520.00
11824,CP,2008-07-25,186620.00
11825,CP,2008-07-28,188420.00
11826,CP,2008-07-29,188645.00
11827,CP,2008-07-30,188420.00
11828,CP,2008-07-31,188195.00
11829,CP,2008-08-01,187970.00
11830,CP,2008-08-04,192020.00
11831,CP,2008-08-05,187520.00
11832,CP,2008-08-06,186845.00
11833,CP,2008-08-07,189770.00
11834,CP,2008-08-08,184820.00
11835,CP,2008-08-11,182120.00
11836,CP,2008-08-12,184370.00
11837,CP,2008-09-11,182570.00
11838,CP,2008-09-12,181220.00
11839,CP,2008-09-15,178970.00
11840,CP,2008-09-16,183920.00
11841,CP,2008-09-17,176270.00
11842,CP,2008-09-18,182570.00
11843,CP,2008-09-19,179420.00
11844,CP,2008-09-22,180770.00
11845,CP,2008-09-23,179870.00
11846,CP,2008-09-24,178070.00
11847,CP,2008-09-25,182120.00
11848,CP,2008-09-26,179870.00
11849,CP,2008-09-29,166820.00
11850,CP,2008-10-09,164640.00
11851,CP,2008-11-06,164130.00
11852,CP,2008-11-07,163620.00
11853,CP,2008-11-10,163110.00
11854,CP,2008-11-11,164130.00
11855,CP,2008-11-12,155970.00
11856,CP,2008-12-11,152910.00
11857,CP,2008-12-12,155460.00
11858,CP,2008-12-15,156990.00
11859,CP,2008-12-16,157500.00
11860,CP,2008-12-17,161070.00
11861,CP,2008-12-18,161580.00
11862,CP,2008-12-19,167700.00
11863,CP,2008-12-22,166680.00
11864,CP,2008-12-23,166170.00
11865,CP,2008-12-24,166680.00
11866,CP,2008-12-26,170250.00
11867,CP,2008-12-29,168720.00
11868,CP,2008-12-30,169740.00
11869,CP,2008-12-31,172290.00
11870,CP,2009-01-02,173310.00
11871,CP,2009-01-05,174330.00
11872,CP,2009-01-06,171780.00
11873,CP,2009-01-07,173310.00
11874,CP,2009-01-08,171940.00
11875,CP,2009-01-09,176370.00
11876,CP,2009-01-12,172730.00
11877,CP,2009-01-13,175080.00
11878,CP,2009-01-14,172730.00
11879,CP,2009-02-05,173180.00
11880,CP,2009-02-06,173180.00
11881,CP,2009-02-09,174080.00
11882,CP,2009-02-10,173630.00
11883,CP,2009-02-11,174530.00
11884,CP,2009-02-12,175880.00
11885,CP,2009-02-13,177230.00
11886,CP,2009-02-17,174980.00
11887,CP,2009-02-18,177680.00
11888,CP,2009-02-19,178130.00
11889,CP,2009-02-20,177680.00
11890,CP,2009-04-09,181280.00
11891,CP,2009-04-13,181730.00
11892,CP,2009-04-14,180830.00
11893,CP,2009-04-15,182630.00
11894,CP,2009-04-16,182180.00
11895,CP,2009-04-17,182630.00
11896,CP,2009-04-20,183530.00
11897,CP,2009-04-21,182180.00
11898,CP,2009-04-22,181730.00
11899,CP,2009-04-23,183080.00
11900,CP,2009-04-24,181730.00
11901,CP,2009-04-27,183530.00
11902,CP,2009-04-28,183530.00
11903,CP,2009-04-29,181280.00
11904,CP,2009-04-30,181730.00
11905,CP,2009-05-01,183530.00
11906,CP,2009-05-04,180605.00
11907,CP,2009-05-05,181730.00
11908,CP,2009-05-06,182180.00
11909,CP,2009-05-07,183305.00
11910,CP,2009-05-08,181055.00
11911,CP,2009-05-11,181955.00
11912,CP,2009-05-12,182405.00
11913,CP,2010-05-07,176555.00
11914,CP,2010-05-10,182405.00
11915,CP,2010-05-11,178805.00
11916,CP,2010-05-12,181055.00
11917,CP,2010-05-13,181955.00
11918,CP,2010-05-14,178805.00
11919,CP,2010-05-17,182405.00
11920,CP,2010-05-18,181505.00
11921,CP,2010-05-19,178805.00
11922,CP,2010-05-20,175655.00
11923,CP,2010-05-21,176105.00
11924,CP,2010-05-24,182855.00
11925,CP,2010-05-25,181955.00
11926,CP,2010-06-10,185350.00
11927,CP,2010-06-11,186320.00
11928,CP,2010-06-14,184865.00
11929,CP,2010-06-15,187290.00
11930,CP,2010-06-16,180985.00
11931,CP,2010-06-17,186320.00
11932,CP,2010-06-18,186320.00
11933,CP,2010-06-21,191655.00
11934,CP,2010-06-22,188260.00
11935,CP,2010-06-23,188745.00
11936,CP,2010-06-24,188745.00
11937,CP,2010-06-25,188745.00
11938,CP,2010-06-28,188745.00
11939,CP,2010-06-29,190200.00
11940,CP,2010-06-30,191170.00
11941,CP,2010-07-01,194080.00
11942,CP,2010-07-02,196020.00
11943,CP,2010-07-06,196505.00
11944,CP,2010-07-07,201355.00
11945,CP,2010-07-08,204575.00
11946,CP,2010-07-09,201875.00
11947,CP,2010-07-12,202325.00
11948,CP,2010-07-13,202325.00
11949,CP,2010-07-14,196925.00
11950,CP,2010-07-15,199625.00
11951,CP,2010-07-16,201875.00
11952,CP,2010-07-19,203225.00
11953,CP,2010-07-20,204575.00
11954,CP,2010-07-21,203675.00
11955,CP,2010-07-22,205025.00
11956,CP,2010-07-23,204125.00
11957,CP,2010-07-26,199175.00
11958,CP,2010-07-27,199625.00
11959,CP,2010-07-28,203675.00
11960,CP,2010-07-29,202325.00
11961,CP,2010-07-30,204125.00
11962,CP,2010-08-02,203225.00
11963,CP,2010-08-03,203675.00
11964,CP,2010-08-04,201875.00
11965,CP,2010-08-05,204575.00
11966,CP,2010-08-06,206375.00
11967,CP,2010-08-09,206375.00
11968,CP,2010-08-10,213350.00
11969,CP,2010-08-11,209750.00
11970,CP,2010-08-12,212000.00
11971,CP,2010-08-13,207950.00
11972,CP,2010-08-16,211550.00
11973,CP,2010-08-17,214700.00
11974,CP,2010-08-18,212450.00
11975,CP,2010-08-19,213350.00
11976,CP,2010-08-20,212900.00
11977,CP,2010-08-23,211550.00
11978,CP,2010-09-09,215150.00
11979,CP,2010-09-10,213800.00
11980,CP,2010-09-13,209750.00
11981,CP,2010-09-14,214250.00
11982,CP,2010-09-15,214700.00
11983,CP,2010-09-16,214700.00
11984,CP,2010-09-17,209300.00
11985,CP,2010-09-20,209750.00
11986,CP,2010-09-21,212000.00
11987,CP,2010-09-22,213350.00
11988,CP,2010-09-23,212900.00
11989,CP,2010-09-24,212450.00
11990,CP,2010-09-27,212000.00
11991,CP,2010-09-28,212450.00
11992,CP,2010-09-29,213350.00
11993,CP,2010-09-30,213350.00
11994,CP,2010-10-01,213350.00
11995,CP,2010-10-04,215150.00
11996,CP,2010-10-05,211775.00
11997,CP,2010-10-06,212675.00
11998,CP,2010-10-07,212450.00
11999,CP,2010-10-08,216110.00
12000,CP,2010-10-11,214055.00
12001,CP,2010-10-12,213600.00
12002,CP,2010-10-13,214055.00
12003,CP,2010-10-14,214965.00
12004,CP,2010-10-15,214965.00
12005,CP,2010-10-18,216330.00
12006,CP,2010-10-19,218150.00
12007,CP,2010-10-20,217695.00
12008,CP,2010-10-21,218605.00
12009,CP,2010-10-22,220880.00
12010,CP,2010-10-25,219515.00
12011,CP,2010-10-26,219060.00
12012,CP,2010-10-27,220425.00
12013,CP,2010-10-28,220880.00
12014,CP,2010-10-29,219970.00
12015,CP,2010-11-01,222700.00
12016,CP,2010-11-02,219970.00
12017,CP,2010-11-03,221790.00
12018,CP,2010-11-04,217695.00
12019,CP,2010-11-05,218377.50
12020,CP,2010-11-08,216785.00
12021,CP,2010-11-09,221335.00
12022,CP,2011-01-10,222685.00
12023,CP,2011-01-11,224935.00
12024,CP,2011-01-12,224935.00
12025,CP,2011-01-13,228085.00
12026,CP,2011-01-14,225385.00
12027,CP,2011-01-18,225835.00
12028,CP,2011-01-19,229885.00
12029,CP,2011-01-20,228535.00
12030,CP,2011-01-21,227635.00
12031,CP,2011-01-24,233035.00
12032,CP,2011-01-25,234835.00
12033,CP,2011-01-26,231235.00
12034,CP,2011-01-27,232135.00
12035,CP,2011-01-28,235285.00
12036,CP,2011-01-31,234385.00
12037,CP,2011-02-01,231235.00
12038,CP,2011-02-02,232585.00
12039,CP,2011-02-03,232585.00
12040,CP,2011-02-04,232585.00
12041,CP,2011-02-07,232135.00
12042,CP,2011-02-08,232585.00
12043,CP,2011-02-09,231685.00
12044,CP,2011-02-10,230785.00
12045,CP,2011-02-11,228310.00
12046,CP,2011-03-11,228310.00
12047,CP,2011-03-14,229240.00
12048,CP,2011-03-15,222265.00
12049,CP,2011-03-16,226915.00
12050,CP,2011-03-17,228775.00
12051,CP,2011-03-18,227380.00
12052,CP,2011-03-21,233425.00
12053,CP,2011-03-22,234355.00
12054,CP,2011-03-23,232960.00
12055,CP,2011-03-24,233425.00
12056,CP,2011-03-25,233890.00
12057,CP,2011-03-28,233425.00
12058,CP,2011-03-29,233425.00
12059,CP,2011-03-30,233425.00
12060,CP,2011-03-31,233425.00
12061,CP,2011-04-01,233425.00
12062,CP,2011-04-04,235750.00
12063,CP,2011-04-05,234122.50
12064,CP,2011-04-06,234820.00
12065,CP,2011-04-07,233237.50
12066,CP,2011-04-08,236927.50
12067,CP,2011-04-11,240820.00
12068,CP,2011-04-12,244540.00
12069,CP,2011-04-13,248837.50
12070,CP,2011-04-14,251072.50
12071,CP,2011-04-15,248732.50
12072,CP,2011-04-18,253232.50
12073,CP,2011-04-19,255482.50
12074,CP,2011-04-20,252332.50
12075,CP,2011-04-21,250982.50
12076,CP,2011-04-25,251882.50
12077,CP,2011-04-26,249182.50
12078,CP,2011-04-27,250982.50
12079,CP,2011-04-28,250532.50
12080,CP,2011-04-29,248282.50
12081,CP,2011-05-02,250982.50
12082,CP,2011-05-03,251882.50
12083,CP,2011-05-04,257282.50
12084,CP,2011-05-05,255027.50
12085,CP,2011-05-06,259957.50
12086,CP,2011-05-09,265332.50
12087,CP,2011-05-10,260882.50
12088,CP,2011-05-11,265332.50
12089,CP,2011-05-12,263552.50
12090,CP,2011-05-13,263552.50
12091,CP,2011-05-16,265332.50
12092,CP,2011-05-17,268447.50
12093,CP,2011-05-18,272007.50
12094,CP,2011-05-19,268892.50
12095,CP,2011-05-20,269337.50
12096,CP,2011-05-23,271117.50
12097,CP,2011-05-24,272897.50
12098,CP,2011-05-25,273787.50
12099,CP,2011-05-26,275122.50
12100,CP,2011-05-27,274232.50
12101,CP,2011-05-31,272007.50
12102,CP,2011-06-01,277347.50
12103,CP,2011-06-02,276012.50
12104,CP,2011-06-03,281352.50
12105,CP,2011-08-11,280322.50
12106,CP,2011-08-12,285987.50
12107,CP,2011-08-15,294742.50
12108,CP,2011-08-16,280837.50
12109,CP,2011-08-17,287017.50
12110,CP,2011-08-18,278777.50
12111,CP,2011-08-19,284442.50
12112,CP,2011-08-22,285472.50
12113,CP,2011-08-23,284957.50
12114,CP,2011-08-24,288047.50
12115,CP,2011-08-25,283927.50
12116,CP,2011-08-26,287017.50
12117,CP,2011-08-29,289077.50
12118,CP,2011-08-30,289077.50
12119,CP,2011-08-31,290107.50
12120,CP,2011-09-01,291137.50
12121,CP,2011-09-02,291652.50
12122,CP,2011-09-06,290622.50
12123,CP,2011-09-07,291652.50
12124,CP,2011-09-08,294732.50
12125,CP,2011-09-09,286067.50
12126,CP,2011-09-12,286522.50
12127,CP,2011-09-13,280007.50
12128,CP,2011-09-14,294682.50
12129,CP,2011-09-15,297207.50
12130,CP,2011-09-16,295187.50
12131,CP,2011-09-19,293672.50
12132,CP,2011-09-20,294177.50
12133,CP,2011-09-21,293672.50
12134,CP,2011-09-22,282057.50
12135,CP,2011-10-06,281542.50
12136,CP,2011-10-07,281542.50
12137,CP,2011-10-10,284117.50
12138,CP,2011-10-11,284117.50
12139,CP,2011-10-12,287722.50
12140,CP,2011-10-13,286177.50
12141,CP,2011-10-14,288752.50
12142,CP,2011-10-17,285147.50
12143,CP,2011-10-18,287207.50
12144,CP,2011-10-19,284117.50
12145,CP,2011-10-20,287207.50
12146,CP,2011-10-21,288752.50
12147,CP,2011-10-24,289267.50
12148,CP,2011-10-25,288237.50
12149,CP,2011-10-26,289782.50
12150,CP,2011-10-27,291327.50
12151,CP,2011-10-28,289267.50
12152,CP,2011-10-31,290297.50
12153,CP,2011-11-01,287207.50
12154,CP,2011-11-02,289267.50
12155,CP,2011-11-03,289267.50
12156,CP,2011-11-04,290812.50
12157,CP,2011-11-07,289782.50
12158,CP,2011-11-08,290812.50
12159,CP,2011-11-10,285367.50
12160,CP,2011-11-11,287347.50
12161,CP,2011-11-14,287842.50
12162,CP,2011-11-15,289327.50
12163,CP,2011-11-16,290317.50
12164,CP,2011-11-17,284872.50
12165,CP,2011-11-18,287842.50
12166,CP,2011-11-21,287347.50
12167,CP,2011-11-22,287842.50
12168,CP,2011-11-23,285862.50
12169,CP,2011-12-08,275522.50
12170,CP,2011-12-09,279752.50
12171,CP,2011-12-12,280692.50
12172,CP,2011-12-13,277872.50
12173,CP,2011-12-14,278342.50
12174,CP,2012-01-05,276482.50
12175,CP,2012-01-06,279272.50
12176,CP,2012-01-09,280667.50
12177,CP,2012-01-10,280202.50
12178,CP,2012-01-11,281597.50
12179,CP,2012-01-12,280667.50
12180,CP,2012-01-13,280202.50
12181,CP,2012-01-17,279272.50
12182,CP,2012-01-18,280202.50
12183,CP,2012-01-19,281132.50
12184,CP,2012-01-20,281597.50
12185,CP,2012-01-23,282992.50
12186,CP,2012-01-24,284852.50
12187,CP,2012-01-25,282992.50
12188,CP,2012-01-26,283457.50
12189,CP,2012-01-27,283457.50
12190,CP,2012-01-30,283457.50
12191,CP,2012-01-31,285317.50
12192,CP,2012-02-01,282062.50
12193,CP,2012-02-02,281830.00
12194,CP,2012-02-03,279272.50
12195,CP,2012-02-06,279970.00
12196,CP,2012-02-07,279272.50
12197,CP,2012-02-13,280667.50
12198,CP,2012-02-14,279737.50
12199,CP,2012-02-15,280202.50
12200,CP,2012-02-16,281132.50
12201,CP,2012-02-17,281597.50
12202,CP,2012-02-21,283922.50
12203,CP,2012-02-22,284852.50
12204,CP,2012-02-23,284852.50
12205,CP,2012-02-24,284387.50
12206,CP,2012-02-27,283457.50
12207,CP,2012-02-28,285782.50
12208,CP,2012-02-29,287177.50
12209,CP,2012-03-01,287177.50
12210,CP,2012-03-02,292292.50
12211,CP,2012-03-05,292292.50
12212,CP,2012-03-06,295082.50
12213,CP,2012-03-07,296477.50
12214,CP,2012-03-08,294167.50
12215,CP,2012-03-09,294167.50
12216,CP,2012-03-12,298277.50
12217,CP,2012-03-13,294122.50
12218,CP,2012-03-14,294617.50
12219,CP,2012-03-15,292322.50
12220,CP,2012-03-16,296867.50
12221,CP,2012-03-19,293410.00
12222,CP,2012-03-20,297797.50
12223,CP,2012-03-21,299147.50
12224,CP,2012-03-22,300047.50
12225,CP,2012-03-23,301847.50
12226,CP,2012-03-26,298697.50
12227,CP,2012-03-27,298247.50
12228,CP,2012-03-28,299147.50
12229,CP,2012-03-29,299597.50
12230,CP,2012-03-30,300947.50
12231,CP,2012-04-02,299147.50
12232,CP,2012-04-03,301397.50
12233,CP,2012-04-04,304547.50
12234,CP,2012-04-05,307247.50
12235,CP,2012-04-09,308597.50
12236,CP,2012-04-10,304547.50
12237,CP,2012-04-11,308597.50
12238,CP,2012-04-12,304997.50
12239,CP,2012-04-13,310397.50
12240,CP,2012-04-16,310847.50
12241,CP,2012-04-17,309047.50
12242,CP,2012-04-18,315347.50
12243,CP,2012-04-19,317597.50
12244,CP,2012-04-20,317597.50
12245,CP,2012-04-23,319847.50
12246,CP,2012-04-24,319397.50
12247,CP,2012-04-25,321647.50
12248,CP,2012-04-26,322997.50
12249,CP,2012-04-27,320297.50
12250,CP,2012-04-30,321197.50
12251,CP,2012-05-01,323897.50
12252,CP,2012-05-02,323447.50
12253,CP,2012-05-03,325247.50
12254,CP,2012-05-04,328847.50
12255,CP,2012-05-07,331547.50
12256,CP,2012-05-10,332447.50
12257,CP,2012-05-11,330647.50
12258,CP,2012-05-14,332447.50
12259,CP,2012-05-15,330647.50
12260,CP,2012-05-16,329747.50
12261,CP,2012-05-17,330647.50
12262,CP,2012-05-18,327047.50
12263,CP,2012-06-07,327507.50
12264,CP,2012-06-08,327047.50
12265,CP,2012-06-11,328427.50
12266,CP,2012-06-12,327507.50
12267,CP,2012-06-13,326127.50
12268,CP,2012-06-14,327967.50
12269,CP,2013-06-06,326167.50
12270,CP,2013-06-07,329767.50
12271,CP,2013-06-10,329767.50
12272,CP,2013-06-11,328867.50
12273,CP,2013-06-12,327517.50
12274,CP,2013-06-13,327967.50
12275,CP,2013-06-14,329767.50
12276,CP,2013-06-17,330217.50
12277,CP,2013-06-18,329317.50
12278,CP,2013-06-19,332917.50
12279,CP,2013-06-20,331117.50
12280,CP,2013-06-21,332917.50
12281,CP,2013-06-24,333367.50
12282,CP,2013-06-25,334717.50
12283,CP,2013-06-26,336967.50
12284,CP,2013-06-27,333817.50
12285,CP,2013-06-28,334267.50
12286,CP,2013-07-01,335167.50
12287,CP,2013-07-02,335167.50
12288,CP,2013-07-03,335167.50
12289,CP,2013-07-05,334267.50
12290,CP,2013-07-08,332017.50
12291,CP,2013-07-09,331117.50
12292,CP,2013-09-05,329767.50
12293,CP,2013-09-06,330667.50
12294,CP,2013-09-09,333367.50
12295,CP,2013-09-10,331117.50
12296,CP,2013-09-11,329317.50
12297,CP,2013-09-12,332017.50
12298,CP,2013-09-13,332017.50
12299,CP,2013-09-16,330217.50
12300,CP,2013-09-17,332017.50
12301,CP,2013-09-18,331567.50
12302,CP,2013-09-19,330667.50
12303,CP,2013-09-20,330217.50
12304,CP,2013-09-23,328867.50
12305,CP,2013-09-24,330217.50
12306,CP,2013-09-25,332017.50
12307,CP,2013-09-26,331117.50
12308,CP,2013-09-27,329767.50
12309,CP,2013-09-30,330217.50
12310,CP,2013-10-01,328867.50
12311,CP,2013-10-02,330667.50
12312,CP,2013-10-03,329767.50
12313,CP,2013-10-04,330217.50
12314,CP,2013-10-07,332017.50
12315,CP,2013-10-08,334717.50
12316,CP,2013-10-10,336112.50
12317,CP,2013-10-11,336577.50
12318,CP,2013-10-14,336577.50
12319,CP,2013-10-15,340297.50
12320,CP,2013-10-16,336112.50
12321,CP,2013-10-17,340297.50
12322,CP,2013-10-18,335647.50
12323,CP,2013-10-21,337507.50
12324,CP,2013-10-22,337507.50
12325,CP,2013-10-23,338437.50
12326,CP,2013-10-24,337042.50
12327,CP,2013-10-25,337275.00
12328,CP,2013-10-28,337275.00
12329,CP,2013-10-29,336112.50
12330,CP,2013-10-30,339135.00
12331,CP,2013-10-31,339367.50
12332,CP,2013-11-01,342622.50
12333,CP,2013-11-04,339832.50
12334,CP,2013-11-05,340530.00
12335,CP,2013-11-06,343785.00
12336,CP,2013-11-07,347737.50
12337,CP,2013-11-08,342390.00
12338,CP,2013-11-11,341227.50
12339,CP,2013-11-12,340065.00
12340,CP,2014-02-06,346995.00
12341,CP,2014-02-07,348975.00
12342,CP,2014-02-10,350460.00
12343,CP,2014-02-11,348480.00
12344,CP,2014-02-12,348480.00
12345,CP,2014-02-13,347490.00
12346,CP,2014-02-14,347985.00
12347,CP,2014-02-18,344520.00
12348,CP,2014-02-19,348480.00
12349,CP,2014-02-20,342540.00
12350,CP,2014-02-21,346995.00
12351,CP,2014-02-24,342045.00
12352,CP,2014-02-25,346005.00
12353,CP,2014-02-26,342540.00
12354,CP,2014-02-27,344025.00
12355,CP,2014-02-28,345510.00
12356,CP,2014-03-03,347985.00
12357,CP,2014-03-04,342292.50
12358,CP,2014-03-05,344025.00
12359,CP,2014-03-06,342727.50
12360,CP,2014-03-07,345022.50
12361,CP,2014-03-10,350595.00
12362,CP,2014-03-11,345727.50
12363,CP,2014-03-12,349447.50
12364,CP,2014-03-13,346657.50
12365,CP,2014-03-14,343867.50
12366,CP,2014-03-17,348517.50
12367,CP,2014-03-18,348052.50
12368,CP,2014-03-19,350842.50
12369,CP,2014-03-20,350377.50
12370,CP,2014-03-21,350377.50
12371,CP,2014-03-24,349912.50
12372,CP,2014-03-25,354097.50
12373,CP,2014-03-26,353632.50
12374,CP,2014-04-10,351752.50
12375,CP,2014-04-11,348932.50
12376,CP,2014-05-08,344792.50
12377,CP,2014-05-09,349852.50
12378,CP,2014-05-12,349852.50
12379,CP,2014-05-13,353072.50
12380,CP,2014-05-14,350772.50
12381,CP,2014-05-15,351232.50
12382,CP,2014-05-16,352152.50
12383,CP,2014-05-19,353072.50
12384,CP,2014-05-20,353072.50
12385,CP,2014-05-21,354452.50
12386,CP,2014-05-22,355372.50
12387,CP,2014-05-23,356292.50
12388,CP,2014-05-27,351692.50
12389,CP,2014-05-28,353072.50
12390,CP,2014-05-29,353072.50
12391,CP,2014-05-30,353992.50
12392,CP,2014-06-02,354912.50
12393,CP,2014-06-03,355832.50
12394,CP,2014-06-04,354912.50
12395,CP,2014-06-05,355562.50
12396,CP,2014-06-06,353482.50
12397,CP,2014-06-09,348702.50
12398,CP,2014-06-10,350522.50
12399,CP,2014-06-11,350522.50
12400,CP,2014-06-12,348722.50
12401,CP,2014-06-13,347822.50
12402,CP,2014-06-16,350072.50
12403,CP,2014-06-17,349172.50
12404,CP,2014-06-18,353672.50
12405,CP,2014-06-19,351872.50
12406,CP,2014-06-20,349622.50
12407,CP,2014-06-23,350072.50
12408,CP,2014-06-24,352322.50
12409,CP,2014-06-25,350072.50
12410,CP,2014-06-26,351422.50
12411,CP,2014-06-27,350522.50
12412,CP,2014-06-30,350972.50
12413,CP,2014-07-01,348722.50
12414,CP,2014-07-02,349172.50
12415,CP,2014-07-03,347822.50
12416,CP,2014-07-07,351197.50
12417,CP,2014-07-08,354572.50
12418,CP,2014-07-11,355472.50
12419,CP,2014-07-14,349622.50
12420,CP,2014-07-15,356822.50
12421,CP,2014-07-16,354122.50
12422,CP,2014-07-17,354122.50
12423,CP,2014-07-18,356372.50
12424,CP,2014-07-21,355922.50
12425,CP,2014-07-22,358172.50
12426,CP,2014-07-23,358622.50
12427,CP,2014-07-24,362222.50
12428,CP,2014-07-25,358622.50
12429,CP,2014-07-28,360422.50
12430,CP,2014-07-29,357722.50
12431,CP,2014-07-30,364022.50
12432,CP,2014-07-31,358172.50
12433,CP,2014-08-01,360422.50
12434,CP,2014-08-07,358072.50
12435,CP,2014-08-08,360892.50
12436,CP,2014-08-11,361832.50
12437,CP,2014-08-12,364182.50
12438,CP,2014-08-13,364652.50
12439,CP,2014-08-14,365122.50
12440,CP,2014-08-15,366532.50
12441,CP,2014-08-18,366062.50
12442,CP,2014-08-19,366532.50
12443,CP,2014-08-20,365592.50
12444,CP,2014-08-21,367002.50
12445,CP,2014-08-22,367472.50
12446,CP,2014-08-25,366532.50
12447,CP,2014-08-26,367002.50
12448,CP,2014-08-27,367472.50
12449,CP,2014-08-28,369352.50
12450,CP,2014-08-29,366532.50
12451,CP,2014-09-02,365592.50
12452,CP,2014-09-03,367942.50
12453,CP,2014-09-04,367942.50
12454,CP,2014-09-05,368882.50
12455,CP,2014-09-08,368412.50
12456,CP,2014-09-09,372172.50
12457,CP,2014-09-10,371232.50
12458,CP,2014-09-11,368532.50
12459,CP,2014-09-12,369882.50
12460,CP,2014-09-15,370782.50
12461,CP,2014-09-16,371682.50
12462,CP,2014-09-17,373482.50
12463,CP,2014-09-18,373482.50
12464,CP,2014-09-19,373932.50
12465,CP,2014-09-22,373482.50
12466,CP,2014-09-23,372132.50
12467,CP,2014-09-24,371682.50
12468,CP,2014-09-25,372132.50
12469,CP,2014-10-09,367947.50
12470,CP,2014-10-10,366552.50
12471,CP,2014-11-06,365642.50
12472,CP,2014-11-07,367462.50
12473,CP,2014-11-10,369737.50
12474,CP,2014-11-11,370192.50
12475,CP,2014-11-12,367007.50
12476,CP,2014-11-13,371557.50
12477,CP,2014-11-14,372012.50
12478,CP,2014-11-17,371557.50
12479,CP,2014-11-18,371102.50
12480,CP,2014-11-19,372922.50
12481,CP,2014-11-20,372922.50
12482,CP,2014-11-21,372922.50
12483,CP,2014-11-24,372467.50
12484,CP,2014-11-25,374742.50
12485,CP,2014-11-26,372467.50
12486,CP,2014-11-28,373377.50
12487,CP,2014-12-01,375197.50
12488,CP,2014-12-02,376107.50
12489,CP,2014-12-03,373832.50
12490,CP,2014-12-04,377017.50
12491,CP,2014-12-05,375652.50
12492,CP,2014-12-08,377472.50
12493,CP,2014-12-09,375207.50
12494,CP,2014-12-10,375177.50
12495,CP,2014-12-11,368747.50
12496,CP,2014-12-12,371932.50
12497,CP,2014-12-15,370132.50
12498,CP,2014-12-16,373287.50
12499,CP,2014-12-17,376067.50
12500,CP,2014-12-18,374732.50
12501,CP,2014-12-19,370617.50
12502,CP,2014-12-22,371755.00
12503,CP,2014-12-23,374080.00
12504,CP,2014-12-24,375010.00
12505,CP,2014-12-26,375010.00
12506,CP,2014-12-29,374545.00
12507,CP,2014-12-30,373615.00
12508,CP,2014-12-31,372220.00
12509,CP,2015-01-02,374080.00
12510,CP,2015-01-05,375010.00
12511,CP,2015-01-06,374495.00
12512,CP,2015-01-07,379220.00
12513,CP,2015-01-08,380225.00
12514,CP,2015-01-09,379320.00
12515,CP,2015-01-12,379295.00
12516,CP,2015-01-13,375450.00
12517,CP,2015-01-14,377260.00
12518,CP,2015-01-15,379120.00
12519,CP,2015-01-16,386245.00
12520,CP,2015-01-20,385905.00
12521,CP,2015-01-21,391610.00
12522,CP,2015-01-22,393030.00
12523,CP,2015-01-23,393030.00
12524,CP,2015-01-26,394010.00
12525,CP,2015-01-27,392540.00
12526,CP,2015-01-28,393520.00
12527,CP,2015-01-29,396460.00
12528,CP,2015-01-30,387150.00
12529,CP,2015-02-02,393030.00
12530,CP,2015-02-03,396950.00
12531,CP,2015-02-04,397440.00
12532,CP,2015-02-05,395970.00
12533,CP,2015-02-06,396460.00
12534,CP,2015-02-09,399890.00
12535,CP,2015-02-10,400870.00
12536,CP,2015-02-11,400380.00
12537,CP,2015-02-12,402830.00
12538,CP,2015-02-13,402830.00
12539,CP,2015-02-17,403320.00
12540,CP,2015-02-18,405280.00
12541,CP,2015-02-19,402830.00
12542,CP,2015-02-20,404790.00
12543,CP,2015-02-23,404790.00
12544,CP,2015-02-24,405280.00
12545,CP,2015-02-25,406260.00
12546,CP,2015-02-26,403320.00
12547,CP,2015-02-27,405280.00
12548,CP,2015-03-02,405280.00
12549,CP,2015-03-03,407240.00
12550,CP,2015-03-04,408150.00
12551,CP,2015-03-05,407415.00
12552,CP,2015-03-06,412945.00
12553,CP,2015-03-09,409200.00
12554,CP,2015-03-10,405105.00
12555,CP,2015-03-11,409655.00
12556,CP,2015-03-12,410110.00
12557,CP,2015-03-13,408290.00
12558,CP,2015-03-16,409200.00
12559,CP,2015-03-17,409655.00
12560,CP,2015-03-18,409655.00
12561,CP,2015-03-19,412385.00
12562,CP,2015-03-20,408745.00
12563,CP,2015-03-23,411930.00
12564,CP,2015-03-24,411930.00
12565,CP,2015-03-25,413295.00
12566,CP,2015-03-26,413750.00
12567,CP,2015-03-27,415570.00
12568,CP,2015-03-30,413750.00
12569,CP,2015-03-31,412840.00
12570,CP,2015-04-01,413295.00
12571,CP,2015-04-02,412385.00
12572,CP,2015-04-06,413295.00
12573,CP,2015-04-07,417035.00
12574,CP,2015-04-08,417965.00
12575,CP,2015-04-09,419865.00
12576,CP,2015-04-10,420340.00
12577,CP,2015-04-13,419865.00
12578,CP,2015-04-14,423190.00
12579,CP,2015-04-15,421765.00
12580,CP,2015-04-16,420340.00
12581,CP,2015-04-17,421290.00
12582,CP,2015-04-20,421765.00
12583,CP,2015-04-21,423190.00
12584,CP,2015-04-22,421765.00
12585,CP,2015-04-23,423665.00
12586,CP,2015-04-24,424140.00
12587,CP,2015-04-27,428890.00
12588,CP,2015-04-28,426040.00
12589,CP,2015-04-29,423665.00
12590,CP,2015-04-30,424615.00
12591,CP,2015-05-05,422775.00
12592,CP,2015-05-06,421855.00
12593,CP,2015-05-07,422775.00
12594,CP,2015-05-08,426455.00
12595,CP,2015-05-11,426455.00
12596,CP,2015-05-12,426455.00
12597,CP,2015-05-13,428295.00
12598,CP,2015-05-14,427375.00
12599,CP,2015-05-15,427375.00
12600,CP,2015-05-18,427835.00
12601,CP,2015-05-19,429675.00
12602,CP,2015-05-20,429215.00
12603,CP,2015-05-21,430135.00
12604,CP,2015-05-22,430135.00
12605,CP,2015-05-26,431975.00
12606,CP,2015-05-27,431515.00
12607,CP,2015-05-28,431515.00
12608,CP,2015-05-29,431975.00
12609,CP,2015-06-01,429675.00
12610,CP,2015-06-02,431975.00
12611,CP,2015-06-03,428295.00
12612,CP,2015-06-04,430595.00
12613,CP,2015-06-05,431055.00
12614,CP,2015-06-08,431055.00
12615,CP,2015-06-09,434290.00
12616,CP,2015-06-10,431085.00
12617,CP,2015-06-11,431085.00
12618,CP,2015-06-12,431550.00
12619,CP,2015-06-15,431085.00
12620,CP,2015-06-16,427830.00
12621,CP,2015-06-17,428760.00
12622,CP,2015-06-18,429690.00
12623,CP,2015-06-19,432015.00
12624,CP,2015-06-22,432945.00
12625,CP,2015-06-23,433410.00
12626,CP,2015-06-24,432480.00
12627,CP,2015-06-25,432480.00
12628,CP,2015-06-26,432015.00
12629,CP,2015-06-29,429225.00
12630,CP,2015-06-30,431550.00
12631,CP,2015-07-01,434805.00
12632,CP,2015-07-02,434340.00
12633,CP,2015-07-06,431085.00
12634,CP,2015-07-07,433905.00
12635,CP,2015-07-08,433875.00
12636,CP,2015-07-09,437190.00
12637,CP,2015-07-10,442980.00
12638,CP,2015-07-13,446790.00
12639,CP,2015-07-14,448680.00
12640,CP,2015-07-15,449115.00
12641,CP,2015-07-16,451095.00
12642,CP,2015-07-17,457755.00
12643,CP,2015-07-20,459240.00
12644,CP,2015-07-21,458745.00
12645,CP,2015-07-22,459735.00
12646,CP,2015-07-23,461715.00
12647,CP,2015-07-24,462705.00
12648,CP,2015-07-27,459735.00
12649,CP,2015-07-28,467655.00
12650,CP,2015-08-04,467655.00
12651,CP,2015-08-05,465855.00
12652,CP,2015-08-06,466305.00
12653,CP,2015-08-07,468105.00
12654,CP,2015-08-10,468105.00
12655,CP,2015-08-11,463155.00
12656,CP,2015-08-12,466305.00
12657,CP,2015-08-13,467205.00
12658,CP,2015-08-14,467655.00
12659,CP,2015-08-17,473055.00
12660,CP,2015-08-18,471705.00
12661,CP,2015-08-19,470355.00
12662,CP,2015-08-20,465405.00
12663,CP,2015-09-09,469045.00
12664,CP,2015-09-10,465925.00
12665,CP,2015-09-11,471645.00
12666,CP,2015-09-14,468525.00
12667,CP,2015-09-15,471125.00
12668,CP,2015-09-16,473725.00
12669,CP,2015-09-17,476845.00
12670,CP,2015-09-18,470605.00
12671,CP,2015-09-21,478405.00
12672,CP,2015-09-22,474765.00
12673,CP,2015-09-23,475285.00
12674,CP,2015-09-24,472685.00
12675,CP,2015-09-25,473725.00
12676,CP,2015-09-28,468525.00
12677,CP,2015-10-08,469485.00
12678,CP,2015-10-09,471405.00
12679,CP,2015-10-12,473805.00
12680,CP,2015-10-13,471405.00
12681,CP,2015-10-14,470445.00
12682,CP,2015-10-15,474285.00
12683,CP,2015-10-16,473325.00
12684,CP,2015-10-19,474765.00
12685,CP,2015-10-20,475245.00
12686,CP,2015-10-21,475245.00
12687,CP,2015-10-22,476685.00
12688,CP,2015-10-23,477165.00
12689,CP,2015-10-26,477645.00
12690,CP,2015-10-27,477645.00
12691,CP,2015-10-28,479085.00
12692,CP,2015-10-29,479085.00
12693,CP,2015-10-30,480525.00
12694,CP,2015-11-02,475725.00
12695,CP,2015-11-03,475750.00
12696,CP,2015-11-04,473980.00
12697,CP,2015-11-05,473905.00
12698,CP,2015-11-06,475750.00
12699,CP,2015-11-09,478075.00
12700,CP,2015-11-10,476230.00
12701,CP,2015-11-11,476230.00
12702,CP,2015-11-12,476685.00
12703,CP,2015-11-13,472135.00
12704,CP,2015-11-16,474865.00
12705,CP,2015-11-17,483055.00
12706,CP,2015-11-18,478505.00
12707,CP,2015-11-19,479415.00
12708,CP,2015-11-20,477595.00
12709,CP,2015-11-23,483510.00
12710,CP,2015-11-24,482145.00
12711,CP,2015-11-25,483055.00
12712,CP,2015-11-27,480325.00
12713,CP,2015-11-30,483965.00
12714,CP,2015-12-01,482600.00
12715,CP,2015-12-02,485785.00
12716,CP,2015-12-03,484420.00
12717,CP,2015-12-04,486695.00
12718,CP,2015-12-07,491245.00
12719,CP,2015-12-08,493065.00
12720,CP,2015-12-09,489395.00
12721,CP,2015-12-10,493080.00
12722,CP,2015-12-11,481600.00
12723,CP,2016-01-05,481115.00
12724,CP,2016-01-06,484025.00
12725,CP,2016-01-07,476750.00
12726,CP,2016-02-02,473930.00
12727,CP,2016-02-03,472990.00
12728,CP,2016-02-04,472050.00
12729,CP,2016-02-05,467820.00
12730,CP,2016-03-08,466425.00
12731,CP,2016-03-09,466425.00
12732,CP,2016-03-10,466425.00
12733,CP,2016-03-11,469215.00
12734,CP,2016-03-14,472935.00
12735,CP,2016-03-15,472005.00
12736,CP,2016-03-16,474795.00
12737,CP,2016-03-17,476190.00
12738,CP,2016-03-18,475725.00
12739,CP,2016-03-21,476190.00
12740,CP,2016-03-22,478050.00
12741,CP,2016-03-23,476655.00
12742,CP,2016-03-24,478050.00
12743,CP,2016-03-28,481770.00
12744,CP,2016-03-29,478980.00
12745,CP,2016-03-30,478050.00
12746,CP,2016-03-31,478515.00
12747,CP,2016-04-01,478515.00
12748,CP,2016-04-04,479445.00
12749,CP,2016-04-05,479955.00
12750,CP,2016-04-06,479910.00
12751,CP,2016-04-07,478575.00
12752,CP,2016-04-08,480420.00
12753,CP,2016-04-11,482685.00
12754,CP,2016-04-12,484020.00
12755,CP,2016-04-13,479370.00
12756,CP,2016-04-14,480270.00
12757,CP,2016-04-15,479370.00
12758,CP,2016-04-18,480720.00
12759,CP,2016-04-19,480720.00
12760,CP,2016-04-20,481170.00
12761,CP,2016-04-21,481620.00
12762,CP,2016-04-22,479820.00
12763,CP,2016-04-25,480720.00
12764,CP,2016-04-26,478920.00
12765,CP,2016-04-27,479820.00
12766,CP,2016-04-28,481170.00
12767,CP,2016-04-29,481170.00
12768,CP,2016-05-02,480720.00
12769,CP,2016-05-03,481170.00
12770,CP,2016-05-04,484320.00
12771,CP,2016-05-05,485670.00
12772,CP,2016-05-06,488370.00
12773,CP,2016-05-09,488370.00
12774,CP,2016-05-10,488820.00
12775,CP,2016-05-11,491970.00
12776,CP,2016-05-12,493320.00
12777,CP,2016-05-13,496020.00
12778,CP,2016-05-16,498720.00
12779,CP,2016-05-17,496470.00
12780,CP,2016-06-07,497370.00
12781,CP,2016-06-08,497820.00
12782,CP,2016-06-09,497370.00
12783,CP,2016-06-10,494220.00
12784,CP,2016-06-13,491520.00
12785,CP,2016-06-14,491970.00
12786,CP,2016-06-15,491970.00
12787,CP,2016-06-16,494670.00
12788,CP,2016-06-17,492870.00
12789,CP,2016-06-20,497820.00
12790,CP,2016-06-21,498270.00
12791,CP,2016-06-22,496020.00
12792,CP,2016-06-23,499170.00
12793,CP,2016-06-24,491520.00
12794,CP,2016-07-06,491985.00
12795,CP,2016-07-07,490590.00
12796,CP,2016-07-08,492450.00
12797,CP,2016-07-11,491985.00
12798,CP,2016-07-12,490125.00
12799,CP,2016-07-13,490590.00
12800,CP,2016-07-14,491055.00
12801,CP,2016-07-15,491520.00
12802,CP,2016-07-18,491985.00
12803,CP,2016-07-19,491985.00
12804,CP,2016-07-20,491520.00
12805,CP,2016-07-21,492450.00
12806,CP,2016-07-22,491055.00
12807,CP,2016-07-25,491055.00
12808,CP,2016-07-26,491520.00
12809,CP,2016-07-27,491055.00
12810,CP,2016-07-28,490590.00
12811,CP,2016-07-29,491055.00
12812,CP,2016-08-01,491520.00
12813,CP,2016-08-02,493380.00
12814,CP,2016-08-03,493380.00
12815,CP,2016-08-04,492217.50
12816,CP,2016-08-05,489892.50
12817,CP,2016-08-08,489892.50
12818,CP,2016-08-10,491242.50
12819,CP,2016-08-11,491242.50
12820,CP,2016-08-12,492142.50
12821,CP,2016-08-15,490342.50
12822,CP,2016-08-16,491242.50
12823,CP,2016-08-17,492142.50
12824,CP,2016-08-18,493492.50
12825,CP,2016-08-19,493042.50
12826,CP,2016-08-22,493492.50
12827,CP,2016-08-23,492592.50
12828,CP,2016-08-24,492142.50
12829,CP,2016-08-25,492592.50
12830,CP,2016-08-26,491692.50
12831,CP,2016-08-29,492592.50
12832,CP,2016-08-30,492142.50
12833,CP,2016-08-31,493942.50
12834,CP,2016-09-01,492592.50
12835,CP,2016-09-02,491692.50
12836,CP,2016-09-06,492142.50
12837,CP,2016-09-07,490782.50
12838,CP,2016-09-08,492612.50
12839,CP,2016-09-09,498022.50
12840,CP,2016-09-12,498022.50
12841,CP,2016-09-13,494332.50
12842,CP,2016-09-14,496612.50
12843,CP,2016-09-15,497982.50
12844,CP,2016-09-16,501172.50
12845,CP,2016-09-19,500262.50
12846,CP,2016-09-20,501172.50
12847,CP,2016-09-21,500742.50
12848,CP,2016-09-22,495802.50
12849,CP,2016-09-23,497642.50
12850,CP,2016-09-26,497642.50
12851,CP,2016-09-27,499022.50
12852,CP,2016-09-28,497642.50
12853,CP,2016-09-29,497642.50
12854,CP,2016-09-30,499482.50
12855,CP,2016-10-03,501322.50
12856,CP,2016-10-04,496697.50
12857,CP,2016-10-05,499017.50
12858,CP,2016-10-06,503172.50
12859,CP,2016-10-07,502242.50
12860,CP,2016-10-10,503632.50
12861,CP,2016-10-11,503617.50
12862,CP,2016-10-12,505007.50
12863,CP,2016-10-13,506852.50
12864,CP,2016-10-14,509152.50
12865,CP,2016-10-17,507757.50
12866,CP,2016-10-18,509617.50
12867,CP,2016-10-19,512407.50
12868,CP,2016-10-20,513802.50
12869,CP,2016-10-21,512872.50
12870,CP,2016-10-24,516127.50
12871,CP,2016-10-25,518452.50
12872,CP,2016-10-26,516127.50
12873,CP,2016-10-27,514732.50
12874,CP,2016-11-08,514272.50
12875,CP,2016-11-09,513812.50
12876,CP,2016-11-10,511512.50
12877,CP,2016-11-11,510132.50
12878,CP,2016-11-14,511512.50
12879,CP,2016-11-15,509212.50
12880,CP,2016-11-16,509672.50
12881,CP,2016-11-17,512432.50
12882,CP,2016-11-18,511052.50
12883,CP,2016-11-21,509212.50
12884,CP,2016-11-22,510592.50
12885,CP,2016-11-23,511742.50
12886,CP,2016-11-25,508292.50
12887,CP,2016-11-28,509902.50
12888,CP,2016-11-29,512892.50
12889,CP,2016-11-30,510132.50
12890,CP,2016-12-01,510822.50
12891,CP,2016-12-02,513582.50
12892,CP,2016-12-05,508982.50
12893,CP,2016-12-06,506427.50
12894,CP,2016-12-07,506897.50
12895,CP,2016-12-08,503407.50
12896,CP,2016-12-09,506652.50
12897,CP,2016-12-12,507592.50
12898,CP,2016-12-13,505732.50
12899,CP,2016-12-14,508987.50
12900,CP,2016-12-15,508522.50
12901,CP,2016-12-16,509452.50
12902,CP,2016-12-19,510847.50
12903,CP,2016-12-20,509917.50
12904,CP,2016-12-21,510382.50
12905,CP,2016-12-22,510382.50
12906,CP,2016-12-23,510382.50
12907,CP,2016-12-27,509917.50
12908,CP,2016-12-28,508057.50
12909,CP,2016-12-29,510847.50
12910,CP,2016-12-30,510382.50
12911,CP,2017-01-03,510382.50
12912,CP,2017-01-04,510862.50
12913,CP,2017-01-05,514162.50
12914,CP,2017-01-06,519802.50
12915,CP,2017-01-09,523582.50
12916,CP,2017-01-10,521737.50
12917,CP,2017-01-11,520777.50
12918,CP,2017-01-12,522217.50
12919,CP,2017-01-13,523177.50
12920,CP,2017-01-17,524137.50
12921,CP,2017-01-18,527977.50
12922,CP,2017-01-19,526057.50
12923,CP,2017-01-20,528937.50
12924,CP,2017-01-23,528937.50
12925,CP,2017-01-24,530377.50
12926,CP,2017-01-25,531337.50
12927,CP,2017-01-26,531817.50
12928,CP,2017-01-27,531817.50
12929,CP,2017-01-30,530857.50
12930,CP,2017-01-31,528937.50
12931,CP,2017-02-01,532297.50
12932,CP,2017-02-02,531817.50
12933,CP,2017-02-03,531337.50
12934,CP,2017-02-06,532297.50
12935,CP,2017-02-07,529567.50
12936,CP,2017-02-08,532372.50
12937,CP,2017-02-09,533687.50
12938,CP,2017-02-10,529897.50
12939,CP,2017-02-13,533107.50
12940,CP,2017-02-14,533107.50
12941,CP,2017-02-15,533562.50
12942,CP,2017-02-16,533562.50
12943,CP,2017-02-17,534927.50
12944,CP,2017-02-21,533562.50
12945,CP,2017-02-22,534017.50
12946,CP,2017-02-23,534017.50
12947,CP,2017-02-24,534017.50
12948,CP,2017-02-27,533562.50
12949,CP,2017-02-28,534472.50
12950,CP,2017-03-01,532652.50
12951,CP,2017-03-02,535382.50
12952,CP,2017-03-03,537202.50
12953,CP,2017-03-06,539022.50
12954,CP,2017-03-07,543137.50
12955,CP,2017-03-08,542187.50
12956,CP,2017-03-09,542157.50
12957,CP,2017-03-10,548577.50
12958,CP,2017-03-13,552762.50
12959,CP,2017-03-14,552267.50
12960,CP,2017-03-15,558312.50
12961,CP,2017-03-16,557847.50
12962,CP,2017-03-17,557847.50
12963,CP,2017-03-20,558777.50
12964,CP,2017-03-21,551802.50
12965,CP,2017-04-05,549552.50
12966,CP,2017-04-06,551802.50
12967,CP,2017-04-07,553152.50
12968,CP,2017-04-10,554052.50
12969,CP,2017-04-11,554502.50
12970,CP,2017-04-12,550452.50
12971,CP,2017-04-13,551802.50
12972,CP,2017-04-17,555402.50
12973,CP,2017-04-18,554952.50
12974,CP,2017-04-19,554052.50
12975,CP,2017-04-20,553602.50
12976,CP,2017-04-21,552702.50
12977,CP,2017-04-24,555402.50
12978,CP,2017-04-25,552252.50
12979,CP,2017-04-26,550902.50
12980,CP,2017-04-27,551352.50
12981,CP,2017-04-28,555402.50
12982,CP,2017-05-01,553152.50
12983,CP,2017-05-02,556752.50
12984,CP,2017-05-03,559902.50
12985,CP,2017-05-04,561702.50
12986,CP,2017-05-05,558552.50
12987,CP,2017-05-08,559452.50
12988,CP,2017-05-09,561702.50
12989,CP,2017-05-10,559002.50
12990,CP,2017-08-10,557637.50
12991,CP,2017-08-11,559912.50
12992,CP,2017-08-14,560822.50
12993,CP,2017-08-15,564462.50
12994,CP,2017-08-16,565372.50
12995,CP,2017-08-17,561277.50
12996,CP,2017-08-18,561732.50
12997,CP,2017-08-21,564007.50
12998,CP,2017-08-22,565827.50
12999,CP,2017-08-23,563097.50
13000,CP,2017-08-24,562642.50
13001,CP,2017-08-25,565372.50
13002,CP,2017-08-28,565827.50
13003,CP,2017-08-29,566737.50
13004,CP,2017-08-30,567192.50
13005,CP,2017-08-31,566282.50
13006,CP,2017-09-01,566282.50
13007,CP,2017-09-05,568557.50
13008,CP,2017-09-06,566287.50
13009,CP,2017-09-07,575427.50
13010,CP,2017-09-08,572682.50
13011,CP,2017-09-11,569052.50
13012,CP,2017-09-12,566772.50
13013,CP,2017-09-13,566772.50
13014,CP,2017-09-14,569532.50
13015,CP,2017-09-15,568152.50
13016,CP,2017-09-18,564472.50
13017,CP,2017-09-19,568152.50
13018,CP,2017-09-20,568152.50
13019,CP,2017-09-21,566772.50
13020,CP,2017-09-22,565852.50
13021,CP,2017-09-25,564472.50
13022,CP,2017-09-26,563092.50
13023,CP,2017-09-27,561712.50
13024,CP,2017-09-28,560792.50
13025,CP,2017-09-29,561712.50
13026,CP,2017-10-02,561712.50
13027,CP,2017-10-03,560792.50
13028,CP,2017-10-04,559412.50
13029,CP,2017-10-05,558952.50
13030,CP,2017-10-06,559642.50
13031,CP,2017-10-09,560102.50
13032,CP,2018-02-06,560612.50
13033,CP,2018-02-07,566732.50
13034,CP,2018-02-08,559592.50
13035,CP,2018-02-09,555002.50
13036,CP,2018-02-12,577442.50
13037,CP,2018-02-13,566732.50
13038,CP,2018-02-14,575402.50
13039,CP,2018-02-15,571832.50
13040,CP,2018-02-16,569792.50
13041,CP,2018-02-20,571832.50
13042,CP,2018-02-21,569282.50
13043,CP,2018-02-22,570302.50
13044,CP,2018-02-23,571322.50
13045,CP,2018-02-26,569282.50
13046,CP,2018-02-27,570302.50
13047,CP,2018-02-28,571322.50
13048,CP,2018-03-01,573872.50
13049,CP,2018-03-02,574382.50
13050,CP,2018-03-05,569792.50
13051,CP,2018-03-06,572192.50
13052,CP,2018-03-07,568712.50
13053,CP,2018-03-08,569792.50
13054,CP,2018-03-09,568232.50
13055,CP,2018-03-12,569162.50
13056,CP,2018-03-13,568202.50
13057,CP,2018-03-14,567242.50
13058,CP,2018-03-15,567242.50
13059,CP,2018-03-16,570122.50
13060,CP,2018-03-19,571082.50
13061,CP,2018-03-20,571082.50
13062,CP,2018-03-21,570602.50
13063,CP,2018-03-22,571562.50
13064,CP,2018-03-23,562442.50
13065,CP,2018-03-26,574442.50
13066,CP,2018-03-27,562442.50
13067,CP,2018-03-28,575402.50
13068,CP,2018-03-29,573962.50
13069,CP,2018-04-02,561002.50
13070,CP,2018-04-03,562012.50
13071,CP,2018-04-04,566557.50
13072,CP,2018-04-05,565042.50
13073,CP,2018-04-06,565042.50
13074,CP,2018-04-09,565042.50
13075,CP,2018-04-10,564537.50
13076,CP,2018-04-11,565042.50
13077,CP,2018-04-12,566557.50
13078,CP,2018-04-13,567062.50
13079,CP,2018-04-16,566557.50
13080,CP,2018-04-17,565547.50
13081,CP,2018-04-18,564537.50
13082,CP,2018-04-19,566557.50
13083,CP,2018-04-20,566557.50
13084,CP,2018-04-23,567062.50
13085,CP,2018-04-24,568072.50
13086,CP,2018-04-25,568577.50
13087,CP,2018-04-26,569587.50
13088,CP,2018-04-27,569587.50
13089,CP,2018-04-30,571102.50
13090,CP,2018-05-01,571102.50
13091,CP,2018-05-02,569587.50
13092,CP,2018-05-03,572112.50
13093,CP,2018-05-04,568577.50
13094,CP,2018-05-07,566810.00
13095,CP,2018-05-08,567265.00
13096,CP,2018-05-09,568175.00
13097,CP,2018-05-10,568630.00
13098,CP,2018-05-11,569085.00
13099,CP,2018-05-14,569995.00
13100,CP,2018-05-15,570450.00
13101,CP,2018-05-16,569085.00
13102,CP,2018-05-17,567265.00
13103,CP,2018-05-18,565900.00
13104,CP,2018-05-21,565900.00
13105,CP,2018-05-22,567265.00
13106,CP,2018-05-23,566355.00
13107,CP,2018-05-24,565900.00
13108,CP,2018-05-25,567265.00
13109,CP,2018-05-29,565445.00
13110,CP,2018-05-30,564080.00
13111,CP,2018-05-31,564080.00
13112,CP,2018-06-01,563625.00
13113,CP,2018-06-04,562715.00
13114,CP,2018-06-05,564535.00
13115,CP,2018-06-06,560895.00
13116,CP,2018-06-07,561350.00
13117,CP,2018-06-08,561350.00
13118,CP,2018-06-11,561122.50
13119,CP,2018-07-10,561592.50
13120,CP,2018-07-11,562062.50
13121,CP,2018-07-12,560652.50
13122,CP,2018-07-13,563472.50
13123,CP,2018-07-16,563942.50
13124,CP,2018-07-17,567232.50
13125,CP,2018-07-18,568172.50
13126,CP,2018-07-19,567702.50
13127,CP,2018-07-20,567702.50
13128,CP,2018-07-23,568172.50
13129,CP,2018-07-24,567702.50
13130,CP,2018-07-25,570052.50
13131,CP,2018-07-26,570052.50
13132,CP,2018-07-27,570052.50
13133,CP,2018-07-30,570522.50
13134,CP,2018-08-07,571432.50
13135,CP,2018-08-08,571432.50
13136,CP,2018-08-09,571432.50
13137,CP,2018-08-10,572342.50
13138,CP,2018-08-13,571432.50
13139,CP,2018-08-14,572797.50
13140,CP,2018-08-15,573252.50
13141,CP,2018-08-16,573252.50
13142,CP,2018-08-17,574162.50
13143,CP,2018-08-20,572797.50
13144,CP,2018-08-21,571432.50
13145,CP,2018-08-22,570067.50
13146,CP,2018-08-23,570977.50
13147,CP,2018-08-24,570522.50
13148,CP,2018-08-27,570977.50
13149,CP,2018-08-28,570522.50
13150,CP,2018-08-29,570067.50
13151,CP,2018-08-30,570522.50
13152,CP,2018-08-31,569612.50
13153,CP,2018-09-04,570067.50
13154,CP,2018-09-05,572352.50
13155,CP,2018-09-06,573262.50
13156,CP,2018-09-07,573717.50
13157,CP,2018-09-10,574647.50
13158,CP,2018-09-11,576507.50
13159,CP,2018-09-12,578367.50
13160,CP,2018-09-13,579297.50
13161,CP,2018-09-14,580227.50
13162,CP,2018-09-17,580692.50
13163,CP,2018-09-18,582552.50
13164,CP,2018-09-19,584412.50
13165,CP,2018-09-20,583017.50
13166,CP,2018-09-21,589527.50
13167,CP,2018-09-24,587667.50
13168,CP,2018-09-25,588132.50
13169,CP,2018-09-26,587667.50
13170,CP,2018-09-27,589062.50
13171,CP,2018-09-28,589992.50
13172,CP,2018-10-01,579762.50
13173,CP,2018-10-09,580252.50
13174,CP,2018-10-10,571432.50
13175,CP,2018-11-06,572482.50
13176,CP,2018-11-07,577732.50
13177,CP,2018-11-08,576682.50
13178,CP,2018-11-09,575107.50
13179,CP,2018-11-12,573007.50
13180,CP,2018-11-13,572482.50
13181,CP,2018-11-14,571432.50
13182,CP,2018-12-04,560932.50
13183,CP,2019-01-02,563112.50
13184,CP,2019-01-03,559842.50
13185,CP,2019-01-04,568562.50
13186,CP,2019-01-07,569107.50
13187,CP,2019-01-08,570742.50
13188,CP,2019-01-09,573467.50
13189,CP,2019-01-10,571287.50
13190,CP,2019-01-11,575102.50
13191,CP,2019-01-14,575102.50
13192,CP,2019-01-15,574557.50
13193,CP,2019-01-16,574012.50
13194,CP,2019-01-17,571832.50
13195,CP,2019-01-18,572922.50
13196,CP,2019-01-22,575102.50
13197,CP,2019-01-23,574012.50
13198,CP,2019-01-24,572922.50
13199,CP,2019-01-25,574012.50
13200,CP,2019-01-28,574557.50
13201,CP,2019-01-29,574557.50
13202,CP,2019-01-30,573467.50
13203,CP,2019-01-31,574012.50
13204,CP,2019-03-05,573547.50
13205,CP,2019-03-06,569362.50
13206,CP,2019-03-07,567037.50
13207,CP,2019-04-09,566562.50
13208,CP,2019-04-10,566562.50
13209,CP,2019-04-11,567037.50
13210,CP,2019-04-12,567987.50
13211,CP,2019-04-15,568462.50
13212,CP,2019-04-16,569887.50
13213,CP,2019-04-17,568462.50
13214,CP,2019-04-18,570362.50
13215,CP,2019-04-22,569887.50
13216,CP,2019-04-23,572262.50
13217,CP,2019-04-24,573212.50
13218,CP,2019-04-25,572737.50
13219,CP,2019-04-26,573212.50
13220,CP,2019-04-29,573687.50
13221,CP,2019-04-30,573212.50
13222,CP,2019-05-01,575112.50
13223,CP,2019-05-02,573212.50
13224,CP,2019-05-03,572262.50
13225,CP,2019-05-06,569887.50
13226,CP,2019-05-07,558487.50
13227,CP,2019-05-08,558962.50
13228,CP,2019-05-09,557062.50
13229,CP,2019-05-10,563237.50
13230,CP,2019-05-13,544237.50
13231,CP,2019-06-04,547327.50
13232,CP,2019-06-05,546297.50
13233,CP,2019-06-06,548872.50
13234,CP,2019-06-07,549387.50
13235,CP,2019-06-10,550417.50
13236,CP,2019-06-11,549387.50
13237,CP,2019-06-12,549387.50
13238,CP,2019-06-13,550932.50
13239,CP,2019-06-14,551962.50
13240,CP,2019-06-17,551447.50
13241,CP,2019-06-18,551447.50
13242,CP,2019-06-19,550932.50
13243,CP,2019-06-20,550932.50
13244,CP,2019-06-21,552477.50
13245,CP,2019-06-24,553507.50
13246,CP,2019-06-25,554022.50
13247,CP,2019-06-26,553507.50
13248,CP,2019-06-27,552477.50
13249,CP,2019-06-28,551962.50
13250,CP,2019-07-01,551962.50
13251,CP,2019-07-02,554022.50
13252,CP,2019-07-03,551962.50
13253,CP,2019-07-05,552735.00
13254,CP,2019-07-08,552992.50
13255,CP,2019-07-09,552512.50
13256,CP,2019-07-10,554432.50
13257,CP,2019-07-11,555872.50
13258,CP,2019-07-12,555872.50
13259,CP,2019-07-15,555872.50
13260,CP,2019-07-16,556832.50
13261,CP,2019-07-17,557312.50
13262,CP,2019-07-18,556832.50
13263,CP,2019-07-19,558752.50
13264,CP,2019-07-22,558752.50
13265,CP,2019-07-23,558752.50
13266,CP,2019-07-24,558752.50
13267,CP,2019-07-25,561632.50
13268,CP,2019-07-26,560672.50
13269,CP,2019-07-29,560672.50
13270,CP,2019-07-30,558272.50
13271,CP,2019-07-31,555392.50
13272,CP,2019-08-01,554432.50
13273,CP,2019-08-02,550592.50
13274,CP,2019-08-05,541952.50
13275,CP,2019-08-06,540377.50
13276,CP,2019-08-07,544052.50
13277,CP,2019-08-08,546152.50
13278,CP,2019-08-09,544577.50
13279,CP,2019-08-12,545102.50
13280,CP,2019-08-13,545102.50
13281,CP,2019-08-14,543002.50
13282,CP,2019-08-15,539852.50
13283,CP,2019-08-16,545102.50
13284,CP,2019-08-19,551402.50
13285,CP,2019-08-20,547202.50
13286,CP,2019-08-21,548252.50
13287,CP,2019-08-22,550352.50
13288,CP,2019-08-23,543002.50
13289,CP,2019-08-26,544052.50
13290,CP,2019-08-27,542477.50
13291,CP,2019-08-28,545102.50
13292,CP,2019-08-29,549302.50
13293,CP,2019-08-30,547727.50
13294,CP,2019-09-03,552452.50
13295,CP,2019-09-04,552442.50
13296,CP,2019-09-05,560802.50
13297,CP,2019-09-06,563417.50
13298,CP,2019-09-09,560802.50
13299,CP,2019-09-10,561322.50
13300,CP,2019-09-11,560802.50
13301,CP,2019-09-12,562882.50
13302,CP,2019-09-13,561842.50
13303,CP,2019-09-16,561842.50
13304,CP,2019-09-17,561842.50
13305,CP,2019-09-18,563922.50
13306,CP,2019-09-19,562362.50
13307,CP,2019-09-20,563922.50
13308,CP,2019-09-23,563922.50
13309,CP,2019-09-24,561842.50
13310,CP,2019-09-25,562882.50
13311,CP,2019-09-26,563922.50
13312,CP,2019-09-27,561842.50
13313,CP,2019-09-30,563922.50
13314,CP,2019-10-01,563402.50
13315,CP,2019-10-02,561842.50
13316,CP,2019-10-03,563922.50
13317,CP,2019-10-04,563922.50
13318,CP,2019-10-07,564962.50
13319,CP,2019-10-08,556752.50
13320,CP,2019-10-09,553742.50
13321,CP,2019-10-10,560882.50
13322,CP,2019-10-11,560892.50
13323,CP,2019-10-14,567012.50
13324,CP,2019-10-15,570072.50
13325,CP,2019-10-16,571092.50
13326,CP,2019-10-17,571602.50
13327,CP,2019-10-18,571092.50
13328,CP,2019-10-21,572112.50
13329,CP,2019-10-22,572622.50
13330,CP,2019-10-23,574152.50
13331,CP,2019-10-24,573642.50
13332,CP,2019-10-25,574662.50
13333,CP,2019-10-28,573642.50
13334,CP,2019-10-29,572112.50
13335,CP,2019-10-30,573132.50
13336,CP,2019-10-31,574662.50
13337,CP,2019-11-01,573642.50
13338,CP,2019-11-04,572622.50
13339,CP,2019-11-05,572622.50
13340,CP,2019-11-06,573682.50
13341,CP,2019-11-07,574072.50
13342,CP,2019-11-08,574542.50
13343,CP,2019-11-11,575482.50
13344,CP,2019-11-12,575952.50
13345,CP,2019-11-13,575012.50
13346,CP,2019-11-14,575012.50
13347,CP,2019-11-15,578302.50
13348,CP,2019-11-18,578302.50
13349,CP,2019-11-19,577832.50
13350,CP,2019-11-20,576422.50
13351,CP,2019-11-21,578302.50
13352,CP,2019-11-22,580182.50
13353,CP,2019-11-25,579242.50
13354,CP,2019-11-26,579712.50
13355,CP,2019-11-27,578302.50
13356,CP,2019-11-29,578772.50
13357,CP,2019-12-02,578302.50
13358,CP,2019-12-03,575482.50
13359,CP,2019-12-04,576892.50
13360,CP,2019-12-05,578772.50
13361,CP,2019-12-06,578772.50
13362,CP,2019-12-09,578302.50
13363,CP,2019-12-10,577812.50
13364,CP,2019-12-11,577812.50
13365,CP,2019-12-12,578792.50
13366,CP,2019-12-13,582712.50
13367,CP,2019-12-16,583692.50
13368,CP,2019-12-17,584672.50
13369,CP,2019-12-18,583692.50
13370,CP,2019-12-19,583692.50
13371,CP,2019-12-20,584182.50
13372,CP,2019-12-23,582222.50
13373,CP,2019-12-24,582222.50
13374,CP,2019-12-26,581732.50
13375,CP,2019-12-27,582712.50
13376,CP,2019-12-30,582222.50
13377,CP,2019-12-31,582222.50
13378,CP,2020-01-02,586632.50
13379,CP,2020-01-03,584182.50
13380,CP,2020-01-06,584672.50
13381,CP,2020-01-07,586632.50
13382,CP,2020-01-08,586132.50
13383,CP,2020-01-09,588562.50
13384,CP,2020-01-10,592462.50
13385,CP,2020-01-13,592442.50
13386,CP,2020-01-14,594362.50
13387,CP,2020-01-15,593402.50
13388,CP,2020-01-16,592442.50
13389,CP,2020-01-17,591962.50
13390,CP,2020-01-21,594362.50
13391,CP,2020-01-22,593402.50
13392,CP,2020-01-23,593882.50
13393,CP,2020-01-24,592922.50
13394,CP,2020-01-27,590522.50
13395,CP,2020-01-28,592442.50
13396,CP,2020-01-29,593402.50
13397,CP,2020-01-30,594362.50
13398,CP,2020-01-31,584282.50
13399,CP,2020-02-04,586262.50
13400,CP,2020-02-05,586757.50
13401,CP,2020-02-06,586757.50
13402,CP,2020-02-07,586262.50
13403,CP,2020-02-10,587252.50
13404,CP,2020-02-11,586262.50
13405,CP,2020-02-12,587747.50
13406,CP,2020-02-13,586262.50
13407,CP,2020-02-14,588242.50
13408,CP,2020-02-18,588242.50
13409,CP,2020-02-19,587747.50
13410,CP,2020-02-20,586757.50
13411,CP,2020-02-21,585272.50
13412,CP,2020-02-24,584777.50
13413,CP,2020-02-25,575372.50
13414,CP,2020-03-03,573132.50
13415,CP,2020-03-04,578732.50
13416,CP,2020-03-05,568652.50
13417,CP,2020-03-06,560812.50
13418,CP,2020-04-09,565812.50
13419,CP,2020-04-13,563937.50
13420,CP,2020-04-14,565812.50
13421,CP,2020-04-15,560187.50
13422,CP,2020-04-16,555812.50
13423,CP,2020-04-17,562687.50
13424,CP,2020-04-20,562062.50
13425,CP,2020-04-21,561437.50
13426,CP,2020-04-22,565812.50
13427,CP,2020-04-23,565812.50
13428,CP,2020-04-24,570812.50
13429,CP,2020-04-27,575187.50
13430,CP,2020-04-28,578312.50
13431,CP,2020-04-29,581437.50
13432,CP,2020-04-30,578312.50
13433,CP,2020-05-01,571437.50
13434,CP,2020-05-04,573312.50
13435,CP,2020-05-05,575812.50
13436,CP,2020-05-06,571467.50
13437,CP,2020-05-07,576437.50
13438,CP,2020-05-08,586927.50
13439,CP,2020-05-11,588802.50
13440,CP,2020-05-12,586362.50
13441,CP,2020-05-13,579042.50
13442,CP,2020-05-14,582702.50
13443,CP,2020-05-15,583312.50
13444,CP,2020-05-18,591242.50
13445,CP,2020-05-19,589412.50
13446,CP,2020-05-20,592462.50
13447,CP,2020-05-21,594292.50
13448,CP,2020-05-22,594902.50
13449,CP,2020-05-26,601612.50
13450,CP,2020-05-27,601612.50
13451,CP,2020-05-28,599172.50
13452,CP,2020-05-29,599782.50
13453,CP,2020-06-01,599782.50
13454,CP,2020-06-02,601612.50
13455,CP,2020-06-03,604052.50
13456,CP,2020-06-04,604662.50
13457,CP,2020-06-05,605882.50
13458,CP,2020-06-08,605272.50
13459,CP,2020-06-09,602247.50
13460,CP,2020-06-10,595592.50
13461,CP,2020-07-07,591392.50
13462,CP,2020-07-08,593192.50
13463,CP,2020-07-09,590192.50
13464,CP,2020-08-04,591947.50
13465,CP,2020-08-05,595457.50
13466,CP,2020-08-06,597212.50
13467,CP,2020-08-07,597797.50
13468,CP,2020-08-10,598967.50
13469,CP,2020-08-11,597797.50
13470,CP,2020-08-12,598967.50
13471,CP,2020-08-13,600137.50
13472,CP,2020-08-14,599552.50
13473,CP,2020-08-17,601307.50
13474,CP,2020-08-18,601892.50
13475,CP,2020-08-19,601307.50
13476,CP,2020-08-20,601307.50
13477,CP,2020-08-21,600722.50
13478,CP,2020-08-24,602477.50
13479,CP,2020-08-25,603062.50
13480,CP,2020-08-26,603659.20
13481,CP,2020-08-27,602489.20
13482,CP,2020-08-28,604817.50
13483,CP,2020-08-31,604817.50
13484,CP,2020-09-01,603647.50
13485,CP,2020-09-02,604232.50
13486,CP,2020-09-03,597797.50
13487,CP,2020-09-04,601307.50
13488,CP,2020-09-08,600722.50
13489,CP,2020-09-09,608427.50
13490,CP,2020-09-10,604917.50
13491,CP,2020-09-11,599492.50
13492,CP,2020-09-14,613752.50
13493,CP,2020-09-15,614357.50
13494,CP,2020-09-16,616777.50
13495,CP,2020-09-17,616777.50
13496,CP,2020-09-18,615567.50
13497,CP,2020-09-21,606492.50
13498,CP,2020-09-22,606492.50
13499,CP,2020-09-23,602257.50
13500,CP,2020-10-06,602257.50
13501,CP,2020-10-07,605947.50
13502,CP,2020-10-08,609022.50
13503,CP,2020-10-09,611482.50
13504,CP,2020-10-12,613942.50
13505,CP,2020-10-13,612097.50
13506,CP,2020-10-14,612712.50
13507,CP,2020-10-15,614557.50
13508,CP,2020-10-16,613327.50
13509,CP,2020-10-19,611482.50
13510,CP,2020-10-20,610867.50
13511,CP,2020-10-21,610867.50
13512,CP,2020-10-22,614557.50
13513,CP,2020-10-23,615787.50
13514,CP,2020-10-26,610867.50
13515,CP,2020-10-27,609022.50
13516,CP,2020-10-28,597337.50
13517,CP,2020-10-29,604717.50
13518,CP,2020-10-30,594262.50
13519,CP,2020-11-03,599102.50
13520,CP,2020-11-04,602127.50
13521,CP,2020-11-05,606362.50
13522,CP,2020-11-06,606961.45
13523,CP,2020-11-09,611807.50
13524,CP,2020-11-10,611202.50
13525,CP,2020-11-11,609992.50
13526,CP,2020-11-12,608177.50
13527,CP,2020-11-13,610597.50
13528,CP,2020-11-16,611807.50
13529,CP,2020-11-17,613017.50
13530,CP,2020-11-18,611807.50
13531,CP,2020-11-19,612412.50
13532,CP,2020-11-20,613017.50
13533,CP,2020-11-23,613622.50
13534,CP,2020-11-24,614832.50
13535,CP,2020-11-25,614832.50
13536,CP,2020-11-27,622697.50
13537,CP,2020-12-08,624467.50
13538,CP,2020-12-09,625647.50
13539,CP,2020-12-10,625647.50
13540,CP,2020-12-11,625057.50
13541,CP,2020-12-14,625647.50
13542,CP,2020-12-15,628007.50
13543,CP,2020-12-16,628007.50
13544,CP,2020-12-17,629777.50
13545,CP,2020-12-18,628597.50
13546,CP,2020-12-21,630367.50
13547,CP,2020-12-22,629187.50
13548,CP,2020-12-23,632137.50
13549,CP,2020-12-24,630957.50
13550,CP,2020-12-28,633317.50
13551,CP,2020-12-29,628597.50
13552,CP,2020-12-30,630367.50
13553,CP,2020-12-31,631541.60
13554,CP,2021-01-04,628007.50
13555,CP,2021-01-05,638852.50
13556,CP,2021-01-06,642517.50
13557,CP,2021-01-07,650977.50
13558,CP,2021-01-08,646797.50
13559,CP,2021-01-11,646132.50
13560,CP,2021-01-12,647362.50
13561,CP,2021-01-13,648592.50
13562,CP,2021-01-14,651052.50
13563,CP,2021-01-15,648592.50
13564,CP,2021-01-19,650437.50
13565,CP,2021-01-20,651052.50
13566,CP,2021-01-21,649822.50
13567,CP,2021-01-22,651052.50
13568,CP,2021-01-25,648592.50
13569,CP,2021-01-26,649822.50
13570,CP,2021-01-27,646747.50
13571,CP,2021-01-28,647362.50
13572,CP,2021-01-29,646132.50
13573,CP,2021-02-01,649822.50
13574,CP,2021-02-02,652282.50
13575,CP,2021-02-03,654127.50
13576,CP,2021-02-04,655357.50
13577,CP,2021-02-05,657202.50
13578,CP,2021-02-08,656587.50
13579,CE,2007-08-14,94995.00
13580,CE,2007-08-15,96360.00
13581,CE,2007-08-16,96360.00
13582,CE,2007-08-17,94995.00
13583,CE,2007-08-20,97725.00
13584,CE,2007-08-21,98635.00
13585,CE,2007-08-22,98180.00
13586,CE,2007-08-23,99090.00
13587,CE,2007-08-24,100000.00
13588,CE,2007-08-27,101365.00
13589,CE,2007-08-28,97270.00
13590,CE,2007-08-29,100910.00
13591,CE,2007-08-30,99545.00
13592,CE,2007-08-31,99090.00
13593,CE,2007-09-04,100000.00
13594,CE,2007-09-05,98635.00
13595,CE,2007-09-06,98180.00
13596,CE,2007-09-07,97725.00
13597,CE,2007-09-10,99545.00
13598,CE,2007-09-11,101900.00
13599,CE,2007-09-12,104295.00
13600,CE,2007-09-13,103305.00
13601,CE,2007-09-14,106155.00
13602,CE,2007-09-17,108390.00
13603,CE,2007-09-18,111400.00
13604,CE,2007-09-19,108135.00
13605,CE,2007-09-20,110115.00
13606,CE,2007-09-21,111105.00
13607,CE,2007-09-24,112095.00
13608,CE,2007-09-25,114075.00
13609,CE,2007-09-26,113580.00
13610,CE,2007-09-27,113580.00
13611,CE,2007-09-28,113580.00
13612,CE,2007-10-01,111600.00
13613,CE,2007-10-02,110115.00
13614,CE,2007-10-03,111600.00
13615,CE,2007-10-04,110610.00
13616,CE,2007-10-05,108135.00
13617,CE,2007-10-08,110115.00
13618,CE,2007-10-16,109670.00
13619,CE,2007-10-17,110560.00
13620,CE,2007-10-18,111005.00
13621,CE,2007-10-19,107000.00
13622,CE,2007-10-22,109225.00
13623,CE,2007-10-23,110560.00
13624,CE,2007-10-24,111895.00
13625,CE,2007-10-25,112340.00
13626,CE,2007-10-26,112785.00
13627,CE,2007-10-29,113675.00
13628,CE,2007-10-30,111450.00
13629,CE,2007-10-31,112785.00
13630,CE,2007-11-01,111895.00
13631,CE,2007-11-02,109670.00
13632,CE,2007-11-05,113230.00
13633,CE,2007-11-06,117680.00
13634,CE,2007-11-07,111450.00
13635,CE,2007-11-13,113800.00
13636,CE,2007-11-14,110510.00
13637,CE,2007-11-15,109570.00
13638,CE,2007-11-16,110040.00
13639,CE,2007-11-19,109570.00
13640,CE,2007-11-20,108630.00
13641,CE,2007-11-21,111450.00
13642,CE,2007-11-23,110980.00
13643,CE,2007-11-26,110980.00
13644,CE,2007-11-27,114270.00
13645,CE,2007-11-28,117090.00
13646,CE,2007-11-29,117560.00
13647,CE,2007-11-30,118030.00
13648,CE,2007-12-03,118500.00
13649,CE,2007-12-04,120380.00
13650,CE,2007-12-05,122260.00
13651,CE,2007-12-06,121320.00
13652,CE,2007-12-07,123200.00
13653,CE,2007-12-10,123670.00
13654,CE,2007-12-11,119640.00
13655,CE,2007-12-12,120580.00
13656,CE,2007-12-13,121990.00
13657,CE,2007-12-14,122030.00
13658,CE,2007-12-17,122560.00
13659,CE,2008-01-15,122110.00
13660,CE,2008-01-16,123010.00
13661,CE,2008-01-17,121660.00
13662,CE,2008-01-18,122110.00
13663,CE,2008-01-22,123910.00
13664,CE,2008-01-23,128860.00
13665,CE,2008-01-24,125710.00
13666,CE,2008-01-25,124810.00
13667,CE,2008-01-28,124810.00
13668,CE,2008-01-29,125260.00
13669,CE,2008-01-30,127060.00
13670,CE,2008-01-31,126160.00
13671,CE,2008-02-01,127060.00
13672,CE,2008-02-04,126610.00
13673,CE,2008-02-05,124810.00
13674,CE,2008-02-06,124810.00
13675,CE,2008-02-07,127060.00
13676,CE,2008-02-08,128860.00
13677,CE,2008-02-11,131560.00
13678,CE,2008-02-12,133405.00
13679,CE,2008-02-13,134365.00
13680,CE,2008-02-14,137500.00
13681,CE,2008-02-15,139780.00
13682,CE,2008-02-19,143380.00
13683,CE,2008-02-20,145240.00
13684,CE,2008-02-21,144775.00
13685,CE,2008-02-22,146170.00
13686,CE,2008-02-25,148960.00
13687,CE,2008-02-26,148495.00
13688,CE,2008-02-27,148495.00
13689,CE,2008-02-28,148495.00
13690,CE,2008-02-29,146170.00
13691,CE,2008-03-03,148030.00
13692,CE,2008-03-04,150820.00
13693,CE,2008-03-05,153610.00
13694,CE,2008-03-06,150820.00
13695,CE,2008-03-07,152215.00
13696,CE,2008-03-10,146170.00
13697,CE,2008-03-11,146170.00
13698,CE,2008-03-12,145720.00
13699,CE,2008-03-13,146620.00
13700,CE,2008-03-14,145720.00
13701,CE,2008-03-17,144370.00
13702,CE,2008-03-18,143470.00
13703,CE,2008-03-19,146170.00
13704,CE,2008-03-20,147070.00
13705,CE,2008-03-24,145720.00
13706,CE,2008-03-25,144820.00
13707,CE,2008-03-26,148870.00
13708,CE,2008-03-27,148420.00
13709,CE,2008-03-28,150670.00
13710,CE,2008-03-31,149770.00
13711,CE,2008-04-01,149770.00
13712,CE,2008-04-02,149095.00
13713,CE,2008-04-03,148645.00
13714,CE,2008-04-04,149995.00
13715,CE,2008-07-15,150445.00
13716,CE,2008-07-16,151345.00
13717,CE,2008-07-17,151345.00
13718,CE,2008-07-18,151795.00
13719,CE,2008-07-21,153145.00
13720,CE,2008-07-22,152245.00
13721,CE,2008-07-23,151345.00
13722,CE,2008-07-24,154045.00
13723,CE,2008-07-25,153145.00
13724,CE,2008-07-28,154945.00
13725,CE,2008-07-29,155170.00
13726,CE,2008-07-30,154945.00
13727,CE,2008-07-31,154720.00
13728,CE,2008-08-01,154495.00
13729,CE,2008-08-04,158545.00
13730,CE,2008-08-05,154045.00
13731,CE,2008-08-06,153370.00
13732,CE,2008-09-16,154290.00
13733,CE,2008-09-17,150610.00
13734,CE,2008-09-18,153830.00
13735,CE,2008-09-19,150610.00
13736,CE,2008-09-22,151530.00
13737,CE,2008-09-23,151990.00
13738,CE,2008-09-24,151530.00
13739,CE,2008-09-25,153370.00
13740,CE,2008-09-26,151990.00
13741,CE,2008-09-29,144630.00
13742,CE,2008-09-30,151990.00
13743,CE,2008-10-01,149230.00
13744,CE,2008-10-02,139570.00
13745,CE,2008-10-14,138010.00
13746,CE,2008-10-15,129690.00
13747,CE,2008-11-11,129690.00
13748,CE,2008-11-12,128205.00
13749,CE,2008-11-13,129195.00
13750,CE,2008-11-14,125730.00
13751,CE,2008-11-17,129690.00
13752,CE,2008-11-18,119295.00
13753,CE,2008-12-16,122830.00
13754,CE,2008-12-17,124850.00
13755,CE,2008-12-18,127880.00
13756,CE,2008-12-19,128890.00
13757,CE,2008-12-22,130910.00
13758,CE,2008-12-23,129395.00
13759,CE,2008-12-24,129900.00
13760,CE,2008-12-26,131920.00
13761,CE,2008-12-29,131920.00
13762,CE,2008-12-30,133435.00
13763,CE,2008-12-31,132930.00
13764,CE,2009-01-02,133940.00
13765,CE,2009-01-05,133435.00
13766,CE,2009-01-06,131667.50
13767,CE,2009-01-07,133940.00
13768,CE,2009-01-08,133435.00
13769,CE,2009-01-09,135960.00
13770,CE,2009-01-12,138990.00
13771,CE,2009-01-13,139425.00
13772,CE,2009-01-14,139565.00
13773,CE,2009-01-15,140975.00
13774,CE,2009-01-16,142855.00
13775,CE,2009-01-20,136745.00
13776,CE,2009-01-21,141915.00
13777,CE,2009-01-22,141915.00
13778,CE,2009-01-23,145205.00
13779,CE,2009-01-26,146145.00
13780,CE,2009-01-27,149905.00
13781,CE,2009-01-28,150845.00
13782,CE,2009-01-29,151315.00
13783,CE,2009-01-30,149905.00
13784,CE,2009-02-02,151785.00
13785,CE,2009-02-03,155545.00
13786,CE,2009-02-04,155545.00
13787,CE,2009-02-05,156015.00
13788,CE,2009-02-06,155545.00
13789,CE,2009-02-09,157895.00
13790,CE,2009-02-10,157425.00
13791,CE,2009-02-11,161185.00
13792,CE,2010-05-11,157135.00
13793,CE,2010-05-12,159385.00
13794,CE,2010-05-13,160285.00
13795,CE,2010-05-14,157135.00
13796,CE,2010-05-17,160735.00
13797,CE,2010-05-18,159835.00
13798,CE,2010-05-19,157135.00
13799,CE,2010-05-20,153985.00
13800,CE,2010-05-21,154435.00
13801,CE,2010-05-24,161185.00
13802,CE,2010-05-25,160285.00
13803,CE,2010-06-15,159355.00
13804,CE,2010-06-16,162610.00
13805,CE,2010-06-17,165865.00
13806,CE,2010-06-18,165400.00
13807,CE,2010-06-21,160285.00
13808,CE,2010-06-22,164005.00
13809,CE,2010-06-23,166330.00
13810,CE,2010-06-24,163540.00
13811,CE,2010-06-25,164470.00
13812,CE,2010-06-28,164005.00
13813,CE,2010-06-29,162610.00
13814,CE,2010-06-30,165865.00
13815,CE,2011-03-15,158505.00
13816,CE,2011-03-16,163105.00
13817,CE,2011-03-17,164945.00
13818,CE,2011-03-18,163565.00
13819,CE,2011-03-21,169545.00
13820,CE,2011-03-22,170465.00
13821,CE,2011-03-23,169085.00
13822,CE,2011-03-24,169545.00
13823,CE,2011-03-25,170005.00
13824,CE,2011-03-28,169545.00
13825,CE,2011-03-29,169545.00
13826,CE,2011-03-30,169545.00
13827,CE,2011-03-31,169545.00
13828,CE,2011-04-01,169545.00
13829,CE,2011-04-04,171845.00
13830,CE,2011-04-05,170235.00
13831,CE,2011-04-06,170925.00
13832,CE,2011-04-07,170695.00
13833,CE,2011-04-08,173455.00
13834,CE,2011-04-11,175525.00
13835,CE,2011-04-12,180570.00
13836,CE,2011-04-13,183535.00
13837,CE,2011-04-14,184895.00
13838,CE,2011-04-15,183500.00
13839,CE,2011-04-18,186230.00
13840,CE,2011-04-19,187595.00
13841,CE,2011-04-20,184410.00
13842,CE,2011-04-21,184410.00
13843,CE,2011-04-25,186230.00
13844,CE,2011-04-26,181680.00
13845,CE,2011-04-27,182590.00
13846,CE,2011-04-28,182590.00
13847,CE,2011-04-29,181225.00
13848,CE,2011-05-02,183500.00
13849,CE,2011-05-03,184865.00
13850,CE,2011-05-04,189415.00
13851,CE,2011-05-05,188505.00
13852,CE,2011-05-06,190780.00
13853,CE,2011-05-09,189870.00
13854,CE,2011-05-10,186685.00
13855,CE,2011-05-11,192600.00
13856,CE,2011-05-12,188505.00
13857,CE,2011-05-13,193510.00
13858,CE,2011-05-16,198060.00
13859,CE,2011-08-16,203110.00
13860,CE,2011-08-17,211695.00
13861,CE,2011-08-18,192505.00
13862,CE,2011-09-13,214505.00
13863,CE,2011-10-11,214505.00
13864,CE,2011-10-12,218075.00
13865,CE,2011-10-13,218075.00
13866,CE,2011-10-14,221135.00
13867,CE,2011-10-17,218585.00
13868,CE,2011-10-18,220115.00
13869,CE,2011-10-19,216035.00
13870,CE,2011-10-20,217565.00
13871,CE,2011-10-21,218585.00
13872,CE,2011-10-24,220625.00
13873,CE,2011-10-25,220625.00
13874,CE,2011-10-26,220115.00
13875,CE,2011-10-27,220115.00
13876,CE,2011-10-28,220625.00
13877,CE,2011-10-31,222155.00
13878,CE,2011-11-01,219095.00
13879,CE,2011-11-02,221135.00
13880,CE,2011-11-03,222665.00
13881,CE,2011-11-04,222155.00
13882,CE,2011-11-07,223685.00
13883,CE,2011-11-08,223685.00
13884,CE,2011-11-15,224695.00
13885,CE,2011-11-16,225200.00
13886,CE,2011-11-17,221160.00
13887,CE,2011-11-18,222170.00
13888,CE,2011-11-21,221160.00
13889,CE,2011-11-22,224695.00
13890,CE,2011-11-23,221665.00
13891,CE,2011-12-13,217255.00
13892,CE,2011-12-14,218725.00
13893,CE,2011-12-15,221175.00
13894,CE,2011-12-16,222645.00
13895,CE,2011-12-19,222645.00
13896,CE,2011-12-20,228035.00
13897,CE,2011-12-21,226565.00
13898,CE,2011-12-22,228525.00
13899,CE,2011-12-23,229505.00
13900,CE,2011-12-27,230485.00
13901,CE,2011-12-28,229505.00
13902,CE,2011-12-29,229995.00
13903,CE,2011-12-30,231465.00
13904,CE,2012-01-03,232445.00
13905,CE,2012-01-04,233425.00
13906,CE,2012-01-05,234405.00
13907,CE,2012-01-06,236365.00
13908,CE,2012-01-09,236365.00
13909,CE,2012-01-10,233495.00
13910,CE,2012-01-11,234860.00
13911,CE,2012-01-12,233950.00
13912,CE,2012-01-13,233495.00
13913,CE,2012-01-17,232585.00
13914,CE,2012-01-18,233495.00
13915,CE,2012-01-19,234405.00
13916,CE,2012-01-20,234860.00
13917,CE,2012-01-23,236225.00
13918,CE,2012-01-24,238045.00
13919,CE,2012-01-25,236225.00
13920,CE,2012-01-26,236680.00
13921,CE,2012-01-27,236680.00
13922,CE,2012-01-30,236680.00
13923,CE,2012-01-31,238500.00
13924,CE,2012-02-01,235315.00
13925,CE,2012-02-02,235087.50
13926,CE,2012-02-03,232585.00
13927,CE,2012-02-14,233475.00
13928,CE,2012-02-15,228135.00
13929,CE,2012-02-16,231250.00
13930,CE,2012-02-17,233030.00
13931,CE,2012-02-21,233030.00
13932,CE,2012-02-22,235700.00
13933,CE,2012-02-23,234810.00
13934,CE,2012-02-24,234365.00
13935,CE,2012-02-27,235700.00
13936,CE,2012-02-28,236590.00
13937,CE,2012-02-29,238815.00
13938,CE,2012-03-01,238815.00
13939,CE,2012-03-02,243710.00
13940,CE,2012-03-05,242820.00
13941,CE,2012-03-06,245045.00
13942,CE,2012-03-07,246380.00
13943,CE,2012-03-08,246825.00
13944,CE,2012-03-09,247270.00
13945,CE,2012-03-12,248160.00
13946,CE,2012-03-13,244155.00
13947,CE,2012-03-14,247715.00
13948,CE,2012-03-15,245045.00
13949,CE,2012-03-16,246380.00
13950,CE,2012-03-19,245267.50
13951,CE,2012-03-20,248605.00
13952,CE,2012-04-10,246380.00
13953,CE,2012-04-11,245045.00
13954,CE,2012-04-12,246825.00
13955,CE,2012-04-13,247715.00
13956,CE,2012-04-16,250830.00
13957,CE,2012-04-17,251275.00
13958,CE,2012-04-18,251720.00
13959,CE,2012-04-19,253500.00
13960,CE,2012-04-20,254835.00
13961,CE,2012-04-23,254390.00
13962,CE,2012-04-24,255280.00
13963,CE,2012-04-25,257505.00
13964,CE,2012-04-26,255725.00
13965,CE,2012-04-27,255280.00
13966,CE,2012-04-30,256170.00
13967,CE,2012-05-01,257505.00
13968,CE,2012-05-02,257060.00
13969,CE,2012-05-03,260175.00
13970,CE,2012-05-04,262845.00
13971,CE,2012-05-07,265960.00
13972,CE,2012-05-08,265515.00
13973,CE,2012-05-09,264180.00
13974,CE,2012-05-10,267740.00
13975,CE,2012-05-15,266375.00
13976,CE,2012-05-16,267285.00
13977,CE,2012-05-17,266375.00
13978,CE,2012-05-18,262735.00
13979,CE,2012-05-21,267740.00
13980,CE,2012-05-22,266375.00
13981,CE,2012-05-23,272290.00
13982,CE,2012-05-24,270015.00
13983,CE,2012-05-25,269560.00
13984,CE,2012-05-29,271835.00
13985,CE,2012-05-30,269560.00
13986,CE,2012-05-31,270925.00
13987,CE,2012-06-01,268650.00
13988,CE,2012-06-12,267300.00
13989,CE,2012-06-13,265950.00
13990,CE,2012-06-14,267750.00
13991,CE,2014-04-15,266800.00
13992,CE,2014-04-16,271550.00
13993,CE,2014-04-17,269650.00
13994,CE,2014-04-21,272500.00
13995,CE,2014-04-22,272975.00
13996,CE,2014-04-23,271550.00
13997,CE,2014-04-24,273925.00
13998,CE,2014-04-25,272025.00
13999,CE,2014-04-28,273925.00
14000,CE,2014-04-29,273925.00
14001,CE,2014-04-30,274875.00
14002,CE,2014-05-01,276300.00
14003,CE,2014-05-02,275825.00
14004,CE,2014-05-05,278200.00
14005,CE,2014-05-06,278675.00
14006,CE,2014-05-07,278200.00
14007,CE,2014-05-08,278675.00
14008,CE,2014-05-09,279625.00
14009,CE,2014-05-12,282950.00
14010,CE,2014-05-13,288175.00
14011,CE,2014-07-15,288175.00
14012,CE,2014-07-16,287725.00
14013,CE,2014-07-17,284125.00
14014,CE,2014-07-18,291325.00
14015,CE,2014-07-21,289075.00
14016,CE,2014-07-22,290425.00
14017,CE,2014-07-23,292675.00
14018,CE,2014-07-24,295825.00
14019,CE,2014-07-25,291775.00
14020,CE,2014-07-28,294925.00
14021,CE,2014-07-29,292225.00
14022,CE,2014-07-30,298525.00
14023,CE,2014-07-31,293575.00
14024,CE,2014-08-12,293575.00
14025,CE,2014-08-13,293575.00
14026,CE,2014-08-14,294030.00
14027,CE,2014-08-15,297215.00
14028,CE,2014-08-18,296760.00
14029,CE,2014-08-19,296760.00
14030,CE,2014-08-20,296305.00
14031,CE,2014-08-21,297215.00
14032,CE,2014-08-22,299035.00
14033,CE,2014-08-25,297670.00
14034,CE,2014-08-26,297670.00
14035,CE,2014-08-27,299035.00
14036,CE,2014-08-28,299035.00
14037,CE,2014-08-29,299035.00
14038,CE,2014-09-02,297215.00
14039,CE,2014-09-03,300400.00
14040,CE,2014-09-04,299035.00
14041,CE,2014-09-05,298580.00
14042,CE,2014-09-08,300400.00
14043,CE,2014-09-09,302220.00
14044,CE,2014-09-10,301310.00
14045,CE,2014-09-11,301765.00
14046,CE,2014-09-16,300865.00
14047,CE,2014-09-17,303565.00
14048,CE,2014-09-18,302665.00
14049,CE,2014-09-19,304015.00
14050,CE,2014-09-22,303565.00
14051,CE,2014-09-23,301765.00
14052,CE,2014-09-24,303565.00
14053,CE,2014-09-25,302215.00
14054,CE,2014-09-26,302665.00
14055,CE,2014-09-29,304915.00
14056,CE,2014-09-30,305365.00
14057,CE,2014-10-14,303955.00
14058,CE,2014-10-15,304895.00
14059,CE,2014-10-16,304425.00
14060,CE,2014-10-17,304425.00
14061,CE,2014-10-20,305835.00
14062,CE,2014-10-21,307245.00
14063,CE,2014-10-22,305365.00
14064,CE,2014-10-23,307715.00
14065,CE,2014-10-24,307715.00
14066,CE,2014-10-27,306775.00
14067,CE,2014-10-28,305130.00
14068,CE,2014-10-29,304425.00
14069,CE,2014-10-30,305600.00
14070,CE,2014-10-31,303955.00
14071,CE,2014-12-15,303955.00
14072,CE,2014-12-16,303470.00
14073,CE,2014-12-17,305410.00
14074,CE,2014-12-18,307350.00
14075,CE,2014-12-19,306380.00
14076,CE,2014-12-22,306380.00
14077,CE,2014-12-23,307350.00
14078,CE,2014-12-24,309290.00
14079,CE,2014-12-26,306865.00
14080,CE,2014-12-29,306865.00
14081,CE,2014-12-30,307835.00
14082,CE,2014-12-31,305895.00
14083,CE,2015-01-02,309290.00
14084,CE,2015-01-05,307835.00
14085,CE,2015-01-06,308805.00
14086,CE,2015-01-07,312200.00
14087,CE,2015-01-08,312685.00
14088,CE,2015-01-09,310745.00
14089,CE,2015-01-12,310790.00
14090,CE,2015-01-13,307500.00
14091,CE,2015-01-14,308940.00
14092,CE,2015-01-15,307015.00
14093,CE,2015-01-16,312730.00
14094,CE,2015-01-20,318445.00
14095,CE,2015-01-21,322750.00
14096,CE,2015-01-22,323600.00
14097,CE,2015-01-23,321720.00
14098,CE,2015-01-26,321250.00
14099,CE,2015-01-27,319370.00
14100,CE,2015-01-28,319370.00
14101,CE,2015-01-29,317960.00
14102,CE,2015-01-30,321250.00
14103,CE,2015-02-02,319840.00
14104,CE,2015-02-03,320310.00
14105,CE,2015-02-04,322660.00
14106,CE,2015-02-05,320780.00
14107,CE,2015-02-06,320780.00
14108,CE,2015-02-09,325525.00
14109,CE,2015-02-10,327465.00
14110,CE,2015-02-11,328905.00
14111,CE,2015-02-12,330800.00
14112,CE,2015-02-13,332270.00
14113,CE,2015-02-17,332755.00
14114,CE,2015-02-18,333240.00
14115,CE,2015-02-19,332270.00
14116,CE,2015-02-20,333725.00
14117,CE,2015-02-23,332755.00
14118,CE,2015-02-24,334695.00
14119,CE,2015-02-25,332755.00
14120,CE,2015-02-26,336150.00
14121,CE,2015-02-27,332755.00
14122,CE,2015-03-02,335180.00
14123,CE,2015-03-03,335180.00
14124,CE,2015-03-04,336150.00
14125,CE,2015-03-05,335180.00
14126,CE,2015-03-06,339060.00
14127,CE,2015-03-09,340375.00
14128,CE,2015-03-10,343870.00
14129,CE,2015-03-11,341850.00
14130,CE,2015-03-12,339405.00
14131,CE,2015-03-13,338010.00
14132,CE,2015-03-16,339405.00
14133,CE,2015-03-17,338010.00
14134,CE,2015-03-18,338010.00
14135,CE,2015-03-19,338010.00
14136,CE,2015-03-20,337545.00
14137,CE,2015-03-23,338940.00
14138,CE,2015-03-24,339405.00
14139,CE,2015-03-25,340335.00
14140,CE,2015-03-26,342195.00
14141,CE,2015-03-27,342195.00
14142,CE,2015-03-30,340335.00
14143,CE,2015-03-31,340335.00
14144,CE,2015-04-01,339405.00
14145,CE,2015-04-02,341730.00
14146,CE,2015-04-06,340335.00
14147,CE,2015-04-13,339435.00
14148,CE,2015-04-14,342585.00
14149,CE,2015-04-15,341235.00
14150,CE,2015-04-16,339885.00
14151,CE,2015-04-17,340785.00
14152,CE,2015-04-20,341235.00
14153,CE,2015-04-21,342585.00
14154,CE,2015-04-22,341235.00
14155,CE,2015-04-23,343035.00
14156,CE,2015-04-24,343485.00
14157,CE,2015-04-27,347985.00
14158,CE,2015-04-28,345285.00
14159,CE,2015-04-29,343035.00
14160,CE,2015-04-30,343935.00
14161,CE,2015-05-11,343485.00
14162,CE,2015-05-12,343485.00
14163,CE,2015-05-13,345285.00
14164,CE,2015-05-14,344385.00
14165,CE,2015-05-15,344385.00
14166,CE,2015-05-18,344835.00
14167,CE,2015-05-19,346635.00
14168,CE,2015-05-20,346185.00
14169,CE,2015-05-21,347085.00
14170,CE,2015-05-22,347085.00
14171,CE,2015-05-26,348885.00
14172,CE,2015-05-27,348435.00
14173,CE,2015-05-28,348435.00
14174,CE,2015-05-29,348885.00
14175,CE,2015-06-01,346635.00
14176,CE,2015-06-02,348885.00
14177,CE,2015-06-03,345285.00
14178,CE,2015-06-04,347535.00
14179,CE,2015-06-05,347985.00
14180,CE,2015-06-08,347985.00
14181,CE,2015-06-09,349785.00
14182,CE,2015-06-10,345285.00
14183,CE,2015-06-15,344385.00
14184,CE,2015-06-16,341235.00
14185,CE,2015-06-17,342135.00
14186,CE,2015-06-18,343035.00
14187,CE,2015-06-19,345285.00
14188,CE,2015-06-22,346185.00
14189,CE,2015-06-23,346635.00
14190,CE,2015-06-24,345735.00
14191,CE,2015-06-25,345735.00
14192,CE,2015-06-26,345285.00
14193,CE,2015-06-29,342585.00
14194,CE,2015-06-30,344835.00
14195,CE,2015-07-01,347985.00
14196,CE,2015-07-02,347535.00
14197,CE,2015-07-06,344385.00
14198,CE,2015-07-07,346635.00
14199,CE,2015-07-08,347085.00
14200,CE,2015-07-09,349335.00
14201,CE,2015-07-10,351585.00
14202,CE,2015-07-13,357230.00
14203,CE,2015-07-14,361005.00
14204,CE,2015-07-15,360450.00
14205,CE,2015-07-16,362390.00
14206,CE,2015-07-17,368865.00
14207,CE,2015-07-20,369835.00
14208,CE,2015-07-21,371775.00
14209,CE,2015-07-22,371775.00
14210,CE,2015-07-23,370805.00
14211,CE,2015-07-24,372260.00
14212,CE,2015-07-27,374200.00
14213,CE,2015-07-28,377110.00
14214,CE,2015-07-29,380990.00
14215,CE,2015-08-10,380990.00
14216,CE,2015-08-11,381455.00
14217,CE,2015-08-12,381455.00
14218,CE,2015-08-13,383780.00
14219,CE,2015-08-14,384245.00
14220,CE,2015-08-17,383315.00
14221,CE,2015-08-18,383780.00
14222,CE,2015-08-19,384245.00
14223,CE,2015-08-20,385175.00
14224,CE,2015-08-21,380525.00
14225,CE,2015-09-14,380525.00
14226,CE,2015-09-15,381515.00
14227,CE,2015-09-16,382505.00
14228,CE,2015-09-17,383495.00
14229,CE,2015-09-18,385970.00
14230,CE,2015-09-21,384980.00
14231,CE,2015-09-22,383000.00
14232,CE,2015-09-23,386960.00
14233,CE,2015-09-24,383990.00
14234,CE,2015-09-25,384485.00
14235,CE,2015-09-28,378050.00
14236,CE,2015-10-13,372135.00
14237,CE,2015-10-14,378960.00
14238,CE,2015-10-15,378960.00
14239,CE,2015-10-16,378505.00
14240,CE,2015-10-19,379415.00
14241,CE,2015-10-20,379415.00
14242,CE,2015-10-21,378960.00
14243,CE,2015-10-22,379870.00
14244,CE,2015-10-23,380780.00
14245,CE,2015-10-26,382145.00
14246,CE,2015-10-27,383965.00
14247,CE,2015-10-28,381690.00
14248,CE,2015-10-29,385330.00
14249,CE,2015-10-30,384420.00
14250,CE,2015-11-02,382145.00
14251,CE,2015-11-03,380325.00
14252,CE,2015-11-04,382145.00
14253,CE,2015-11-05,380780.00
14254,CE,2015-11-06,381235.00
14255,CE,2015-11-09,381255.00
14256,CE,2015-11-10,384015.00
14257,CE,2015-11-11,390445.00
14258,CE,2015-11-12,384380.00
14259,CE,2015-11-13,384380.00
14260,CE,2015-11-16,387565.00
14261,CE,2015-11-17,386655.00
14262,CE,2015-11-18,388930.00
14263,CE,2015-11-19,392570.00
14264,CE,2015-12-14,393510.00
14265,CE,2015-12-15,395860.00
14266,CE,2015-12-16,395860.00
14267,CE,2015-12-17,397740.00
14268,CE,2015-12-18,396800.00
14269,CE,2015-12-21,398680.00
14270,CE,2015-12-22,398680.00
14271,CE,2015-12-23,398680.00
14272,CE,2015-12-24,397270.00
14273,CE,2015-12-28,398680.00
14274,CE,2015-12-29,398680.00
14275,CE,2015-12-30,399620.00
14276,CE,2015-12-31,399150.00
14277,CE,2016-01-04,400560.00
14278,CE,2016-01-05,402910.00
14279,CE,2016-01-06,404320.00
14280,CE,2016-01-07,392100.00
14281,CE,2016-01-11,393070.00
14282,CE,2016-01-12,396465.00
14283,CE,2016-01-13,392585.00
14284,CE,2016-01-14,394040.00
14285,CE,2016-01-15,386765.00
14286,CE,2016-02-08,391220.00
14287,CE,2016-02-09,388745.00
14288,CE,2016-02-10,383300.00
14289,CE,2016-02-11,384785.00
14290,CE,2016-02-12,384290.00
14291,CE,2016-02-16,390725.00
14292,CE,2016-02-17,392210.00
14293,CE,2016-02-18,394190.00
14294,CE,2016-02-19,394685.00
14295,CE,2016-02-22,397160.00
14296,CE,2016-02-23,397655.00
14297,CE,2016-02-24,396170.00
14298,CE,2016-02-25,397655.00
14299,CE,2016-02-26,396170.00
14300,CE,2016-02-29,396665.00
14301,CE,2016-03-01,394685.00
14302,CE,2016-03-02,393695.00
14303,CE,2016-03-03,393942.50
14304,CE,2016-03-14,397162.50
14305,CE,2016-03-15,396242.50
14306,CE,2016-03-16,399002.50
14307,CE,2016-03-17,400382.50
14308,CE,2016-03-18,399922.50
14309,CE,2016-03-21,400382.50
14310,CE,2016-03-22,402222.50
14311,CE,2016-03-23,400842.50
14312,CE,2016-03-24,402222.50
14313,CE,2016-03-28,405902.50
14314,CE,2016-03-29,403142.50
14315,CE,2016-03-30,402222.50
14316,CE,2016-03-31,402682.50
14317,CE,2016-04-01,402682.50
14318,CE,2016-04-04,403602.50
14319,CE,2016-04-05,405442.50
14320,CE,2016-04-06,404062.50
14321,CE,2016-04-07,404522.50
14322,CE,2016-04-08,405902.50
14323,CE,2016-04-11,407262.50
14324,CE,2016-04-12,406802.50
14325,CE,2016-04-13,401302.50
14326,CE,2016-04-14,400852.50
14327,CE,2016-04-15,401302.50
14328,CE,2016-04-18,400852.50
14329,CE,2016-04-19,401752.50
14330,CE,2016-04-20,401302.50
14331,CE,2016-04-21,402652.50
14332,CE,2016-04-22,400852.50
14333,CE,2016-04-25,402202.50
14334,CE,2016-04-26,401302.50
14335,CE,2016-04-27,400852.50
14336,CE,2016-04-28,402202.50
14337,CE,2016-04-29,403102.50
14338,CE,2016-05-02,403552.50
14339,CE,2016-05-03,404902.50
14340,CE,2016-05-04,406702.50
14341,CE,2016-05-05,408502.50
14342,CE,2016-05-06,409402.50
14343,CE,2016-05-09,411232.50
14344,CE,2016-05-10,409432.50
14345,CE,2016-05-11,408972.50
14346,CE,2016-05-12,409892.50
14347,CE,2016-05-13,409892.50
14348,CE,2016-05-16,412652.50
14349,CE,2016-05-17,411272.50
14350,CE,2016-05-18,411272.50
14351,CE,2016-05-19,409432.50
14352,CE,2016-05-20,412192.50
14353,CE,2016-05-23,414032.50
14354,CE,2016-05-24,413572.50
14355,CE,2016-05-25,414032.50
14356,CE,2016-05-26,414492.50
14357,CE,2016-05-27,413112.50
14358,CE,2016-05-31,411732.50
14359,CE,2016-06-01,411272.50
14360,CE,2016-06-02,409892.50
14361,CE,2016-06-03,410812.50
14362,CE,2016-06-06,408742.50
14363,CE,2016-06-13,405062.50
14364,CE,2016-06-14,404602.50
14365,CE,2016-06-15,407362.50
14366,CE,2016-06-16,406902.50
14367,CE,2016-06-17,407822.50
14368,CE,2016-06-20,409202.50
14369,CE,2016-06-21,410582.50
14370,CE,2016-06-22,409202.50
14371,CE,2016-06-23,410122.50
14372,CE,2016-06-24,409202.50
14373,CE,2016-06-27,402762.50
14374,CE,2016-07-11,404542.50
14375,CE,2016-07-12,403652.50
14376,CE,2016-07-13,404097.50
14377,CE,2016-07-14,404542.50
14378,CE,2016-07-15,403652.50
14379,CE,2016-07-18,403207.50
14380,CE,2016-07-19,404097.50
14381,CE,2016-07-20,403652.50
14382,CE,2016-07-21,403652.50
14383,CE,2016-07-22,403652.50
14384,CE,2016-07-25,404097.50
14385,CE,2016-07-26,402762.50
14386,CE,2016-07-27,401872.50
14387,CE,2016-07-28,402762.50
14388,CE,2016-07-29,403207.50
14389,CE,2016-08-01,403652.50
14390,CE,2016-08-02,406322.50
14391,CE,2016-08-03,404987.50
14392,CE,2016-08-04,405432.50
14393,CE,2016-08-05,401872.50
14394,CE,2016-08-08,402762.50
14395,CE,2016-09-12,403702.50
14396,CE,2016-09-13,406522.50
14397,CE,2016-09-14,400412.50
14398,CE,2016-09-15,403232.50
14399,CE,2016-09-16,403702.50
14400,CE,2016-09-19,405112.50
14401,CE,2016-09-20,403702.50
14402,CE,2016-09-21,406522.50
14403,CE,2016-09-22,404642.50
14404,CE,2016-09-23,405582.50
14405,CE,2016-09-26,406522.50
14406,CE,2016-09-27,407462.50
14407,CE,2016-09-28,406992.50
14408,CE,2016-09-29,406992.50
14409,CE,2016-09-30,406992.50
14410,CE,2016-10-03,407462.50
14411,CE,2016-10-04,408872.50
14412,CE,2016-10-05,406522.50
14413,CE,2016-10-06,408402.50
14414,CE,2016-10-07,408872.50
14415,CE,2016-10-10,409337.50
14416,CE,2016-10-11,407942.50
14417,CE,2016-10-12,408872.50
14418,CE,2016-10-13,409337.50
14419,CE,2016-10-14,409337.50
14420,CE,2016-10-17,407942.50
14421,CE,2016-10-18,409802.50
14422,CE,2016-10-19,412592.50
14423,CE,2016-10-20,413987.50
14424,CE,2016-10-21,413057.50
14425,CE,2016-10-24,416312.50
14426,CE,2016-10-25,418637.50
14427,CE,2016-10-26,416312.50
14428,CE,2016-10-27,414917.50
14429,CE,2016-11-14,409857.50
14430,CE,2016-11-15,414917.50
14431,CE,2016-11-16,413537.50
14432,CE,2016-11-17,413077.50
14433,CE,2016-11-18,415377.50
14434,CE,2016-11-21,415377.50
14435,CE,2016-11-22,413537.50
14436,CE,2016-11-23,413537.50
14437,CE,2016-11-25,413077.50
14438,CE,2016-11-28,414917.50
14439,CE,2016-11-29,413077.50
14440,CE,2016-11-30,414917.50
14441,CE,2016-12-01,417217.50
14442,CE,2016-12-02,416757.50
14443,CE,2016-12-05,415837.50
14444,CE,2016-12-06,414917.50
14445,CE,2016-12-07,412617.50
14446,CE,2016-12-08,413997.50
14447,CE,2016-12-12,410277.50
14448,CE,2016-12-13,408417.50
14449,CE,2016-12-14,411672.50
14450,CE,2016-12-15,410277.50
14451,CE,2016-12-16,413997.50
14452,CE,2016-12-19,415857.50
14453,CE,2016-12-20,416787.50
14454,CE,2016-12-21,417252.50
14455,CE,2016-12-22,415857.50
14456,CE,2016-12-23,418182.50
14457,CE,2016-12-27,419577.50
14458,CE,2016-12-28,418647.50
14459,CE,2016-12-29,416787.50
14460,CE,2016-12-30,417717.50
14461,CE,2017-01-03,422367.50
14462,CE,2017-01-04,423762.50
14463,CE,2017-01-05,426087.50
14464,CE,2017-01-06,429342.50
14465,CE,2017-01-09,429807.50
14466,CE,2017-01-10,435852.50
14467,CE,2017-01-11,435852.50
14468,CE,2017-01-12,437247.50
14469,CE,2017-01-13,439107.50
14470,CE,2017-01-17,439107.50
14471,CE,2017-01-18,441897.50
14472,CE,2017-01-19,441432.50
14473,CE,2017-01-20,445152.50
14474,CE,2017-01-23,445152.50
14475,CE,2017-01-24,446082.50
14476,CE,2017-01-25,447477.50
14477,CE,2017-01-26,447477.50
14478,CE,2017-01-27,448407.50
14479,CE,2017-01-30,446547.50
14480,CE,2017-01-31,445152.50
14481,CE,2017-02-01,448407.50
14482,CE,2017-02-02,446547.50
14483,CE,2017-02-03,447477.50
14484,CE,2017-02-06,449337.50
14485,CE,2017-02-07,448407.50
14486,CE,2017-02-08,448872.50
14487,CE,2017-02-09,450267.50
14488,CE,2017-02-10,447477.50
14489,CE,2017-02-13,451592.50
14490,CE,2017-02-14,452037.50
14491,CE,2017-02-15,450167.50
14492,CE,2017-02-16,450167.50
14493,CE,2017-02-17,451077.50
14494,CE,2017-02-21,451532.50
14495,CE,2017-02-22,452442.50
14496,CE,2017-02-23,452442.50
14497,CE,2017-02-24,451532.50
14498,CE,2017-02-27,452897.50
14499,CE,2017-02-28,452442.50
14500,CE,2017-03-01,451077.50
14501,CE,2017-03-02,454262.50
14502,CE,2017-03-03,456082.50
14503,CE,2017-03-06,457902.50
14504,CE,2017-03-07,460177.50
14505,CE,2017-03-08,459722.50
14506,CE,2017-03-09,461087.50
14507,CE,2017-03-10,463817.50
14508,CE,2017-03-13,467912.50
14509,CE,2017-08-14,470702.50
14510,CE,2017-08-15,473492.50
14511,CE,2017-08-16,473027.50
14512,CE,2017-08-17,472562.50
14513,CE,2017-08-18,473957.50
14514,CE,2017-08-21,472097.50
14515,CE,2017-08-22,474422.50
14516,CE,2017-08-23,474422.50
14517,CE,2017-08-24,475817.50
14518,CE,2017-08-25,474887.50
14519,CE,2017-08-28,475352.50
14520,CE,2017-08-29,475817.50
14521,CE,2017-08-30,476747.50
14522,CE,2017-08-31,471632.50
14523,CE,2017-09-01,471167.50
14524,CE,2017-09-05,473492.50
14525,CE,2017-09-06,472097.50
14526,CE,2017-09-07,473492.50
14527,CE,2017-09-08,473957.50
14528,CE,2017-09-11,470682.50
14529,CE,2017-09-12,470237.50
14530,CE,2017-09-13,470237.50
14531,CE,2017-09-14,472907.50
14532,CE,2017-09-15,471572.50
14533,CE,2017-09-18,468012.50
14534,CE,2017-09-19,471572.50
14535,CE,2017-09-20,471572.50
14536,CE,2017-09-21,470237.50
14537,CE,2017-09-22,469347.50
14538,CE,2017-09-25,468012.50
14539,CE,2017-09-26,466677.50
14540,CE,2017-09-27,465342.50
14541,CE,2017-09-28,464452.50
14542,CE,2017-09-29,465342.50
14543,CE,2017-10-02,465342.50
14544,CE,2018-02-12,466872.50
14545,CE,2018-02-13,474522.50
14546,CE,2018-02-14,472482.50
14547,CE,2018-02-15,469932.50
14548,CE,2018-02-16,471972.50
14549,CE,2018-02-20,471462.50
14550,CE,2018-02-21,471462.50
14551,CE,2018-02-22,472992.50
14552,CE,2018-02-23,472992.50
14553,CE,2018-02-26,472482.50
14554,CE,2018-02-27,473502.50
14555,CE,2018-02-28,472992.50
14556,CE,2018-03-01,474522.50
14557,CE,2018-03-02,472482.50
14558,CE,2018-03-05,472992.50
14559,CE,2018-03-06,471972.50
14560,CE,2018-03-07,471972.50
14561,CE,2018-03-08,471462.50
14562,CE,2018-03-09,469422.50
14563,CE,2018-03-12,478182.50
14564,CE,2018-03-13,474927.50
14565,CE,2018-03-14,469812.50
14566,CE,2018-03-15,473067.50
14567,CE,2018-03-16,476322.50
14568,CE,2018-03-19,473067.50
14569,CE,2018-03-20,475392.50
14570,CE,2018-03-21,476787.50
14571,CE,2018-03-22,475392.50
14572,CE,2018-04-09,475392.50
14573,CE,2018-04-10,476352.50
14574,CE,2018-04-11,475392.50
14575,CE,2018-04-12,477312.50
14576,CE,2018-04-13,477312.50
14577,CE,2018-04-16,479232.50
14578,CE,2018-04-17,477792.50
14579,CE,2018-04-18,477312.50
14580,CE,2018-04-19,477792.50
14581,CE,2018-04-20,478272.50
14582,CE,2018-04-23,479232.50
14583,CE,2018-04-24,478752.50
14584,CE,2018-04-25,480672.50
14585,CE,2018-04-26,479232.50
14586,CE,2018-04-27,481152.50
14587,CE,2018-04-30,483072.50
14588,CE,2018-05-01,483072.50
14589,CE,2018-05-02,482592.50
14590,CE,2018-05-03,484992.50
14591,CE,2018-05-04,481632.50
14592,CE,2018-05-07,479232.50
14593,CE,2018-07-16,478777.50
14594,CE,2018-07-17,479687.50
14595,CE,2018-07-18,481507.50
14596,CE,2018-07-19,480597.50
14597,CE,2018-07-20,480597.50
14598,CE,2018-07-23,482872.50
14599,CE,2018-07-24,482872.50
14600,CE,2018-07-25,484692.50
14601,CE,2018-07-26,483327.50
14602,CE,2018-07-27,484237.50
14603,CE,2018-07-30,483782.50
14604,CE,2018-07-31,485147.50
14605,CE,2018-08-01,487877.50
14606,CE,2018-08-02,487422.50
14607,CE,2018-08-03,490152.50
14608,CE,2018-08-06,491517.50
14609,CE,2018-08-07,492882.50
14610,CE,2018-08-08,494247.50
14611,CE,2018-08-09,493792.50
14612,CE,2018-08-10,495157.50
14613,CE,2018-08-13,496522.50
14614,CE,2018-08-14,493337.50
14615,CE,2018-08-15,496977.50
14616,CE,2018-08-16,493792.50
14617,CE,2018-08-17,494247.50
14618,CE,2018-09-10,494247.50
14619,CE,2018-09-11,495167.50
14620,CE,2018-09-12,496087.50
14621,CE,2018-09-13,497007.50
14622,CE,2018-09-14,497467.50
14623,CE,2018-09-17,498387.50
14624,CE,2018-09-18,498847.50
14625,CE,2018-09-19,501147.50
14626,CE,2018-09-20,499767.50
14627,CE,2018-09-21,501147.50
14628,CE,2018-09-24,503907.50
14629,CE,2018-09-25,502987.50
14630,CE,2018-09-26,504367.50
14631,CE,2018-09-27,508507.50
14632,CE,2018-09-28,506207.50
14633,CE,2018-10-01,507587.50
14634,CE,2018-10-02,505747.50
14635,CE,2018-10-15,508837.50
14636,CE,2018-10-16,511927.50
14637,CE,2018-10-17,511412.50
14638,CE,2018-10-18,508837.50
14639,CE,2018-10-19,506777.50
14640,CE,2018-10-22,507807.50
14641,CE,2018-10-23,505232.50
14642,CE,2018-10-24,496477.50
14643,CE,2018-11-12,493952.50
14644,CE,2018-11-13,493447.50
14645,CE,2018-11-14,492437.50
14646,CE,2018-12-10,491357.50
14647,CE,2018-12-11,494057.50
14648,CE,2018-12-12,496217.50
14649,CE,2018-12-13,494597.50
14650,CE,2018-12-14,487577.50
14651,CE,2019-01-07,488097.50
14652,CE,2019-01-08,491217.50
14653,CE,2019-01-09,491737.50
14654,CE,2019-01-10,492257.50
14655,CE,2019-01-11,492257.50
14656,CE,2019-01-14,494857.50
14657,CE,2019-01-15,496937.50
14658,CE,2019-01-16,495377.50
14659,CE,2019-01-17,496417.50
14660,CE,2019-01-18,496937.50
14661,CE,2019-01-22,495377.50
14662,CE,2019-01-23,496937.50
14663,CE,2019-01-24,495897.50
14664,CE,2019-01-25,494857.50
14665,CE,2019-01-28,495377.50
14666,CE,2019-01-29,497457.50
14667,CE,2019-01-30,496937.50
14668,CE,2019-01-31,495897.50
14669,CE,2019-03-11,497857.50
14670,CE,2019-03-12,497857.50
14671,CE,2019-03-13,500307.50
14672,CE,2019-03-14,500797.50
14673,CE,2019-03-15,499817.50
14674,CE,2019-03-18,500797.50
14675,CE,2019-03-19,500307.50
14676,CE,2019-03-20,502267.50
14677,CE,2019-03-21,501777.50
14678,CE,2019-03-22,498837.50
14679,CE,2019-03-25,497857.50
14680,CE,2019-03-26,499817.50
14681,CE,2019-03-27,501777.50
14682,CE,2019-03-28,502757.50
14683,CE,2019-03-29,502267.50
14684,CE,2019-04-01,503737.50
14685,CE,2019-04-02,503737.50
14686,CE,2019-04-03,503247.50
14687,CE,2019-04-04,503737.50
14688,CE,2019-04-05,501777.50
14689,CE,2019-04-08,502267.50
14690,CE,2019-04-15,502267.50
14691,CE,2019-04-16,503662.50
14692,CE,2019-04-17,502267.50
14693,CE,2019-04-18,504127.50
14694,CE,2019-04-22,503662.50
14695,CE,2019-04-23,505987.50
14696,CE,2019-04-24,506917.50
14697,CE,2019-04-25,506452.50
14698,CE,2019-04-26,506917.50
14699,CE,2019-04-29,507382.50
14700,CE,2019-04-30,506917.50
14701,CE,2019-05-01,508777.50
14702,CE,2019-05-02,506917.50
14703,CE,2019-05-03,505987.50
14704,CE,2019-05-06,503662.50
14705,CE,2019-05-07,499942.50
14706,CE,2019-05-08,499942.50
14707,CE,2019-05-09,499012.50
14708,CE,2019-05-10,504127.50
14709,CE,2019-05-13,487492.50
14710,CE,2019-06-10,486022.50
14711,CE,2019-06-11,487002.50
14712,CE,2019-06-12,486512.50
14713,CE,2019-06-13,487492.50
14714,CE,2019-06-14,487492.50
14715,CE,2019-06-17,488962.50
14716,CE,2019-06-18,489452.50
14717,CE,2019-06-19,490432.50
14718,CE,2019-06-20,491412.50
14719,CE,2019-06-21,491412.50
14720,CE,2019-06-24,492392.50
14721,CE,2019-06-25,491902.50
14722,CE,2019-06-26,491412.50
14723,CE,2019-06-27,491902.50
14724,CE,2019-06-28,491412.50
14725,CE,2019-07-01,492882.50
14726,CE,2019-07-02,493862.50
14727,CE,2019-07-03,492392.50
14728,CE,2019-07-05,492882.50
14729,CE,2019-07-08,494842.50
14730,CE,2019-07-15,495762.50
14731,CE,2019-07-16,496682.50
14732,CE,2019-07-17,496222.50
14733,CE,2019-07-18,495762.50
14734,CE,2019-07-19,498522.50
14735,CE,2019-07-22,497602.50
14736,CE,2019-07-23,497142.50
14737,CE,2019-07-24,498982.50
14738,CE,2019-07-25,500362.50
14739,CE,2019-07-26,498982.50
14740,CE,2019-07-29,499442.50
14741,CE,2019-07-30,496222.50
14742,CE,2019-07-31,496682.50
14743,CE,2019-08-01,492542.50
14744,CE,2019-08-02,488402.50
14745,CE,2019-08-05,477362.50
14746,CE,2019-08-12,470862.50
14747,CE,2019-08-13,474362.50
14748,CE,2019-08-14,470362.50
14749,CE,2019-09-09,469372.50
14750,CE,2019-09-10,470857.50
14751,CE,2019-09-11,471847.50
14752,CE,2019-09-12,470857.50
14753,CE,2019-09-13,471847.50
14754,CE,2019-09-16,471847.50
14755,CE,2019-09-17,471847.50
14756,CE,2019-09-18,471352.50
14757,CE,2019-09-19,473332.50
14758,CE,2019-09-20,472342.50
14759,CE,2019-09-23,472342.50
14760,CE,2019-09-24,471352.50
14761,CE,2019-09-25,473827.50
14762,CE,2019-09-26,472837.50
14763,CE,2019-09-27,471847.50
14764,CE,2019-09-30,474322.50
14765,CE,2019-10-01,474322.50
14766,CE,2019-10-02,469372.50
14767,CE,2019-10-03,469867.50
14768,CE,2019-10-04,475312.50
14769,CE,2019-10-07,475807.50
14770,CE,2019-10-08,475312.50
14771,CE,2019-10-09,472837.50
14772,CE,2019-10-10,476302.50
14773,CE,2019-10-11,480262.50
14774,CE,2019-10-14,478847.50
14775,CE,2019-10-15,485212.50
14776,CE,2019-10-16,484232.50
14777,CE,2019-10-17,484202.50
14778,CE,2019-10-18,484202.50
14779,CE,2019-10-21,485657.50
14780,CE,2019-10-22,485657.50
14781,CE,2019-10-23,485172.50
14782,CE,2019-10-24,486142.50
14783,CE,2019-10-25,487112.50
14784,CE,2019-10-28,486142.50
14785,CE,2019-10-29,485657.50
14786,CE,2019-10-30,486627.50
14787,CE,2019-10-31,488567.50
14788,CE,2019-11-01,486627.50
14789,CE,2019-11-04,485657.50
14790,CE,2019-11-05,485657.50
14791,CE,2019-11-06,487112.50
14792,CE,2019-11-07,486627.50
14793,CE,2019-11-08,486142.50
14794,CE,2019-11-11,486607.50
14795,CE,2019-11-12,487072.50
14796,CE,2019-11-13,486142.50
14797,CE,2019-11-14,486142.50
14798,CE,2019-11-15,489397.50
14799,CE,2019-11-18,489397.50
14800,CE,2019-11-19,488932.50
14801,CE,2019-11-20,487537.50
14802,CE,2019-11-21,489397.50
14803,CE,2019-11-22,491257.50
14804,CE,2019-11-25,490327.50
14805,CE,2019-11-26,490792.50
14806,CE,2019-11-27,489397.50
14807,CE,2019-11-29,489862.50
14808,CE,2019-12-02,489397.50
14809,CE,2019-12-03,486607.50
14810,CE,2019-12-04,488002.50
14811,CE,2019-12-05,489862.50
14812,CE,2019-12-06,489862.50
14813,CE,2019-12-09,489397.50
14814,CE,2019-12-16,490327.50
14815,CE,2019-12-17,492187.50
14816,CE,2019-12-18,490792.50
14817,CE,2019-12-19,489397.50
14818,CE,2019-12-20,490327.50
14819,CE,2019-12-23,489397.50
14820,CE,2019-12-24,488467.50
14821,CE,2019-12-26,488467.50
14822,CE,2019-12-27,489862.50
14823,CE,2019-12-30,489862.50
14824,CE,2019-12-31,489397.50
14825,CE,2020-01-02,492652.50
14826,CE,2020-01-03,490792.50
14827,CE,2020-01-06,490792.50
14828,CE,2020-01-07,493117.50
14829,CE,2020-01-08,493117.50
14830,CE,2020-01-09,494977.50
14831,CE,2020-01-10,496837.50
14832,CE,2020-01-13,497302.50
14833,CE,2020-01-14,496837.50
14834,CE,2020-01-15,495907.50
14835,CE,2020-01-16,494977.50
14836,CE,2020-01-17,494512.50
14837,CE,2020-01-21,496837.50
14838,CE,2020-01-22,495907.50
14839,CE,2020-01-23,496372.50
14840,CE,2020-01-24,495442.50
14841,CE,2020-01-27,493117.50
14842,CE,2020-01-28,494977.50
14843,CE,2020-01-29,495907.50
14844,CE,2020-01-30,496837.50
14845,CE,2020-01-31,487072.50
14846,CE,2020-02-10,487542.50
14847,CE,2020-02-11,488012.50
14848,CE,2020-02-12,488952.50
14849,CE,2020-02-13,488012.50
14850,CE,2020-02-14,488482.50
14851,CE,2020-02-18,488012.50
14852,CE,2020-02-19,488952.50
14853,CE,2020-02-20,488482.50
14854,CE,2020-02-21,488952.50
14855,CE,2020-02-24,479552.50
14856,CE,2020-02-25,469212.50
14857,CE,2020-03-09,446982.50
14858,CE,2020-04-14,446982.50
14859,CE,2020-04-15,439117.50
14860,CE,2020-04-16,436697.50
14861,CE,2020-04-17,443957.50
14862,CE,2020-04-20,439117.50
14863,CE,2020-04-21,442142.50
14864,CE,2020-04-22,448192.50
14865,CE,2020-04-23,446377.50
14866,CE,2020-04-24,451217.50
14867,CE,2020-04-27,457872.50
14868,CE,2020-04-28,458477.50
14869,CE,2020-04-29,463922.50
14870,CE,2020-04-30,459082.50
14871,CE,2020-05-01,451217.50
14872,CE,2020-05-04,454847.50
14873,CE,2020-05-05,455452.50
14874,CE,2020-05-06,453637.50
14875,CE,2020-05-07,456057.50
14876,CE,2020-05-08,460292.50
14877,CE,2020-05-11,462107.50
14878,CE,2020-05-12,457267.50
14879,CE,2020-06-15,464197.50
14880,CE,2020-06-16,462307.50
14881,CE,2020-07-13,461117.50
14882,CE,2020-07-14,462902.50
14883,CE,2020-07-15,468257.50
14884,CE,2020-07-16,467067.50
14885,CE,2020-07-17,468257.50
14886,CE,2020-07-20,470042.50
14887,CE,2020-07-21,471827.50
14888,CE,2020-07-22,473612.50
14889,CE,2020-07-23,473017.50
14890,CE,2020-07-24,472422.50
14891,CE,2020-07-27,474207.50
14892,CE,2020-07-28,474207.50
14893,CE,2020-07-29,476587.50
14894,CE,2020-07-30,476587.50
14895,CE,2020-07-31,473017.50
14896,CE,2020-08-03,476587.50
14897,CE,2020-08-04,479562.50
14898,CE,2020-08-05,481347.50
14899,CE,2020-08-06,481347.50
14900,CE,2020-08-07,481347.50
14901,CE,2020-08-10,483012.50
14902,CE,2020-08-11,482447.50
14903,CE,2020-08-12,483577.50
14904,CE,2020-08-13,484142.50
14905,CE,2020-08-14,483012.50
14906,CE,2020-08-17,487532.50
14907,CE,2020-08-18,485272.50
14908,CE,2020-08-19,484142.50
14909,CE,2020-08-20,485837.50
14910,CE,2020-08-21,485837.50
14911,CE,2020-08-24,486967.50
14912,CE,2020-08-25,488662.50
14913,CE,2020-08-26,487532.50
14914,CE,2020-08-27,488097.50
14915,CE,2020-08-28,489227.50
14916,CE,2020-08-31,488662.50
14917,CE,2020-09-01,488662.50
14918,CE,2020-09-02,488097.50
14919,CE,2020-09-03,479622.50
14920,CE,2020-09-04,480752.50
14921,CE,2020-09-08,477927.50
14922,CE,2020-09-14,483276.55
14923,CE,2020-09-15,482681.55
14924,CE,2020-09-16,484472.50
14925,CE,2020-09-17,483877.50
14926,CE,2020-09-18,483282.50
14927,CE,2020-09-21,474952.50
14928,CE,2020-09-22,476142.50
14929,CE,2020-09-23,469597.50
14930,CE,2020-10-12,472522.50
14931,CE,2020-10-13,470182.50
14932,CE,2020-10-14,470767.50
14933,CE,2020-10-15,472522.50
14934,CE,2020-10-16,472522.50
14935,CE,2020-10-19,469012.50
14936,CE,2020-10-20,470182.50
14937,CE,2020-10-21,470182.50
14938,CE,2020-10-22,469597.50
14939,CE,2020-10-23,473692.50
14940,CE,2020-10-26,463162.50
14941,CE,2020-10-27,465502.50
14942,CE,2020-11-09,470102.50
14943,CE,2020-11-10,474127.50
14944,CE,2020-11-11,471827.50
14945,CE,2020-11-12,470677.50
14946,CE,2020-11-13,473552.50
14947,CE,2020-11-16,475277.50
14948,CE,2020-11-17,474702.50
14949,CE,2020-11-18,474702.50
14950,CE,2020-11-19,476427.50
14951,CE,2020-11-20,475852.50
14952,CE,2020-11-23,477002.50
14953,CE,2020-11-24,479302.50
14954,CE,2020-11-25,477577.50
14955,CE,2020-11-27,478152.50
14956,CE,2020-11-30,476427.50
14957,CE,2020-12-01,479302.50
14958,CE,2020-12-02,478152.50
14959,CE,2020-12-03,480452.50
14960,CE,2020-12-04,481027.50
14961,CE,2020-12-07,479877.50
14962,CE,2020-12-14,480467.50
14963,CE,2020-12-15,484597.50
14964,CE,2020-12-16,485187.50
14965,CE,2020-12-17,486957.50
14966,CE,2020-12-18,485187.50
14967,CE,2020-12-21,484007.50
14968,CE,2020-12-22,486367.50
14969,CE,2020-12-23,488137.50
14970,CE,2020-12-24,486957.50
14971,CE,2020-12-28,489317.50
14972,CE,2020-12-29,485187.50
14973,CE,2020-12-30,485777.50
14974,CE,2020-12-31,485777.50
14975,CE,2021-01-04,483417.50
14976,CE,2021-01-05,487547.50
14977,CE,2021-01-06,493447.50
14978,CE,2021-01-07,494037.50
14979,CE,2021-01-08,492857.50
14980,CE,2021-01-11,493497.50
14981,C,2007-08-14,94995.00
14982,C,2007-08-15,96360.00
14983,C,2007-08-16,96360.00
14984,C,2007-08-17,94995.00
14985,C,2007-08-20,97725.00
14986,C,2007-08-21,98635.00
14987,C,2007-08-22,98180.00
14988,C,2007-08-23,99090.00
14989,C,2007-08-24,100000.00
14990,C,2007-08-27,101365.00
14991,C,2007-08-28,97270.00
14992,C,2007-08-29,100910.00
14993,C,2007-08-30,99545.00
14994,C,2007-08-31,99090.00
14995,C,2007-09-04,100000.00
14996,C,2007-09-05,98635.00
14997,C,2007-09-06,98180.00
14998,C,2007-09-07,97725.00
14999,C,2007-09-10,99545.00
15000,C,2007-09-11,101900.00
15001,C,2007-09-12,104295.00
15002,C,2007-09-13,103305.00
15003,C,2007-09-14,106155.00
15004,C,2007-09-17,108390.00
15005,C,2007-09-18,111400.00
15006,C,2007-09-19,108135.00
15007,C,2007-09-20,110115.00
15008,C,2007-09-21,111105.00
15009,C,2007-09-24,112095.00
15010,C,2007-09-25,114075.00
15011,C,2007-09-26,113580.00
15012,C,2007-09-27,113580.00
15013,C,2007-09-28,113580.00
15014,C,2007-10-01,111600.00
15015,C,2007-10-02,110115.00
15016,C,2007-10-03,111600.00
15017,C,2007-10-04,110610.00
15018,C,2007-10-05,108135.00
15019,C,2007-10-08,110115.00
15020,C,2007-10-09,110115.00
15021,C,2007-10-16,109670.00
15022,C,2007-10-17,110560.00
15023,C,2007-10-18,111005.00
15024,C,2007-10-19,107000.00
15025,C,2007-10-22,109225.00
15026,C,2007-10-23,110560.00
15027,C,2007-10-24,111895.00
15028,C,2007-10-25,112340.00
15029,C,2007-10-26,112785.00
15030,C,2007-10-29,113675.00
15031,C,2007-10-30,111450.00
15032,C,2007-10-31,112785.00
15033,C,2007-11-01,111895.00
15034,C,2007-11-02,109670.00
15035,C,2007-11-05,113230.00
15036,C,2007-11-06,117680.00
15037,C,2007-11-07,111450.00
15038,C,2007-11-13,113800.00
15039,C,2007-11-14,110510.00
15040,C,2007-11-15,109570.00
15041,C,2007-11-16,110040.00
15042,C,2007-11-19,109570.00
15043,C,2007-11-20,108630.00
15044,C,2007-11-21,111450.00
15045,C,2007-11-23,110980.00
15046,C,2007-11-26,110980.00
15047,C,2007-11-27,114270.00
15048,C,2007-11-28,117090.00
15049,C,2007-11-29,117560.00
15050,C,2007-11-30,118030.00
15051,C,2007-12-03,118500.00
15052,C,2007-12-04,120380.00
15053,C,2007-12-05,122260.00
15054,C,2007-12-06,121320.00
15055,C,2007-12-07,123200.00
15056,C,2007-12-10,123670.00
15057,C,2007-12-11,119640.00
15058,C,2007-12-12,120580.00
15059,C,2007-12-13,121990.00
15060,C,2007-12-14,122030.00
15061,C,2007-12-17,122560.00
15062,C,2008-01-15,122110.00
15063,C,2008-01-16,123010.00
15064,C,2008-01-17,121660.00
15065,C,2008-01-18,122110.00
15066,C,2008-01-22,123910.00
15067,C,2008-01-23,128860.00
15068,C,2008-01-24,125710.00
15069,C,2008-01-25,124810.00
15070,C,2008-01-28,124810.00
15071,C,2008-01-29,125260.00
15072,C,2008-01-30,127060.00
15073,C,2008-01-31,126160.00
15074,C,2008-02-01,127060.00
15075,C,2008-02-04,126610.00
15076,C,2008-02-05,124810.00
15077,C,2008-02-06,124810.00
15078,C,2008-02-07,127060.00
15079,C,2008-02-08,128860.00
15080,C,2008-02-11,131560.00
15081,C,2008-02-12,133405.00
15082,C,2008-02-13,134365.00
15083,C,2008-02-14,137500.00
15084,C,2008-02-15,139780.00
15085,C,2008-02-19,143380.00
15086,C,2008-02-20,145240.00
15087,C,2008-02-21,144775.00
15088,C,2008-02-22,146170.00
15089,C,2008-02-25,148960.00
15090,C,2008-02-26,148495.00
15091,C,2008-02-27,148495.00
15092,C,2008-02-28,148495.00
15093,C,2008-02-29,146170.00
15094,C,2008-03-03,148030.00
15095,C,2008-03-04,150820.00
15096,C,2008-03-05,153610.00
15097,C,2008-03-06,150820.00
15098,C,2008-03-07,152215.00
15099,C,2008-03-10,146170.00
15100,C,2008-03-11,146170.00
15101,C,2008-03-12,145720.00
15102,C,2008-03-13,146620.00
15103,C,2008-03-14,145720.00
15104,C,2008-03-17,144370.00
15105,C,2008-03-18,143470.00
15106,C,2008-03-19,146170.00
15107,C,2008-03-20,147070.00
15108,C,2008-03-24,145720.00
15109,C,2008-03-25,144820.00
15110,C,2008-03-26,148870.00
15111,C,2008-03-27,148420.00
15112,C,2008-03-28,150670.00
15113,C,2008-03-31,149770.00
15114,C,2008-04-01,149770.00
15115,C,2008-04-02,149095.00
15116,C,2008-04-03,148645.00
15117,C,2008-04-04,149995.00
15118,C,2008-04-07,147295.00
15119,C,2008-04-08,149320.00
15120,C,2008-07-15,149770.00
15121,C,2008-07-16,150670.00
15122,C,2008-07-17,150670.00
15123,C,2008-07-18,151120.00
15124,C,2008-07-21,152470.00
15125,C,2008-07-22,151570.00
15126,C,2008-07-23,150670.00
15127,C,2008-07-24,153370.00
15128,C,2008-07-25,152470.00
15129,C,2008-07-28,154270.00
15130,C,2008-07-29,154495.00
15131,C,2008-07-30,154270.00
15132,C,2008-07-31,154045.00
15133,C,2008-08-01,153820.00
15134,C,2008-08-04,157870.00
15135,C,2008-08-05,153370.00
15136,C,2008-08-06,152695.00
15137,C,2008-08-07,155620.00
15138,C,2008-08-08,150670.00
15139,C,2008-08-11,147970.00
15140,C,2008-08-12,150220.00
15141,C,2008-09-16,151140.00
15142,C,2008-09-17,147460.00
15143,C,2008-09-18,150680.00
15144,C,2008-09-19,147460.00
15145,C,2008-09-22,148380.00
15146,C,2008-09-23,148840.00
15147,C,2008-09-24,148380.00
15148,C,2008-09-25,150220.00
15149,C,2008-09-26,148840.00
15150,C,2008-09-29,141480.00
15151,C,2008-09-30,148840.00
15152,C,2008-10-01,146080.00
15153,C,2008-10-02,136420.00
15154,C,2008-10-14,134860.00
15155,C,2008-10-15,126540.00
15156,C,2008-11-11,126540.00
15157,C,2008-11-12,125055.00
15158,C,2008-11-13,126045.00
15159,C,2008-11-14,122580.00
15160,C,2008-11-17,126540.00
15161,C,2008-11-18,116145.00
15162,C,2008-12-16,119680.00
15163,C,2008-12-17,121700.00
15164,C,2008-12-18,124730.00
15165,C,2008-12-19,125740.00
15166,C,2008-12-22,127760.00
15167,C,2008-12-23,126245.00
15168,C,2008-12-24,126750.00
15169,C,2008-12-26,128770.00
15170,C,2008-12-29,128770.00
15171,C,2008-12-30,130285.00
15172,C,2008-12-31,129780.00
15173,C,2009-01-02,130790.00
15174,C,2009-01-05,130285.00
15175,C,2009-01-06,128517.50
15176,C,2009-01-07,130790.00
15177,C,2009-01-08,130285.00
15178,C,2009-01-09,132810.00
15179,C,2009-01-12,135840.00
15180,C,2009-01-13,136275.00
15181,C,2009-01-14,136415.00
15182,C,2009-01-15,137825.00
15183,C,2009-01-16,139705.00
15184,C,2009-01-20,133595.00
15185,C,2009-01-21,138765.00
15186,C,2009-01-22,138765.00
15187,C,2009-01-23,142055.00
15188,C,2009-01-26,142995.00
15189,C,2009-01-27,146755.00
15190,C,2009-01-28,147695.00
15191,C,2009-01-29,148165.00
15192,C,2009-01-30,146755.00
15193,C,2009-02-02,148635.00
15194,C,2009-02-03,152395.00
15195,C,2009-02-04,152395.00
15196,C,2009-02-05,152865.00
15197,C,2009-02-06,152395.00
15198,C,2009-02-09,154745.00
15199,C,2009-02-10,154275.00
15200,C,2009-02-11,158035.00
15201,C,2010-05-11,153985.00
15202,C,2010-05-12,156235.00
15203,C,2010-05-13,157135.00
15204,C,2010-05-14,153985.00
15205,C,2010-05-17,157585.00
15206,C,2010-05-18,156685.00
15207,C,2010-05-19,153985.00
15208,C,2010-05-20,150835.00
15209,C,2010-05-21,151285.00
15210,C,2010-05-24,158035.00
15211,C,2010-05-25,157135.00
15212,C,2010-06-15,156205.00
15213,C,2010-06-16,159460.00
15214,C,2010-06-17,162715.00
15215,C,2010-06-18,162250.00
15216,C,2010-06-21,157135.00
15217,C,2010-06-22,160855.00
15218,C,2010-06-23,163180.00
15219,C,2010-06-24,160390.00
15220,C,2010-06-25,161320.00
15221,C,2010-06-28,160855.00
15222,C,2010-06-29,159460.00
15223,C,2010-06-30,162715.00
15224,C,2011-03-15,155355.00
15225,C,2011-03-16,159955.00
15226,C,2011-03-17,161795.00
15227,C,2011-03-18,160415.00
15228,C,2011-03-21,166395.00
15229,C,2011-03-22,167315.00
15230,C,2011-03-23,165935.00
15231,C,2011-03-24,166395.00
15232,C,2011-03-25,166855.00
15233,C,2011-03-28,166395.00
15234,C,2011-03-29,166395.00
15235,C,2011-03-30,166395.00
15236,C,2011-03-31,166395.00
15237,C,2011-04-01,166395.00
15238,C,2011-04-04,168695.00
15239,C,2011-04-05,167085.00
15240,C,2011-04-06,167775.00
15241,C,2011-04-07,167545.00
15242,C,2011-04-08,170305.00
15243,C,2011-04-11,172375.00
15244,C,2011-04-12,177420.00
15245,C,2011-04-13,180385.00
15246,C,2011-04-14,181745.00
15247,C,2011-04-15,180350.00
15248,C,2011-04-18,183080.00
15249,C,2011-04-19,184445.00
15250,C,2011-04-20,181260.00
15251,C,2011-04-21,181260.00
15252,C,2011-04-25,183080.00
15253,C,2011-04-26,178530.00
15254,C,2011-04-27,179440.00
15255,C,2011-04-28,179440.00
15256,C,2011-04-29,178075.00
15257,C,2011-05-02,180350.00
15258,C,2011-05-03,181715.00
15259,C,2011-05-04,186265.00
15260,C,2011-05-05,185355.00
15261,C,2011-05-06,187630.00
15262,C,2011-05-09,186720.00
15263,C,2011-05-10,183535.00
15264,C,2011-05-11,189450.00
15265,C,2011-05-12,185355.00
15266,C,2011-05-13,190360.00
15267,C,2011-05-16,194910.00
15268,C,2011-08-16,199960.00
15269,C,2011-08-17,208545.00
15270,C,2011-08-18,189355.00
15271,C,2011-09-13,211355.00
15272,C,2011-10-11,211355.00
15273,C,2011-10-12,214925.00
15274,C,2011-10-13,214925.00
15275,C,2011-10-14,217985.00
15276,C,2011-10-17,215435.00
15277,C,2011-10-18,216965.00
15278,C,2011-10-19,212885.00
15279,C,2011-10-20,214415.00
15280,C,2011-10-21,215435.00
15281,C,2011-10-24,217475.00
15282,C,2011-10-25,217475.00
15283,C,2011-10-26,216965.00
15284,C,2011-10-27,216965.00
15285,C,2011-10-28,217475.00
15286,C,2011-10-31,219005.00
15287,C,2011-11-01,215945.00
15288,C,2011-11-02,217985.00
15289,C,2011-11-03,219515.00
15290,C,2011-11-04,219005.00
15291,C,2011-11-07,220535.00
15292,C,2011-11-08,220535.00
15293,C,2011-11-15,221545.00
15294,C,2011-11-16,222050.00
15295,C,2011-11-17,218010.00
15296,C,2011-11-18,219020.00
15297,C,2011-11-21,218010.00
15298,C,2011-11-22,221545.00
15299,C,2011-11-23,218515.00
15300,C,2011-12-13,214105.00
15301,C,2011-12-14,215575.00
15302,C,2011-12-15,218025.00
15303,C,2011-12-16,219495.00
15304,C,2011-12-19,219495.00
15305,C,2011-12-20,224885.00
15306,C,2011-12-21,223415.00
15307,C,2011-12-22,225375.00
15308,C,2011-12-23,226355.00
15309,C,2011-12-27,227335.00
15310,C,2011-12-28,226355.00
15311,C,2011-12-29,226845.00
15312,C,2011-12-30,228315.00
15313,C,2012-01-03,229295.00
15314,C,2012-01-04,230275.00
15315,C,2012-01-05,231255.00
15316,C,2012-01-06,233215.00
15317,C,2012-01-09,233215.00
15318,C,2012-01-10,230345.00
15319,C,2012-01-11,231710.00
15320,C,2012-01-12,230800.00
15321,C,2012-01-13,230345.00
15322,C,2012-01-17,229435.00
15323,C,2012-01-18,230345.00
15324,C,2012-01-19,231255.00
15325,C,2012-01-20,231710.00
15326,C,2012-01-23,233075.00
15327,C,2012-01-24,234895.00
15328,C,2012-01-25,233075.00
15329,C,2012-01-26,233530.00
15330,C,2012-01-27,233530.00
15331,C,2012-01-30,233530.00
15332,C,2012-01-31,235350.00
15333,C,2012-02-01,232165.00
15334,C,2012-02-02,231937.50
15335,C,2012-02-03,229435.00
15336,C,2012-02-06,230117.50
15337,C,2012-02-07,229435.00
15338,C,2012-02-14,230325.00
15339,C,2012-02-15,224985.00
15340,C,2012-02-16,228100.00
15341,C,2012-02-17,229880.00
15342,C,2012-02-21,229880.00
15343,C,2012-02-22,232550.00
15344,C,2012-02-23,231660.00
15345,C,2012-02-24,231215.00
15346,C,2012-02-27,232550.00
15347,C,2012-02-28,233440.00
15348,C,2012-02-29,235665.00
15349,C,2012-03-01,235665.00
15350,C,2012-03-02,240560.00
15351,C,2012-03-05,239670.00
15352,C,2012-03-06,241895.00
15353,C,2012-03-07,243230.00
15354,C,2012-03-08,243675.00
15355,C,2012-03-09,244120.00
15356,C,2012-03-12,245010.00
15357,C,2012-03-13,241005.00
15358,C,2012-03-14,244565.00
15359,C,2012-03-15,241895.00
15360,C,2012-03-16,243230.00
15361,C,2012-03-19,242117.50
15362,C,2012-03-20,245455.00
15363,C,2012-04-10,243230.00
15364,C,2012-04-11,241895.00
15365,C,2012-04-12,243675.00
15366,C,2012-04-13,244565.00
15367,C,2012-04-16,247680.00
15368,C,2012-04-17,248125.00
15369,C,2012-04-18,248570.00
15370,C,2012-04-19,250350.00
15371,C,2012-04-20,251685.00
15372,C,2012-04-23,251240.00
15373,C,2012-04-24,252130.00
15374,C,2012-04-25,254355.00
15375,C,2012-04-26,252575.00
15376,C,2012-04-27,252130.00
15377,C,2012-04-30,253020.00
15378,C,2012-05-01,254355.00
15379,C,2012-05-02,253910.00
15380,C,2012-05-03,257025.00
15381,C,2012-05-04,259695.00
15382,C,2012-05-07,262810.00
15383,C,2012-05-08,262365.00
15384,C,2012-05-09,261030.00
15385,C,2012-05-10,264590.00
15386,C,2012-05-15,263225.00
15387,C,2012-05-16,264135.00
15388,C,2012-05-17,263225.00
15389,C,2012-05-18,259585.00
15390,C,2012-05-21,264590.00
15391,C,2012-05-22,263225.00
15392,C,2012-05-23,269140.00
15393,C,2012-05-24,266865.00
15394,C,2012-05-25,266410.00
15395,C,2012-05-29,268685.00
15396,C,2012-05-30,266410.00
15397,C,2012-05-31,267775.00
15398,C,2012-06-01,265500.00
15399,C,2012-06-12,264150.00
15400,C,2012-06-13,262800.00
15401,C,2012-06-14,264600.00
15402,C,2014-04-15,263650.00
15403,C,2014-04-16,268400.00
15404,C,2014-04-17,266500.00
15405,C,2014-04-21,269350.00
15406,C,2014-04-22,269825.00
15407,C,2014-04-23,268400.00
15408,C,2014-04-24,270775.00
15409,C,2014-04-25,268875.00
15410,C,2014-04-28,270775.00
15411,C,2014-04-29,270775.00
15412,C,2014-04-30,271725.00
15413,C,2014-05-01,273150.00
15414,C,2014-05-02,272675.00
15415,C,2014-05-05,275050.00
15416,C,2014-05-06,275525.00
15417,C,2014-05-07,275050.00
15418,C,2014-05-08,275525.00
15419,C,2014-05-09,276475.00
15420,C,2014-05-12,279800.00
15421,C,2014-05-13,285025.00
15422,C,2014-07-15,285025.00
15423,C,2014-07-16,284575.00
15424,C,2014-07-17,280975.00
15425,C,2014-07-18,288175.00
15426,C,2014-07-21,285925.00
15427,C,2014-07-22,287275.00
15428,C,2014-07-23,289525.00
15429,C,2014-07-24,292675.00
15430,C,2014-07-25,288625.00
15431,C,2014-07-28,291775.00
15432,C,2014-07-29,289075.00
15433,C,2014-07-30,295375.00
15434,C,2014-07-31,290425.00
15435,C,2014-08-12,290425.00
15436,C,2014-08-13,290425.00
15437,C,2014-08-14,290880.00
15438,C,2014-08-15,294065.00
15439,C,2014-08-18,293610.00
15440,C,2014-08-19,293610.00
15441,C,2014-08-20,293155.00
15442,C,2014-08-21,294065.00
15443,C,2014-08-22,295885.00
15444,C,2014-08-25,294520.00
15445,C,2014-08-26,294520.00
15446,C,2014-08-27,295885.00
15447,C,2014-08-28,295885.00
15448,C,2014-08-29,295885.00
15449,C,2014-09-02,294065.00
15450,C,2014-09-03,297250.00
15451,C,2014-09-04,295885.00
15452,C,2014-09-05,295430.00
15453,C,2014-09-08,297250.00
15454,C,2014-09-09,299070.00
15455,C,2014-09-10,298160.00
15456,C,2014-09-11,298615.00
15457,C,2014-09-16,297715.00
15458,C,2014-09-17,300415.00
15459,C,2014-09-18,299515.00
15460,C,2014-09-19,300865.00
15461,C,2014-09-22,300415.00
15462,C,2014-09-23,298615.00
15463,C,2014-09-24,300415.00
15464,C,2014-09-25,299065.00
15465,C,2014-09-26,299515.00
15466,C,2014-09-29,301765.00
15467,C,2014-09-30,302215.00
15468,C,2014-10-14,300805.00
15469,C,2014-10-15,301745.00
15470,C,2014-10-16,301275.00
15471,C,2014-10-17,301275.00
15472,C,2014-10-20,302685.00
15473,C,2014-10-21,304095.00
15474,C,2014-10-22,302215.00
15475,C,2014-10-23,304565.00
15476,C,2014-10-24,304565.00
15477,C,2014-10-27,303625.00
15478,C,2014-10-28,301980.00
15479,C,2014-10-29,301275.00
15480,C,2014-10-30,302450.00
15481,C,2014-10-31,300805.00
15482,C,2014-11-03,302450.00
15483,C,2014-11-04,301980.00
15484,C,2014-11-05,302450.00
15485,C,2014-11-06,299630.00
15486,C,2014-11-07,300335.00
15487,C,2014-11-10,301980.00
15488,C,2014-11-11,299160.00
15489,C,2014-12-15,299160.00
15490,C,2014-12-16,298675.00
15491,C,2014-12-17,300615.00
15492,C,2014-12-18,302555.00
15493,C,2014-12-19,301585.00
15494,C,2014-12-22,301585.00
15495,C,2014-12-23,302555.00
15496,C,2014-12-24,304495.00
15497,C,2014-12-26,302070.00
15498,C,2014-12-29,302070.00
15499,C,2014-12-30,303040.00
15500,C,2014-12-31,301100.00
15501,C,2015-01-02,304495.00
15502,C,2015-01-05,303040.00
15503,C,2015-01-06,304010.00
15504,C,2015-01-07,307405.00
15505,C,2015-01-08,307890.00
15506,C,2015-01-09,305950.00
15507,C,2015-01-12,305995.00
15508,C,2015-01-13,302705.00
15509,C,2015-01-14,304145.00
15510,C,2015-01-15,302220.00
15511,C,2015-01-16,307935.00
15512,C,2015-01-20,313650.00
15513,C,2015-01-21,317955.00
15514,C,2015-01-22,318805.00
15515,C,2015-01-23,316925.00
15516,C,2015-01-26,316455.00
15517,C,2015-01-27,314575.00
15518,C,2015-01-28,314575.00
15519,C,2015-01-29,313165.00
15520,C,2015-01-30,316455.00
15521,C,2015-02-02,315045.00
15522,C,2015-02-03,315515.00
15523,C,2015-02-04,317865.00
15524,C,2015-02-05,315985.00
15525,C,2015-02-06,315985.00
15526,C,2015-02-09,320730.00
15527,C,2015-02-10,322670.00
15528,C,2015-02-11,324110.00
15529,C,2015-02-12,326005.00
15530,C,2015-02-13,327475.00
15531,C,2015-02-17,327960.00
15532,C,2015-02-18,328445.00
15533,C,2015-02-19,327475.00
15534,C,2015-02-20,328930.00
15535,C,2015-02-23,327960.00
15536,C,2015-02-24,329900.00
15537,C,2015-02-25,327960.00
15538,C,2015-02-26,331355.00
15539,C,2015-02-27,327960.00
15540,C,2015-03-02,330385.00
15541,C,2015-03-03,330385.00
15542,C,2015-03-04,331355.00
15543,C,2015-03-05,330385.00
15544,C,2015-03-06,334265.00
15545,C,2015-03-09,335580.00
15546,C,2015-03-10,339075.00
15547,C,2015-03-11,337055.00
15548,C,2015-03-12,334610.00
15549,C,2015-03-13,333215.00
15550,C,2015-03-16,334610.00
15551,C,2015-03-17,333215.00
15552,C,2015-03-18,333215.00
15553,C,2015-03-19,333215.00
15554,C,2015-03-20,332750.00
15555,C,2015-03-23,334145.00
15556,C,2015-03-24,334610.00
15557,C,2015-03-25,335540.00
15558,C,2015-03-26,337400.00
15559,C,2015-03-27,337400.00
15560,C,2015-03-30,335540.00
15561,C,2015-03-31,335540.00
15562,C,2015-04-01,334610.00
15563,C,2015-04-02,336935.00
15564,C,2015-04-06,335540.00
15565,C,2015-04-13,334640.00
15566,C,2015-04-14,337790.00
15567,C,2015-04-15,336440.00
15568,C,2015-04-16,335090.00
15569,C,2015-04-17,335990.00
15570,C,2015-04-20,336440.00
15571,C,2015-04-21,337790.00
15572,C,2015-04-22,336440.00
15573,C,2015-04-23,338240.00
15574,C,2015-04-24,338690.00
15575,C,2015-04-27,343190.00
15576,C,2015-04-28,340490.00
15577,C,2015-04-29,338240.00
15578,C,2015-04-30,339140.00
15579,C,2015-05-11,338690.00
15580,C,2015-05-12,338690.00
15581,C,2015-05-13,340490.00
15582,C,2015-05-14,339590.00
15583,C,2015-05-15,339590.00
15584,C,2015-05-18,340040.00
15585,C,2015-05-19,341840.00
15586,C,2015-05-20,341390.00
15587,C,2015-05-21,342290.00
15588,C,2015-05-22,342290.00
15589,C,2015-05-26,344090.00
15590,C,2015-05-27,343640.00
15591,C,2015-05-28,343640.00
15592,C,2015-05-29,344090.00
15593,C,2015-06-01,341840.00
15594,C,2015-06-02,344090.00
15595,C,2015-06-03,340490.00
15596,C,2015-06-04,342740.00
15597,C,2015-06-05,343190.00
15598,C,2015-06-08,343190.00
15599,C,2015-06-09,344990.00
15600,C,2015-06-10,340490.00
15601,C,2015-06-15,339590.00
15602,C,2015-06-16,336440.00
15603,C,2015-06-17,337340.00
15604,C,2015-06-18,338240.00
15605,C,2015-06-19,340490.00
15606,C,2015-06-22,341390.00
15607,C,2015-06-23,341840.00
15608,C,2015-06-24,340940.00
15609,C,2015-06-25,340940.00
15610,C,2015-06-26,340490.00
15611,C,2015-06-29,337790.00
15612,C,2015-06-30,340040.00
15613,C,2015-07-01,343190.00
15614,C,2015-07-02,342740.00
15615,C,2015-07-06,339590.00
15616,C,2015-07-07,341840.00
15617,C,2015-07-08,342290.00
15618,C,2015-07-09,344540.00
15619,C,2015-07-10,346790.00
15620,C,2015-07-13,352435.00
15621,C,2015-07-14,356210.00
15622,C,2015-07-15,355655.00
15623,C,2015-07-16,357595.00
15624,C,2015-07-17,364070.00
15625,C,2015-07-20,365040.00
15626,C,2015-07-21,366980.00
15627,C,2015-07-22,366980.00
15628,C,2015-07-23,366010.00
15629,C,2015-07-24,367465.00
15630,C,2015-07-27,369405.00
15631,C,2015-07-28,372315.00
15632,C,2015-07-29,376195.00
15633,C,2015-08-10,376195.00
15634,C,2015-08-11,376660.00
15635,C,2015-08-12,376660.00
15636,C,2015-08-13,378985.00
15637,C,2015-08-14,379450.00
15638,C,2015-08-17,378520.00
15639,C,2015-08-18,378985.00
15640,C,2015-08-19,379450.00
15641,C,2015-08-20,380380.00
15642,C,2015-08-21,375730.00
15643,C,2015-09-14,375730.00
15644,C,2015-09-15,376720.00
15645,C,2015-09-16,377710.00
15646,C,2015-09-17,378700.00
15647,C,2015-09-18,381175.00
15648,C,2015-09-21,380185.00
15649,C,2015-09-22,378205.00
15650,C,2015-09-23,382165.00
15651,C,2015-09-24,379195.00
15652,C,2015-09-25,379690.00
15653,C,2015-09-28,373255.00
15654,C,2015-10-13,367340.00
15655,C,2015-10-14,374165.00
15656,C,2015-10-15,374165.00
15657,C,2015-10-16,373710.00
15658,C,2015-10-19,374620.00
15659,C,2015-10-20,374620.00
15660,C,2015-10-21,374165.00
15661,C,2015-10-22,375075.00
15662,C,2015-10-23,375985.00
15663,C,2015-10-26,377350.00
15664,C,2015-10-27,379170.00
15665,C,2015-10-28,376895.00
15666,C,2015-10-29,380535.00
15667,C,2015-10-30,379625.00
15668,C,2015-11-02,377350.00
15669,C,2015-11-03,375530.00
15670,C,2015-11-04,377350.00
15671,C,2015-11-05,375985.00
15672,C,2015-11-06,376440.00
15673,C,2015-11-09,376460.00
15674,C,2015-11-10,379220.00
15675,C,2015-11-11,385650.00
15676,C,2015-11-12,379585.00
15677,C,2015-11-13,379585.00
15678,C,2015-11-16,382770.00
15679,C,2015-11-17,381860.00
15680,C,2015-11-18,384135.00
15681,C,2015-11-19,387775.00
15682,C,2015-12-14,388715.00
15683,C,2015-12-15,391065.00
15684,C,2015-12-16,391065.00
15685,C,2015-12-17,392945.00
15686,C,2015-12-18,392005.00
15687,C,2015-12-21,393885.00
15688,C,2015-12-22,393885.00
15689,C,2015-12-23,393885.00
15690,C,2015-12-24,392475.00
15691,C,2015-12-28,393885.00
15692,C,2015-12-29,393885.00
15693,C,2015-12-30,394825.00
15694,C,2015-12-31,394355.00
15695,C,2016-01-04,395765.00
15696,C,2016-01-05,398115.00
15697,C,2016-01-06,399525.00
15698,C,2016-01-07,387305.00
15699,C,2016-01-11,388275.00
15700,C,2016-01-12,391670.00
15701,C,2016-01-13,387790.00
15702,C,2016-01-14,389245.00
15703,C,2016-01-15,381970.00
15704,C,2016-02-08,386425.00
15705,C,2016-02-09,383950.00
15706,C,2016-02-10,378505.00
15707,C,2016-02-11,379990.00
15708,C,2016-02-12,379495.00
15709,C,2016-02-16,385930.00
15710,C,2016-02-17,387415.00
15711,C,2016-02-18,389395.00
15712,C,2016-02-19,389890.00
15713,C,2016-02-22,392365.00
15714,C,2016-02-23,392860.00
15715,C,2016-02-24,391375.00
15716,C,2016-02-25,392860.00
15717,C,2016-02-26,391375.00
15718,C,2016-02-29,391870.00
15719,C,2016-03-01,389890.00
15720,C,2016-03-02,388900.00
15721,C,2016-03-03,389147.50
15722,C,2016-03-04,387662.50
15723,C,2016-03-07,386672.50
15724,C,2016-03-14,389892.50
15725,C,2016-03-15,388972.50
15726,C,2016-03-16,391732.50
15727,C,2016-03-17,393112.50
15728,C,2016-03-18,392652.50
15729,C,2016-03-21,393112.50
15730,C,2016-03-22,394952.50
15731,C,2016-03-23,393572.50
15732,C,2016-03-24,394952.50
15733,C,2016-03-28,398632.50
15734,C,2016-03-29,395872.50
15735,C,2016-03-30,394952.50
15736,C,2016-03-31,395412.50
15737,C,2016-04-01,395412.50
15738,C,2016-04-04,396332.50
15739,C,2016-04-05,398172.50
15740,C,2016-04-06,396792.50
15741,C,2016-04-07,397252.50
15742,C,2016-04-08,398632.50
15743,C,2016-04-11,399992.50
15744,C,2016-04-12,399532.50
15745,C,2016-04-13,394032.50
15746,C,2016-04-14,393582.50
15747,C,2016-04-15,394032.50
15748,C,2016-04-18,393582.50
15749,C,2016-04-19,394482.50
15750,C,2016-04-20,394032.50
15751,C,2016-04-21,395382.50
15752,C,2016-04-22,393582.50
15753,C,2016-04-25,394932.50
15754,C,2016-04-26,394032.50
15755,C,2016-04-27,393582.50
15756,C,2016-04-28,394932.50
15757,C,2016-04-29,395832.50
15758,C,2016-05-02,396282.50
15759,C,2016-05-03,397632.50
15760,C,2016-05-04,399432.50
15761,C,2016-05-05,401232.50
15762,C,2016-05-06,402132.50
15763,C,2016-05-09,403962.50
15764,C,2016-05-10,402162.50
15765,C,2016-05-11,401702.50
15766,C,2016-05-12,402622.50
15767,C,2016-05-13,402622.50
15768,C,2016-05-16,405382.50
15769,C,2016-05-17,404002.50
15770,C,2016-05-18,404002.50
15771,C,2016-05-19,402162.50
15772,C,2016-05-20,404922.50
15773,C,2016-05-23,406762.50
15774,C,2016-05-24,406302.50
15775,C,2016-05-25,406762.50
15776,C,2016-05-26,407222.50
15777,C,2016-05-27,405842.50
15778,C,2016-05-31,404462.50
15779,C,2016-06-01,404002.50
15780,C,2016-06-02,402622.50
15781,C,2016-06-03,403542.50
15782,C,2016-06-06,401472.50
15783,C,2016-06-13,397792.50
15784,C,2016-06-14,397332.50
15785,C,2016-06-15,400092.50
15786,C,2016-06-16,399632.50
15787,C,2016-06-17,400552.50
15788,C,2016-06-20,401932.50
15789,C,2016-06-21,403312.50
15790,C,2016-06-22,401932.50
15791,C,2016-06-23,402852.50
15792,C,2016-06-24,401932.50
15793,C,2016-06-27,395492.50
15794,C,2016-07-11,397272.50
15795,C,2016-07-12,396382.50
15796,C,2016-07-13,396827.50
15797,C,2016-07-14,397272.50
15798,C,2016-07-15,396382.50
15799,C,2016-07-18,395937.50
15800,C,2016-07-19,396827.50
15801,C,2016-07-20,396382.50
15802,C,2016-07-21,396382.50
15803,C,2016-07-22,396382.50
15804,C,2016-07-25,396827.50
15805,C,2016-07-26,395492.50
15806,C,2016-07-27,394602.50
15807,C,2016-07-28,395492.50
15808,C,2016-07-29,395937.50
15809,C,2016-08-01,396382.50
15810,C,2016-08-02,399052.50
15811,C,2016-08-03,397717.50
15812,C,2016-08-04,398162.50
15813,C,2016-08-05,394602.50
15814,C,2016-08-08,395492.50
15815,C,2016-09-12,396432.50
15816,C,2016-09-13,399252.50
15817,C,2016-09-14,393142.50
15818,C,2016-09-15,395962.50
15819,C,2016-09-16,396432.50
15820,C,2016-09-19,397842.50
15821,C,2016-09-20,396432.50
15822,C,2016-09-21,399252.50
15823,C,2016-09-22,397372.50
15824,C,2016-09-23,398312.50
15825,C,2016-09-26,399252.50
15826,C,2016-09-27,400192.50
15827,C,2016-09-28,399722.50
15828,C,2016-09-29,399722.50
15829,C,2016-09-30,399722.50
15830,C,2016-10-03,400192.50
15831,C,2016-10-04,401602.50
15832,C,2016-10-05,399252.50
15833,C,2016-10-06,401132.50
15834,C,2016-10-07,401602.50
15835,C,2016-10-10,402067.50
15836,C,2016-10-11,400672.50
15837,C,2016-10-12,401602.50
15838,C,2016-10-13,402067.50
15839,C,2016-10-14,402067.50
15840,C,2016-10-17,400672.50
15841,C,2016-10-18,402532.50
15842,C,2016-10-19,405322.50
15843,C,2016-10-20,406717.50
15844,C,2016-10-21,405787.50
15845,C,2016-10-24,409042.50
15846,C,2016-10-25,411367.50
15847,C,2016-10-26,409042.50
15848,C,2016-10-27,407647.50
15849,C,2016-11-14,402587.50
15850,C,2016-11-15,407647.50
15851,C,2016-11-16,406267.50
15852,C,2016-11-17,405807.50
15853,C,2016-11-18,408107.50
15854,C,2016-11-21,408107.50
15855,C,2016-11-22,406267.50
15856,C,2016-11-23,406267.50
15857,C,2016-11-25,405807.50
15858,C,2016-11-28,407647.50
15859,C,2016-11-29,405807.50
15860,C,2016-11-30,407647.50
15861,C,2016-12-01,409947.50
15862,C,2016-12-02,409487.50
15863,C,2016-12-05,408567.50
15864,C,2016-12-06,407647.50
15865,C,2016-12-07,405347.50
15866,C,2016-12-08,406727.50
15867,C,2016-12-09,406957.50
15868,C,2016-12-12,403237.50
15869,C,2016-12-13,401377.50
15870,C,2016-12-14,404632.50
15871,C,2016-12-15,403237.50
15872,C,2016-12-16,406957.50
15873,C,2016-12-19,408817.50
15874,C,2016-12-20,409747.50
15875,C,2016-12-21,410212.50
15876,C,2016-12-22,408817.50
15877,C,2016-12-23,411142.50
15878,C,2016-12-27,412537.50
15879,C,2016-12-28,411607.50
15880,C,2016-12-29,409747.50
15881,C,2016-12-30,410677.50
15882,C,2017-01-03,415327.50
15883,C,2017-01-04,416722.50
15884,C,2017-01-05,419047.50
15885,C,2017-01-06,422302.50
15886,C,2017-01-09,422767.50
15887,C,2017-01-10,428812.50
15888,C,2017-01-11,428812.50
15889,C,2017-01-12,430207.50
15890,C,2017-01-13,432067.50
15891,C,2017-01-17,432067.50
15892,C,2017-01-18,434857.50
15893,C,2017-01-19,434392.50
15894,C,2017-01-20,438112.50
15895,C,2017-01-23,438112.50
15896,C,2017-01-24,439042.50
15897,C,2017-01-25,440437.50
15898,C,2017-01-26,440437.50
15899,C,2017-01-27,441367.50
15900,C,2017-01-30,439507.50
15901,C,2017-01-31,438112.50
15902,C,2017-02-01,441367.50
15903,C,2017-02-02,439507.50
15904,C,2017-02-03,440437.50
15905,C,2017-02-06,442297.50
15906,C,2017-02-07,441367.50
15907,C,2017-02-08,441832.50
15908,C,2017-02-09,443227.50
15909,C,2017-02-10,440437.50
15910,C,2017-02-13,444552.50
15911,C,2017-02-14,444997.50
15912,C,2017-02-15,443127.50
15913,C,2017-02-16,443127.50
15914,C,2017-02-17,444037.50
15915,C,2017-02-21,444492.50
15916,C,2017-02-22,445402.50
15917,C,2017-02-23,445402.50
15918,C,2017-02-24,444492.50
15919,C,2017-02-27,445857.50
15920,C,2017-02-28,445402.50
15921,C,2017-03-01,444037.50
15922,C,2017-03-02,447222.50
15923,C,2017-03-03,449042.50
15924,C,2017-03-06,450862.50
15925,C,2017-03-07,453137.50
15926,C,2017-03-08,452682.50
15927,C,2017-03-09,454047.50
15928,C,2017-03-10,456777.50
15929,C,2017-03-13,460872.50
15930,C,2017-08-14,463662.50
15931,C,2017-08-15,466452.50
15932,C,2017-08-16,465987.50
15933,C,2017-08-17,465522.50
15934,C,2017-08-18,466917.50
15935,C,2017-08-21,465057.50
15936,C,2017-08-22,467382.50
15937,C,2017-08-23,467382.50
15938,C,2017-08-24,468777.50
15939,C,2017-08-25,467847.50
15940,C,2017-08-28,468312.50
15941,C,2017-08-29,468777.50
15942,C,2017-08-30,469707.50
15943,C,2017-08-31,464592.50
15944,C,2017-09-01,464127.50
15945,C,2017-09-05,466452.50
15946,C,2017-09-06,465057.50
15947,C,2017-09-07,466452.50
15948,C,2017-09-08,466917.50
15949,C,2017-09-11,463642.50
15950,C,2017-09-12,463197.50
15951,C,2017-09-13,463197.50
15952,C,2017-09-14,465867.50
15953,C,2017-09-15,464532.50
15954,C,2017-09-18,460972.50
15955,C,2017-09-19,464532.50
15956,C,2017-09-20,464532.50
15957,C,2017-09-21,463197.50
15958,C,2017-09-22,462307.50
15959,C,2017-09-25,460972.50
15960,C,2017-09-26,459637.50
15961,C,2017-09-27,458302.50
15962,C,2017-09-28,457412.50
15963,C,2017-09-29,458302.50
15964,C,2017-10-02,458302.50
15965,C,2017-10-03,457412.50
15966,C,2017-10-04,456077.50
15967,C,2017-10-05,455632.50
15968,C,2017-10-06,456300.00
15969,C,2017-10-09,456745.00
15970,C,2018-02-12,458275.00
15971,C,2018-02-13,465925.00
15972,C,2018-02-14,463885.00
15973,C,2018-02-15,461335.00
15974,C,2018-02-16,463375.00
15975,C,2018-02-20,462865.00
15976,C,2018-02-21,462865.00
15977,C,2018-02-22,464395.00
15978,C,2018-02-23,464395.00
15979,C,2018-02-26,463885.00
15980,C,2018-02-27,464905.00
15981,C,2018-02-28,464395.00
15982,C,2018-03-01,465925.00
15983,C,2018-03-02,463885.00
15984,C,2018-03-05,464395.00
15985,C,2018-03-06,463375.00
15986,C,2018-03-07,463375.00
15987,C,2018-03-08,462865.00
15988,C,2018-03-09,460825.00
15989,C,2018-03-12,469585.00
15990,C,2018-03-13,466330.00
15991,C,2018-03-14,461215.00
15992,C,2018-03-15,464470.00
15993,C,2018-03-16,467725.00
15994,C,2018-03-19,464470.00
15995,C,2018-03-20,466795.00
15996,C,2018-03-21,468190.00
15997,C,2018-03-22,466795.00
15998,C,2018-04-09,466795.00
15999,C,2018-04-10,467755.00
16000,C,2018-04-11,466795.00
16001,C,2018-04-12,468715.00
16002,C,2018-04-13,468715.00
16003,C,2018-04-16,470635.00
16004,C,2018-04-17,469195.00
16005,C,2018-04-18,468715.00
16006,C,2018-04-19,469195.00
16007,C,2018-04-20,469675.00
16008,C,2018-04-23,470635.00
16009,C,2018-04-24,470155.00
16010,C,2018-04-25,472075.00
16011,C,2018-04-26,470635.00
16012,C,2018-04-27,472555.00
16013,C,2018-04-30,474475.00
16014,C,2018-05-01,474475.00
16015,C,2018-05-02,473995.00
16016,C,2018-05-03,476395.00
16017,C,2018-05-04,473035.00
16018,C,2018-05-07,470635.00
16019,C,2018-07-16,470180.00
16020,C,2018-07-17,471090.00
16021,C,2018-07-18,472910.00
16022,C,2018-07-19,472000.00
16023,C,2018-07-20,472000.00
16024,C,2018-07-23,474275.00
16025,C,2018-07-24,474275.00
16026,C,2018-07-25,476095.00
16027,C,2018-07-26,474730.00
16028,C,2018-07-27,475640.00
16029,C,2018-07-30,475185.00
16030,C,2018-07-31,476550.00
16031,C,2018-08-01,479280.00
16032,C,2018-08-02,478825.00
16033,C,2018-08-03,481555.00
16034,C,2018-08-06,482920.00
16035,C,2018-08-07,484285.00
16036,C,2018-08-08,485650.00
16037,C,2018-08-09,485195.00
16038,C,2018-08-10,486560.00
16039,C,2018-08-13,487925.00
16040,C,2018-08-14,484740.00
16041,C,2018-08-15,488380.00
16042,C,2018-08-16,485195.00
16043,C,2018-08-17,485650.00
16044,C,2018-09-10,485650.00
16045,C,2018-09-11,486570.00
16046,C,2018-09-12,487490.00
16047,C,2018-09-13,488410.00
16048,C,2018-09-14,488870.00
16049,C,2018-09-17,489790.00
16050,C,2018-09-18,490250.00
16051,C,2018-09-19,492550.00
16052,C,2018-09-20,491170.00
16053,C,2018-09-21,492550.00
16054,C,2018-09-24,495310.00
16055,C,2018-09-25,494390.00
16056,C,2018-09-26,495770.00
16057,C,2018-09-27,499910.00
16058,C,2018-09-28,497610.00
16059,C,2018-10-01,498990.00
16060,C,2018-10-02,497150.00
16061,C,2018-10-15,500240.00
16062,C,2018-10-16,503330.00
16063,C,2018-10-17,502815.00
16064,C,2018-10-18,500240.00
16065,C,2018-10-19,498180.00
16066,C,2018-10-22,499210.00
16067,C,2018-10-23,496635.00
16068,C,2018-10-24,487880.00
16069,C,2018-11-12,485355.00
16070,C,2018-11-13,484850.00
16071,C,2018-11-14,483840.00
16072,C,2018-12-10,482760.00
16073,C,2018-12-11,485460.00
16074,C,2018-12-12,487620.00
16075,C,2018-12-13,486000.00
16076,C,2018-12-14,478980.00
16077,C,2019-01-07,479500.00
16078,C,2019-01-08,482620.00
16079,C,2019-01-09,483140.00
16080,C,2019-01-10,483660.00
16081,C,2019-01-11,483660.00
16082,C,2019-01-14,486260.00
16083,C,2019-01-15,488340.00
16084,C,2019-01-16,486780.00
16085,C,2019-01-17,487820.00
16086,C,2019-01-18,488340.00
16087,C,2019-01-22,486780.00
16088,C,2019-01-23,488340.00
16089,C,2019-01-24,487300.00
16090,C,2019-01-25,486260.00
16091,C,2019-01-28,486780.00
16092,C,2019-01-29,488860.00
16093,C,2019-01-30,488340.00
16094,C,2019-01-31,487300.00
16095,C,2019-03-11,489260.00
16096,C,2019-03-12,489260.00
16097,C,2019-03-13,491710.00
16098,C,2019-03-14,492200.00
16099,C,2019-03-15,491220.00
16100,C,2019-03-18,492200.00
16101,C,2019-03-19,491710.00
16102,C,2019-03-20,493670.00
16103,C,2019-03-21,493180.00
16104,C,2019-03-22,490240.00
16105,C,2019-03-25,489260.00
16106,C,2019-03-26,491220.00
16107,C,2019-03-27,493180.00
16108,C,2019-03-28,494160.00
16109,C,2019-03-29,493670.00
16110,C,2019-04-01,495140.00
16111,C,2019-04-02,495140.00
16112,C,2019-04-03,494650.00
16113,C,2019-04-04,495140.00
16114,C,2019-04-05,493180.00
16115,C,2019-04-08,493670.00
16116,C,2019-04-15,493670.00
16117,C,2019-04-16,495065.00
16118,C,2019-04-17,493670.00
16119,C,2019-04-18,495530.00
16120,C,2019-04-22,495065.00
16121,C,2019-04-23,497390.00
16122,C,2019-04-24,498320.00
16123,C,2019-04-25,497855.00
16124,C,2019-04-26,498320.00
16125,C,2019-04-29,498785.00
16126,C,2019-04-30,498320.00
16127,C,2019-05-01,500180.00
16128,C,2019-05-02,498320.00
16129,C,2019-05-03,497390.00
16130,C,2019-05-06,495065.00
16131,C,2019-05-07,491345.00
16132,C,2019-05-08,491345.00
16133,C,2019-05-09,490415.00
16134,C,2019-05-10,495530.00
16135,C,2019-05-13,478895.00
16136,C,2019-06-10,477425.00
16137,C,2019-06-11,478405.00
16138,C,2019-06-12,477915.00
16139,C,2019-06-13,478895.00
16140,C,2019-06-14,478895.00
16141,C,2019-06-17,480365.00
16142,C,2019-06-18,480855.00
16143,C,2019-06-19,481835.00
16144,C,2019-06-20,482815.00
16145,C,2019-06-21,482815.00
16146,C,2019-06-24,483795.00
16147,C,2019-06-25,483305.00
16148,C,2019-06-26,482815.00
16149,C,2019-06-27,483305.00
16150,C,2019-06-28,482815.00
16151,C,2019-07-01,484285.00
16152,C,2019-07-02,485265.00
16153,C,2019-07-03,483795.00
16154,C,2019-07-05,484285.00
16155,C,2019-07-08,486245.00
16156,C,2019-07-15,487165.00
16157,C,2019-07-16,488085.00
16158,C,2019-07-17,487625.00
16159,C,2019-07-18,487165.00
16160,C,2019-07-19,489925.00
16161,C,2019-07-22,489005.00
16162,C,2019-07-23,488545.00
16163,C,2019-07-24,490385.00
16164,C,2019-07-25,491765.00
16165,C,2019-07-26,490385.00
16166,C,2019-07-29,490845.00
16167,C,2019-07-30,487625.00
16168,C,2019-07-31,488085.00
16169,C,2019-08-01,483945.00
16170,C,2019-08-02,479805.00
16171,C,2019-08-05,468765.00
16172,C,2019-08-12,462265.00
16173,C,2019-08-13,465765.00
16174,C,2019-08-14,461765.00
16175,C,2019-09-09,460775.00
16176,C,2019-09-10,462260.00
16177,C,2019-09-11,463250.00
16178,C,2019-09-12,462260.00
16179,C,2019-09-13,463250.00
16180,C,2019-09-16,463250.00
16181,C,2019-09-17,463250.00
16182,C,2019-09-18,462755.00
16183,C,2019-09-19,464735.00
16184,C,2019-09-20,463745.00
16185,C,2019-09-23,463745.00
16186,C,2019-09-24,462755.00
16187,C,2019-09-25,465230.00
16188,C,2019-09-26,464240.00
16189,C,2019-09-27,463250.00
16190,C,2019-09-30,465725.00
16191,C,2019-10-01,465725.00
16192,C,2019-10-02,460775.00
16193,C,2019-10-03,461270.00
16194,C,2019-10-04,466715.00
16195,C,2019-10-07,467210.00
16196,C,2019-10-08,466715.00
16197,C,2019-10-09,464240.00
16198,C,2019-10-10,467705.00
16199,C,2019-10-11,471665.00
16200,C,2019-10-14,470250.00
16201,C,2019-10-15,476615.00
16202,C,2019-10-16,475635.00
16203,C,2019-10-17,475605.00
16204,C,2019-10-18,475605.00
16205,C,2019-10-21,477060.00
16206,C,2019-10-22,477060.00
16207,C,2019-10-23,476575.00
16208,C,2019-10-24,477545.00
16209,C,2019-10-25,478515.00
16210,C,2019-10-28,477545.00
16211,C,2019-10-29,477060.00
16212,C,2019-10-30,478030.00
16213,C,2019-10-31,479970.00
16214,C,2019-11-01,478030.00
16215,C,2019-11-04,477060.00
16216,C,2019-11-05,477060.00
16217,C,2019-11-06,478515.00
16218,C,2019-11-07,478030.00
16219,C,2019-11-08,477545.00
16220,C,2019-11-11,478010.00
16221,C,2019-11-12,478475.00
16222,C,2019-11-13,477545.00
16223,C,2019-11-14,477545.00
16224,C,2019-11-15,480800.00
16225,C,2019-11-18,480800.00
16226,C,2019-11-19,480335.00
16227,C,2019-11-20,478940.00
16228,C,2019-11-21,480800.00
16229,C,2019-11-22,482660.00
16230,C,2019-11-25,481730.00
16231,C,2019-11-26,482195.00
16232,C,2019-11-27,480800.00
16233,C,2019-11-29,481265.00
16234,C,2019-12-02,480800.00
16235,C,2019-12-03,478010.00
16236,C,2019-12-04,479405.00
16237,C,2019-12-05,481265.00
16238,C,2019-12-06,481265.00
16239,C,2019-12-09,480800.00
16240,C,2019-12-16,481730.00
16241,C,2019-12-17,483590.00
16242,C,2019-12-18,482195.00
16243,C,2019-12-19,480800.00
16244,C,2019-12-20,481730.00
16245,C,2019-12-23,480800.00
16246,C,2019-12-24,479870.00
16247,C,2019-12-26,479870.00
16248,C,2019-12-27,481265.00
16249,C,2019-12-30,481265.00
16250,C,2019-12-31,480800.00
16251,C,2020-01-02,484055.00
16252,C,2020-01-03,482195.00
16253,C,2020-01-06,482195.00
16254,C,2020-01-07,484520.00
16255,C,2020-01-08,484520.00
16256,C,2020-01-09,486380.00
16257,C,2020-01-10,488240.00
16258,C,2020-01-13,488705.00
16259,C,2020-01-14,488240.00
16260,C,2020-01-15,487310.00
16261,C,2020-01-16,486380.00
16262,C,2020-01-17,485915.00
16263,C,2020-01-21,488240.00
16264,C,2020-01-22,487310.00
16265,C,2020-01-23,487775.00
16266,C,2020-01-24,486845.00
16267,C,2020-01-27,484520.00
16268,C,2020-01-28,486380.00
16269,C,2020-01-29,487310.00
16270,C,2020-01-30,488240.00
16271,C,2020-01-31,478475.00
16272,C,2020-02-10,478945.00
16273,C,2020-02-11,479415.00
16274,C,2020-02-12,480355.00
16275,C,2020-02-13,479415.00
16276,C,2020-02-14,479885.00
16277,C,2020-02-18,479415.00
16278,C,2020-02-19,480355.00
16279,C,2020-02-20,479885.00
16280,C,2020-02-21,480355.00
16281,C,2020-02-24,470955.00
16282,C,2020-02-25,460615.00
16283,C,2020-03-09,438385.00
16284,C,2020-04-14,438385.00
16285,C,2020-04-15,430520.00
16286,C,2020-04-16,428100.00
16287,C,2020-04-17,435360.00
16288,C,2020-04-20,430520.00
16289,C,2020-04-21,433545.00
16290,C,2020-04-22,439595.00
16291,C,2020-04-23,437780.00
16292,C,2020-04-24,442620.00
16293,C,2020-04-27,449275.00
16294,C,2020-04-28,449880.00
16295,C,2020-04-29,455325.00
16296,C,2020-04-30,450485.00
16297,C,2020-05-01,442620.00
16298,C,2020-05-04,446250.00
16299,C,2020-05-05,446855.00
16300,C,2020-05-06,445040.00
16301,C,2020-05-07,447460.00
16302,C,2020-05-08,451695.00
16303,C,2020-05-11,453510.00
16304,C,2020-05-12,448670.00
16305,C,2020-06-15,455600.00
16306,C,2020-06-16,453710.00
16307,C,2020-06-17,453080.00
16308,C,2020-06-18,452450.00
16309,C,2020-06-19,453710.00
16310,C,2020-06-22,456230.00
16311,C,2020-06-23,458750.00
16312,C,2020-06-24,453080.00
16313,C,2020-06-25,456230.00
16314,C,2020-06-26,448670.00
16315,C,2020-06-29,457490.00
16316,C,2020-06-30,461270.00
16317,C,2020-07-01,460640.00
16318,C,2020-07-02,461900.00
16319,C,2020-07-06,463160.00
16320,C,2020-07-07,461900.00
16321,C,2020-07-08,463160.00
16322,C,2020-07-09,460640.00
16323,C,2020-07-10,464420.00
16324,C,2020-07-13,461340.00
16325,C,2020-07-14,466905.00
16326,C,2020-07-15,472260.00
16327,C,2020-07-16,471070.00
16328,C,2020-07-17,472260.00
16329,C,2020-07-20,474045.00
16330,C,2020-07-21,475830.00
16331,C,2020-07-22,477615.00
16332,C,2020-07-23,477020.00
16333,C,2020-07-24,476425.00
16334,C,2020-07-27,478210.00
16335,C,2020-07-28,478210.00
16336,C,2020-07-29,480590.00
16337,C,2020-07-30,480590.00
16338,C,2020-07-31,477020.00
16339,C,2020-08-03,480590.00
16340,C,2020-08-04,483565.00
16341,C,2020-08-05,485350.00
16342,C,2020-08-06,485350.00
16343,C,2020-08-07,485350.00
16344,C,2020-08-10,487015.00
16345,C,2020-08-11,486450.00
16346,C,2020-08-12,487580.00
16347,C,2020-08-13,488145.00
16348,C,2020-08-14,487015.00
16349,C,2020-08-17,491535.00
16350,C,2020-08-18,489275.00
16351,C,2020-08-19,488145.00
16352,C,2020-08-20,489840.00
16353,C,2020-08-21,489840.00
16354,C,2020-08-24,490970.00
16355,C,2020-08-25,492665.00
16356,C,2020-08-26,491535.00
16357,C,2020-08-27,492100.00
16358,C,2020-08-28,493230.00
16359,C,2020-08-31,492665.00
16360,C,2020-09-01,492665.00
16361,C,2020-09-02,492100.00
16362,C,2020-09-03,483625.00
16363,C,2020-09-04,484755.00
16364,C,2020-09-08,481930.00
16365,C,2020-09-14,487279.05
16366,C,2020-09-15,486684.05
16367,C,2020-09-16,488475.00
16368,C,2020-09-17,487880.00
16369,C,2020-09-18,487285.00
16370,C,2020-09-21,478955.00
16371,C,2020-09-22,480145.00
16372,C,2020-09-23,473600.00
16373,C,2020-10-12,476525.00
16374,C,2020-10-13,474185.00
16375,C,2020-10-14,474770.00
16376,C,2020-10-15,476525.00
16377,C,2020-10-16,476525.00
16378,C,2020-10-19,473015.00
16379,C,2020-10-20,474185.00
16380,C,2020-10-21,474185.00
16381,C,2020-10-22,473600.00
16382,C,2020-10-23,477695.00
16383,C,2020-10-26,467165.00
16384,C,2020-10-27,469505.00
16385,C,2020-11-09,474105.00
16386,C,2020-11-10,478130.00
16387,C,2020-11-11,475830.00
16388,C,2020-11-12,474680.00
16389,C,2020-11-13,477555.00
16390,C,2020-11-16,479280.00
16391,C,2020-11-17,478705.00
16392,C,2020-11-18,478705.00
16393,C,2020-11-19,480430.00
16394,C,2020-11-20,479855.00
16395,C,2020-11-23,481005.00
16396,C,2020-11-24,483305.00
16397,C,2020-11-25,481580.00
16398,C,2020-11-27,482155.00
16399,C,2020-11-30,480430.00
16400,C,2020-12-01,483305.00
16401,C,2020-12-02,482155.00
16402,C,2020-12-03,484455.00
16403,C,2020-12-04,485030.00
16404,C,2020-12-07,483880.00
16405,C,2020-12-14,484470.00
16406,C,2020-12-15,488600.00
16407,C,2020-12-16,489190.00
16408,C,2020-12-17,490960.00
16409,C,2020-12-18,489190.00
16410,C,2020-12-21,488010.00
16411,C,2020-12-22,490370.00
16412,C,2020-12-23,492140.00
16413,C,2020-12-24,490960.00
16414,C,2020-12-28,493320.00
16415,C,2020-12-29,489190.00
16416,C,2020-12-30,489780.00
16417,C,2020-12-31,489780.00
16418,C,2021-01-04,487420.00
16419,C,2021-01-05,491550.00
16420,C,2021-01-06,497450.00
16421,C,2021-01-07,498040.00
16422,C,2021-01-08,496860.00
16423,C,2021-01-11,497500.00
16424,C,2021-01-12,501805.00
16425,C,2021-01-13,501805.00
16426,C,2021-01-14,503650.00
16427,C,2021-01-15,501190.00
16428,C,2021-01-19,503650.00
16429,C,2021-01-20,503650.00
16430,C,2021-01-21,503035.00
16431,C,2021-01-22,503035.00
16432,C,2021-01-25,506110.00
16433,C,2021-01-26,505495.00
16434,C,2021-01-27,493810.00
16435,C,2021-01-28,497500.00
16436,C,2021-01-29,487660.00
16437,C,2021-02-01,499960.00
16438,C,2021-02-02,506110.00
16439,C,2021-02-03,506725.00
16440,C,2021-02-04,514105.00
16441,C,2021-02-05,510415.00
16442,C,2021-02-08,515335.00
16443,D,2006-12-12,101215.00
16444,D,2006-12-13,102430.00
16445,D,2006-12-14,100810.00
16446,D,2006-12-15,101620.00
16447,D,2006-12-18,103240.00
16448,D,2006-12-19,104050.00
16449,D,2006-12-20,105265.00
16450,D,2006-12-21,105670.00
16451,D,2006-12-22,106480.00
16452,D,2006-12-26,106480.00
16453,D,2006-12-27,104860.00
16454,D,2006-12-28,104657.50
16455,D,2006-12-29,107290.00
16456,D,2007-01-03,110125.00
16457,D,2007-01-04,108302.50
16458,D,2007-01-05,114580.00
16459,D,2007-01-08,117415.00
16460,D,2007-02-13,115440.00
16461,D,2007-02-14,114255.00
16462,D,2007-02-15,114057.50
16463,D,2007-02-16,114847.50
16464,D,2007-02-20,111885.00
16465,D,2007-02-21,112280.00
16466,D,2007-02-22,112082.50
16467,D,2007-02-23,112675.00
16468,D,2007-02-26,113860.00
16469,D,2007-02-27,120180.00
16470,D,2007-02-28,120970.00
16471,D,2007-03-01,122550.00
16472,D,2007-03-02,121760.00
16473,D,2007-03-05,123340.00
16474,D,2007-03-06,126895.00
16475,D,2007-03-07,128080.00
16476,D,2007-03-08,128080.00
16477,D,2007-03-09,126895.00
16478,D,2007-03-12,128870.00
16479,D,2007-03-13,131240.00
16480,D,2007-03-14,131240.00
16481,D,2007-03-15,132820.00
16482,D,2007-03-16,132030.00
16483,D,2007-03-19,131240.00
16484,D,2007-04-10,131240.00
16485,D,2007-04-11,132880.00
16486,D,2007-04-12,131650.00
16487,D,2007-04-13,131240.00
16488,D,2007-04-16,128370.00
16489,D,2007-04-17,131240.00
16490,D,2007-04-18,130420.00
16491,D,2007-04-19,132470.00
16492,D,2007-04-20,130010.00
16493,D,2007-04-23,130420.00
16494,D,2007-04-24,132060.00
16495,D,2007-04-25,128780.00
16496,D,2007-04-26,129805.00
16497,D,2007-04-27,131240.00
16498,D,2007-04-30,136570.00
16499,D,2007-05-01,136980.00
16500,D,2007-05-02,132265.00
16501,D,2007-05-03,130830.00
16502,D,2007-05-04,130830.00
16503,D,2007-05-07,130215.00
16504,D,2007-05-08,130625.00
16505,D,2007-05-09,130010.00
16506,D,2007-05-10,137185.00
16507,D,2007-05-11,132880.00
16508,D,2007-05-14,136570.00
16509,D,2007-05-15,142145.00
16510,D,2007-05-16,141325.00
16511,D,2007-05-17,146080.00
16512,D,2007-05-18,139910.00
16513,D,2007-05-21,130625.00
16514,D,2007-05-22,125465.00
16515,D,2007-05-23,127355.00
16516,D,2007-05-24,132395.00
16517,D,2007-05-25,130295.00
16518,D,2007-05-29,128615.00
16519,D,2007-05-30,127145.00
16520,D,2007-05-31,126095.00
16521,D,2007-06-01,124415.00
16522,D,2007-06-04,123155.00
16523,D,2007-06-05,126935.00
16524,D,2007-06-06,128195.00
16525,D,2007-06-07,132815.00
16526,D,2007-06-08,131345.00
16527,D,2007-06-11,132605.00
16528,D,2007-06-12,137845.00
16529,D,2007-06-13,134085.00
16530,D,2007-06-14,131350.00
16531,D,2007-06-15,122775.00
16532,D,2007-06-18,124860.00
16533,D,2007-06-19,125270.00
16534,D,2007-06-20,134290.00
16535,D,2007-06-21,133450.00
16536,D,2007-06-22,139330.00
16537,D,2007-06-25,141630.00
16538,D,2007-06-26,141630.00
16539,D,2007-06-27,143290.00
16540,D,2007-06-28,141630.00
16541,D,2007-06-29,142460.00
16542,D,2007-07-02,141215.00
16543,D,2007-07-03,139140.00
16544,D,2007-07-05,140800.00
16545,D,2007-07-06,140385.00
16546,D,2007-07-09,140177.50
16547,D,2007-07-10,145365.00
16548,D,2007-07-11,144950.00
16549,D,2007-07-12,140592.50
16550,D,2007-07-13,138932.50
16551,D,2007-07-16,143082.50
16552,D,2007-07-17,142485.00
16553,D,2007-07-18,147050.00
16554,D,2007-07-19,142045.00
16555,D,2007-07-20,151250.00
16556,D,2007-07-23,153142.50
16557,D,2007-07-24,154022.50
16558,D,2007-08-14,149017.50
16559,D,2007-08-15,150382.50
16560,D,2007-08-16,150382.50
16561,D,2007-08-17,149017.50
16562,D,2007-08-20,151747.50
16563,D,2007-08-21,152657.50
16564,D,2007-08-22,152202.50
16565,D,2007-08-23,153112.50
16566,D,2007-08-24,154022.50
16567,D,2007-08-27,155387.50
16568,D,2007-08-28,151292.50
16569,D,2007-08-29,154932.50
16570,D,2007-08-30,153567.50
16571,D,2007-08-31,153112.50
16572,D,2007-09-04,154022.50
16573,D,2007-09-05,152657.50
16574,D,2007-09-06,152202.50
16575,D,2007-09-07,151747.50
16576,D,2007-09-10,153567.50
16577,D,2007-09-11,155922.50
16578,D,2007-09-12,158317.50
16579,D,2007-09-13,157327.50
16580,D,2007-09-14,160177.50
16581,D,2007-09-17,162412.50
16582,D,2007-09-18,165422.50
16583,D,2007-09-19,162157.50
16584,D,2007-09-20,164137.50
16585,D,2007-09-21,165127.50
16586,D,2007-09-24,166117.50
16587,D,2007-09-25,168097.50
16588,D,2007-09-26,167602.50
16589,D,2007-09-27,167602.50
16590,D,2007-09-28,167602.50
16591,D,2007-10-01,165622.50
16592,D,2007-10-02,164137.50
16593,D,2007-10-03,165622.50
16594,D,2007-10-04,164632.50
16595,D,2007-10-05,162157.50
16596,D,2007-10-08,164137.50
16597,D,2007-10-09,164137.50
16598,D,2007-10-16,163692.50
16599,D,2007-10-17,164582.50
16600,D,2007-10-18,165027.50
16601,D,2007-10-19,161022.50
16602,D,2007-10-22,163247.50
16603,D,2007-10-23,164582.50
16604,D,2007-10-24,165917.50
16605,D,2007-10-25,166362.50
16606,D,2007-10-26,166807.50
16607,D,2007-10-29,167697.50
16608,D,2007-10-30,165472.50
16609,D,2007-10-31,166807.50
16610,D,2007-11-01,165917.50
16611,D,2007-11-02,163692.50
16612,D,2007-11-05,167252.50
16613,D,2007-11-06,171702.50
16614,D,2007-11-07,165472.50
16615,D,2007-11-13,167822.50
16616,D,2007-11-14,164532.50
16617,D,2007-11-15,163592.50
16618,D,2007-11-16,164062.50
16619,D,2007-11-19,163592.50
16620,D,2007-11-20,162652.50
16621,D,2007-11-21,165472.50
16622,D,2007-11-23,165002.50
16623,D,2007-11-26,165002.50
16624,D,2007-11-27,168292.50
16625,D,2007-11-28,171112.50
16626,D,2007-11-29,171582.50
16627,D,2007-11-30,172052.50
16628,D,2007-12-03,172522.50
16629,D,2007-12-04,174402.50
16630,D,2007-12-05,176282.50
16631,D,2007-12-06,175342.50
16632,D,2007-12-07,177222.50
16633,D,2007-12-10,177692.50
16634,D,2007-12-11,178162.50
16635,D,2007-12-12,179102.50
16636,D,2007-12-13,180512.50
16637,D,2007-12-14,181452.50
16638,D,2007-12-17,183332.50
16639,D,2008-02-12,184727.50
16640,D,2008-02-13,186587.50
16641,D,2008-02-14,186122.50
16642,D,2008-02-15,187052.50
16643,D,2008-02-19,187052.50
16644,D,2008-02-20,188912.50
16645,D,2008-02-21,188447.50
16646,D,2008-02-22,189842.50
16647,D,2008-02-25,192632.50
16648,D,2008-02-26,192167.50
16649,D,2008-02-27,192167.50
16650,D,2008-02-28,192167.50
16651,D,2008-02-29,189842.50
16652,D,2008-03-03,191702.50
16653,D,2008-03-04,194492.50
16654,D,2008-03-05,197282.50
16655,D,2008-03-06,194492.50
16656,D,2008-03-07,195887.50
16657,D,2008-03-10,189842.50
16658,D,2008-03-11,189842.50
16659,D,2008-03-12,189392.50
16660,D,2008-03-13,190292.50
16661,D,2008-03-14,189392.50
16662,D,2008-03-17,188042.50
16663,D,2008-03-18,187142.50
16664,D,2008-03-19,189842.50
16665,D,2008-03-20,190742.50
16666,D,2008-03-24,189392.50
16667,D,2008-03-25,188492.50
16668,D,2008-03-26,192542.50
16669,D,2008-03-27,192092.50
16670,D,2008-03-28,194342.50
16671,D,2008-03-31,193442.50
16672,D,2008-04-01,193442.50
16673,D,2008-04-02,192767.50
16674,D,2008-04-03,192317.50
16675,D,2008-04-04,193667.50
16676,D,2008-04-07,190967.50
16677,D,2008-04-08,192992.50
16678,D,2008-04-15,193432.50
16679,D,2008-04-16,193872.50
16680,D,2008-04-17,194312.50
16681,D,2008-04-18,194312.50
16682,D,2008-04-21,195632.50
16683,D,2008-04-22,197392.50
16684,D,2008-04-23,198712.50
16685,D,2008-04-24,197832.50
16686,D,2008-04-25,197832.50
16687,D,2008-04-28,197612.50
16688,D,2008-04-29,198712.50
16689,D,2008-04-30,199152.50
16690,D,2008-05-01,198492.50
16691,D,2008-05-02,197612.50
16692,D,2008-05-05,198932.50
16693,D,2008-05-06,198052.50
16694,D,2008-05-07,201132.50
16695,D,2008-05-08,202452.50
16696,D,2008-05-09,202232.50
16697,D,2008-05-12,198052.50
16698,D,2008-05-13,196292.50
16699,D,2008-06-10,195422.50
16700,D,2008-06-11,194987.50
16701,D,2008-06-12,197597.50
16702,D,2008-06-13,198902.50
16703,D,2008-06-16,200207.50
16704,D,2008-06-17,201077.50
16705,D,2008-06-18,200642.50
16706,D,2008-06-19,201947.50
16707,D,2008-06-20,201077.50
16708,D,2008-06-23,201512.50
16709,D,2008-06-24,200642.50
16710,D,2008-06-25,204122.50
16711,D,2008-06-26,204122.50
16712,D,2008-06-27,203687.50
16713,D,2008-07-15,204137.50
16714,D,2008-07-16,205037.50
16715,D,2008-07-17,205037.50
16716,D,2008-07-18,205487.50
16717,D,2008-07-21,206837.50
16718,D,2008-07-22,205937.50
16719,D,2008-07-23,205037.50
16720,D,2008-07-24,207737.50
16721,D,2008-07-25,206837.50
16722,D,2008-07-28,208637.50
16723,D,2008-07-29,208862.50
16724,D,2008-07-30,208637.50
16725,D,2008-07-31,208412.50
16726,D,2008-08-01,208187.50
16727,D,2008-08-04,212237.50
16728,D,2008-08-05,207737.50
16729,D,2008-08-06,207062.50
16730,D,2008-08-07,209987.50
16731,D,2008-08-08,205037.50
16732,D,2008-08-11,202337.50
16733,D,2008-08-12,204587.50
16734,D,2008-09-16,205507.50
16735,D,2008-09-17,201827.50
16736,D,2008-09-18,205047.50
16737,D,2008-09-19,201827.50
16738,D,2008-09-22,202747.50
16739,D,2008-09-23,203207.50
16740,D,2008-09-24,202747.50
16741,D,2008-09-25,204587.50
16742,D,2008-09-26,203207.50
16743,D,2008-09-29,195847.50
16744,D,2008-09-30,203207.50
16745,D,2008-10-01,200447.50
16746,D,2008-10-02,190787.50
16747,D,2008-11-11,190787.50
16748,D,2008-11-12,189302.50
16749,D,2008-11-13,190292.50
16750,D,2008-11-14,186827.50
16751,D,2008-11-17,190787.50
16752,D,2008-11-18,180392.50
16753,D,2008-12-16,183927.50
16754,D,2008-12-17,185947.50
16755,D,2008-12-18,188977.50
16756,D,2008-12-19,189987.50
16757,D,2008-12-22,192007.50
16758,D,2008-12-23,190492.50
16759,D,2008-12-24,190997.50
16760,D,2008-12-26,193017.50
16761,D,2008-12-29,193017.50
16762,D,2008-12-30,194532.50
16763,D,2008-12-31,194027.50
16764,D,2009-01-02,195037.50
16765,D,2009-01-05,194532.50
16766,D,2009-01-06,192765.00
16767,D,2009-01-07,195037.50
16768,D,2009-01-08,194532.50
16769,D,2009-01-09,197057.50
16770,D,2009-01-12,200087.50
16771,D,2009-01-13,200522.50
16772,D,2009-01-14,200662.50
16773,D,2009-01-15,202072.50
16774,D,2009-01-16,203952.50
16775,D,2009-01-20,197842.50
16776,D,2009-01-21,203012.50
16777,D,2009-01-22,203012.50
16778,D,2009-01-23,206302.50
16779,D,2009-01-26,207242.50
16780,D,2009-01-27,211002.50
16781,D,2009-01-28,211942.50
16782,D,2009-01-29,212412.50
16783,D,2009-01-30,211002.50
16784,D,2009-02-02,212882.50
16785,D,2009-02-03,216642.50
16786,D,2009-02-04,216642.50
16787,D,2009-02-05,217112.50
16788,D,2009-02-06,216642.50
16789,D,2009-02-09,218992.50
16790,D,2009-02-10,215852.50
16791,D,2009-02-11,220502.50
16792,D,2009-02-12,224062.50
16793,D,2009-02-13,224507.50
16794,D,2009-02-17,223172.50
16795,D,2009-02-18,220947.50
16796,D,2009-03-10,220947.50
16797,D,2009-03-11,221787.50
16798,D,2009-03-12,219897.50
16799,D,2009-03-13,219267.50
16800,D,2009-03-16,219477.50
16801,D,2009-03-17,219057.50
16802,D,2009-03-18,215277.50
16803,D,2009-03-19,215067.50
16804,D,2009-03-20,215907.50
16805,D,2009-03-23,212127.50
16806,D,2009-03-24,215907.50
16807,D,2009-03-25,215907.50
16808,D,2009-03-26,211917.50
16809,D,2009-03-27,213177.50
16810,D,2009-03-30,215697.50
16811,D,2009-03-31,216747.50
16812,D,2009-04-01,214647.50
16813,D,2009-04-02,212127.50
16814,D,2009-04-03,211077.50
16815,D,2009-04-06,211077.50
16816,D,2009-04-07,211287.50
16817,D,2009-05-12,210862.50
16818,D,2009-05-13,208312.50
16819,D,2009-05-14,210012.50
16820,D,2009-05-15,210437.50
16821,D,2009-05-18,215112.50
16822,D,2009-05-19,215962.50
16823,D,2009-05-20,216387.50
16824,D,2009-05-21,214262.50
16825,D,2009-05-22,216387.50
16826,D,2009-05-26,216812.50
16827,D,2009-05-27,218087.50
16828,D,2009-05-28,218937.50
16829,D,2009-05-29,220212.50
16830,D,2009-06-01,215962.50
16831,D,2009-06-02,215537.50
16832,D,2009-06-03,216387.50
16833,D,2009-06-04,215112.50
16834,D,2009-06-05,215537.50
16835,D,2009-06-08,215962.50
16836,D,2009-06-09,215537.50
16837,D,2009-06-10,220000.00
16838,D,2009-06-11,218087.50
16839,D,2009-06-12,218087.50
16840,D,2009-06-15,224887.50
16841,D,2009-06-16,229127.50
16842,D,2009-06-17,229967.50
16843,D,2009-06-18,230387.50
16844,D,2009-06-19,231227.50
16845,D,2009-06-22,232067.50
16846,D,2009-06-23,233747.50
16847,D,2009-06-24,235007.50
16848,D,2009-06-25,237947.50
16849,D,2009-06-26,237107.50
16850,D,2009-06-29,238787.50
16851,D,2009-06-30,239207.50
16852,D,2009-07-01,238367.50
16853,D,2009-07-02,242147.50
16854,D,2009-07-06,243827.50
16855,D,2009-07-07,242987.50
16856,D,2009-07-08,242567.50
16857,D,2009-07-09,247187.50
16858,D,2009-08-11,247587.50
16859,D,2009-08-12,245987.50
16860,D,2009-08-13,246387.50
16861,D,2009-08-14,248787.50
16862,D,2009-08-17,248387.50
16863,D,2009-08-18,247587.50
16864,D,2009-08-19,248787.50
16865,D,2009-08-20,250387.50
16866,D,2009-08-21,248787.50
16867,D,2009-08-24,247987.50
16868,D,2009-08-25,248787.50
16869,D,2009-08-26,249187.50
16870,D,2009-08-27,249587.50
16871,D,2009-08-28,250387.50
16872,D,2009-08-31,252787.50
16873,D,2009-09-01,254387.50
16874,D,2009-09-02,255587.50
16875,D,2009-09-03,255587.50
16876,D,2009-09-04,256387.50
16877,D,2009-09-08,255987.50
16878,D,2009-09-09,252587.50
16879,D,2009-09-10,248787.50
16880,D,2009-09-11,248787.50
16881,D,2009-09-14,245987.50
16882,D,2009-09-15,244387.50
16883,D,2009-10-13,243982.50
16884,D,2009-10-14,242767.50
16885,D,2009-10-15,244387.50
16886,D,2009-10-16,246412.50
16887,D,2009-10-19,245602.50
16888,D,2009-10-20,247222.50
16889,D,2009-10-21,248842.50
16890,D,2009-10-22,248437.50
16891,D,2009-10-23,249247.50
16892,D,2009-10-26,251272.50
16893,D,2009-10-27,250867.50
16894,D,2009-10-28,246412.50
16895,D,2010-02-09,246017.50
16896,D,2010-02-10,245227.50
16897,D,2010-02-11,244042.50
16898,D,2010-02-12,243252.50
16899,D,2010-02-16,241277.50
16900,D,2010-02-17,241277.50
16901,D,2010-02-18,238710.00
16902,D,2010-02-19,237327.50
16903,D,2010-02-22,238315.00
16904,D,2010-02-23,240092.50
16905,D,2010-02-24,238512.50
16906,D,2010-02-25,238512.50
16907,D,2010-02-26,238710.00
16908,D,2010-03-01,235550.00
16909,D,2010-03-02,234562.50
16910,D,2010-03-03,233575.00
16911,D,2010-03-04,233377.50
16912,D,2010-03-05,229625.00
16913,D,2010-03-08,231402.50
16914,D,2010-03-09,230217.50
16915,D,2010-03-16,230612.50
16916,D,2010-03-17,228637.50
16917,D,2010-03-18,230612.50
16918,D,2010-03-19,232982.50
16919,D,2010-03-22,229427.50
16920,D,2010-03-23,227452.50
16921,D,2010-03-24,230217.50
16922,D,2010-03-25,230217.50
16923,D,2010-03-26,230612.50
16924,D,2010-03-29,231797.50
16925,D,2010-03-30,231797.50
16926,D,2010-03-31,232192.50
16927,D,2010-04-01,231797.50
16928,D,2010-04-05,228637.50
16929,D,2010-04-06,226070.00
16930,D,2010-04-07,228835.00
16931,D,2010-04-08,226860.00
16932,D,2010-04-09,225477.50
16933,D,2010-04-12,223897.50
16934,D,2010-04-13,222712.50
16935,D,2010-07-13,216112.50
16936,D,2010-07-14,220512.50
16937,D,2010-07-15,221392.50
16938,D,2010-07-16,222712.50
16939,D,2010-07-19,223152.50
16940,D,2010-07-20,223592.50
16941,D,2010-07-21,223152.50
16942,D,2010-07-22,221832.50
16943,D,2010-07-23,222272.50
16944,D,2010-07-26,219192.50
16945,D,2010-07-27,220512.50
16946,D,2010-07-28,223152.50
16947,D,2010-07-29,223592.50
16948,D,2010-07-30,223152.50
16949,D,2010-08-02,222712.50
16950,D,2010-08-03,223152.50
16951,D,2010-08-04,224032.50
16952,D,2010-08-05,224032.50
16953,D,2010-08-06,227992.50
16954,D,2010-08-09,226232.50
16955,D,2010-08-10,228432.50
16956,D,2010-10-12,227552.50
16957,D,2010-10-13,227992.50
16958,D,2010-10-14,228872.50
16959,D,2010-10-15,228872.50
16960,D,2010-10-18,230192.50
16961,D,2010-10-19,231952.50
16962,D,2010-10-20,231512.50
16963,D,2010-10-21,232392.50
16964,D,2010-10-22,234592.50
16965,D,2010-10-25,233272.50
16966,D,2010-10-26,232832.50
16967,D,2010-10-27,234152.50
16968,D,2010-10-28,234592.50
16969,D,2010-10-29,233712.50
16970,D,2010-11-01,236352.50
16971,D,2010-11-02,233712.50
16972,D,2010-11-03,235472.50
16973,D,2010-11-04,231512.50
16974,D,2010-11-05,232172.50
16975,D,2010-11-08,230632.50
16976,D,2010-11-09,235032.50
16977,D,2010-12-14,233817.50
16978,D,2010-12-15,231792.50
16979,D,2010-12-16,231792.50
16980,D,2010-12-17,231792.50
16981,D,2010-12-20,233007.50
16982,D,2010-12-21,232197.50
16983,D,2010-12-22,230982.50
16984,D,2010-12-23,230577.50
16985,D,2010-12-27,229362.50
16986,D,2010-12-28,226932.50
16987,D,2010-12-29,228552.50
16988,D,2010-12-30,226932.50
16989,D,2010-12-31,224907.50
16990,D,2011-01-03,228552.50
16991,D,2011-01-04,233007.50
16992,D,2011-01-05,231387.50
16993,D,2011-01-06,233007.50
16994,D,2011-01-07,233412.50
16995,D,2011-01-10,231387.50
16996,D,2011-01-11,233412.50
16997,D,2011-01-12,232805.00
16998,D,2011-03-15,225445.00
16999,D,2011-03-16,230045.00
17000,D,2011-03-17,231885.00
17001,D,2011-03-18,230505.00
17002,D,2011-03-21,236485.00
17003,D,2011-03-22,237405.00
17004,D,2011-03-23,236025.00
17005,D,2011-03-24,236485.00
17006,D,2011-03-25,236945.00
17007,D,2011-03-28,236485.00
17008,D,2011-03-29,236485.00
17009,D,2011-03-30,236485.00
17010,D,2011-03-31,236485.00
17011,D,2011-04-01,236485.00
17012,D,2011-04-04,238785.00
17013,D,2011-04-05,237175.00
17014,D,2011-04-06,237865.00
17015,D,2011-04-07,237635.00
17016,D,2011-04-08,240395.00
17017,D,2011-04-11,242465.00
17018,D,2011-04-12,247510.00
17019,D,2011-04-13,250475.00
17020,D,2011-04-14,251835.00
17021,D,2011-04-15,250440.00
17022,D,2011-04-18,253170.00
17023,D,2011-04-19,254535.00
17024,D,2011-04-20,251350.00
17025,D,2011-04-21,251350.00
17026,D,2011-04-25,253170.00
17027,D,2011-04-26,248620.00
17028,D,2011-04-27,249530.00
17029,D,2011-04-28,249530.00
17030,D,2011-04-29,248165.00
17031,D,2011-05-02,250440.00
17032,D,2011-05-03,251805.00
17033,D,2011-05-04,256355.00
17034,D,2011-05-05,255445.00
17035,D,2011-05-06,257720.00
17036,D,2011-05-09,256810.00
17037,D,2011-05-10,253625.00
17038,D,2011-05-11,259540.00
17039,D,2011-05-12,255445.00
17040,D,2011-05-13,260450.00
17041,D,2011-05-16,265000.00
17042,D,2011-06-14,263725.00
17043,D,2011-06-15,263300.00
17044,D,2011-06-16,266275.00
17045,D,2011-06-17,261175.00
17046,D,2011-06-20,263725.00
17047,D,2011-06-21,262875.00
17048,D,2011-06-22,262875.00
17049,D,2011-06-23,262875.00
17050,D,2011-06-24,263300.00
17051,D,2011-06-27,263725.00
17052,D,2011-06-28,262025.00
17053,D,2011-06-29,261175.00
17054,D,2011-06-30,261175.00
17055,D,2011-07-01,261812.50
17056,D,2011-07-05,261600.00
17057,D,2011-07-06,260750.00
17058,D,2011-07-07,257775.00
17059,D,2011-07-08,259475.00
17060,D,2011-07-11,262450.00
17061,D,2011-07-12,262252.50
17062,D,2011-07-13,261372.50
17063,D,2011-07-14,262692.50
17064,D,2011-07-15,262252.50
17065,D,2011-07-18,264452.50
17066,D,2011-07-19,264892.50
17067,D,2011-07-20,264452.50
17068,D,2011-07-21,264452.50
17069,D,2011-07-22,265332.50
17070,D,2011-07-25,267092.50
17071,D,2011-07-26,264452.50
17072,D,2011-07-27,265772.50
17073,D,2011-07-28,263132.50
17074,D,2011-07-29,266212.50
17075,D,2011-08-01,269732.50
17076,D,2011-08-02,261372.50
17077,D,2011-11-15,262382.50
17078,D,2011-11-16,262887.50
17079,D,2011-11-17,258847.50
17080,D,2011-11-18,259857.50
17081,D,2011-11-21,258847.50
17082,D,2011-11-22,262382.50
17083,D,2011-11-23,259352.50
17084,D,2011-12-13,254942.50
17085,D,2011-12-14,256412.50
17086,D,2011-12-15,258862.50
17087,D,2011-12-16,260332.50
17088,D,2011-12-19,260332.50
17089,D,2011-12-20,265722.50
17090,D,2011-12-21,264252.50
17091,D,2011-12-22,266212.50
17092,D,2011-12-23,267192.50
17093,D,2011-12-27,268172.50
17094,D,2011-12-28,267192.50
17095,D,2011-12-29,267682.50
17096,D,2011-12-30,269152.50
17097,D,2012-01-03,270132.50
17098,D,2012-01-04,271112.50
17099,D,2012-01-05,272092.50
17100,D,2012-01-06,274052.50
17101,D,2012-01-09,274052.50
17102,D,2012-01-10,272092.50
17103,D,2012-03-13,272972.50
17104,D,2012-03-14,272092.50
17105,D,2012-03-15,271212.50
17106,D,2012-03-16,273852.50
17107,D,2012-03-19,272972.50
17108,D,2012-03-20,274732.50
17109,D,2012-03-21,275172.50
17110,D,2012-03-22,275172.50
17111,D,2012-03-23,276492.50
17112,D,2012-03-26,274292.50
17113,D,2012-03-27,274292.50
17114,D,2012-03-28,275612.50
17115,D,2012-03-29,275172.50
17116,D,2012-03-30,275612.50
17117,D,2012-04-02,275612.50
17118,D,2012-04-03,275612.50
17119,D,2012-04-04,280892.50
17120,D,2012-04-05,282212.50
17121,D,2012-04-09,283972.50
17122,D,2012-04-10,280867.50
17123,D,2012-04-11,282612.50
17124,D,2012-04-12,281752.50
17125,D,2012-04-13,284842.50
17126,D,2012-04-16,287957.50
17127,D,2012-04-17,286642.50
17128,D,2012-04-18,291487.50
17129,D,2012-04-19,293267.50
17130,D,2012-04-20,294602.50
17131,D,2012-04-23,294157.50
17132,D,2012-04-24,295047.50
17133,D,2012-04-25,297272.50
17134,D,2012-04-26,295492.50
17135,D,2012-04-27,295047.50
17136,D,2012-04-30,295937.50
17137,D,2012-05-01,297272.50
17138,D,2012-05-02,296827.50
17139,D,2012-05-03,299942.50
17140,D,2012-05-04,302612.50
17141,D,2012-05-07,305727.50
17142,D,2012-05-08,305282.50
17143,D,2012-05-09,303947.50
17144,D,2012-05-10,307507.50
17145,D,2012-05-15,306142.50
17146,D,2012-05-16,307052.50
17147,D,2012-05-17,306142.50
17148,D,2012-05-18,302502.50
17149,D,2012-05-21,307507.50
17150,D,2012-05-22,306142.50
17151,D,2012-05-23,312057.50
17152,D,2012-05-24,309782.50
17153,D,2012-05-25,309327.50
17154,D,2012-05-29,311602.50
17155,D,2012-05-30,309327.50
17156,D,2012-05-31,310692.50
17157,D,2012-06-01,308417.50
17158,D,2012-06-12,307067.50
17159,D,2012-06-13,305717.50
17160,D,2012-06-14,307517.50
17161,D,2012-07-17,307947.50
17162,D,2012-07-18,309237.50
17163,D,2012-07-19,310527.50
17164,D,2012-07-20,310097.50
17165,D,2012-07-23,309237.50
17166,D,2012-07-24,307947.50
17167,D,2012-07-25,310097.50
17168,D,2012-07-26,314397.50
17169,D,2012-07-27,314397.50
17170,D,2012-07-30,314827.50
17171,D,2012-07-31,314827.50
17172,D,2012-08-01,315687.50
17173,D,2012-08-02,318267.50
17174,D,2012-08-03,319557.50
17175,D,2012-08-06,322997.50
17176,D,2012-08-07,320847.50
17177,D,2012-08-08,321707.50
17178,D,2012-08-09,322567.50
17179,D,2012-08-10,323427.50
17180,D,2012-08-13,326007.50
17181,D,2012-08-14,323487.50
17182,D,2012-08-15,325587.50
17183,D,2012-08-16,325167.50
17184,D,2012-08-17,325167.50
17185,D,2012-08-20,326007.50
17186,D,2012-08-21,324747.50
17187,D,2012-08-22,326007.50
17188,D,2012-08-23,326847.50
17189,D,2012-08-24,324747.50
17190,D,2012-08-27,327267.50
17191,D,2012-08-28,326007.50
17192,D,2012-08-29,324327.50
17193,D,2012-08-30,325167.50
17194,D,2012-08-31,327687.50
17195,D,2012-09-04,323907.50
17196,D,2012-09-05,325167.50
17197,D,2012-09-06,324747.50
17198,D,2012-09-07,323277.50
17199,D,2012-09-10,324537.50
17200,D,2012-09-11,321812.50
17201,D,2012-09-12,320152.50
17202,D,2012-09-13,323057.50
17203,D,2012-09-14,321812.50
17204,D,2012-09-17,320982.50
17205,D,2012-09-18,325132.50
17206,D,2012-09-19,322642.50
17207,D,2012-09-20,325132.50
17208,D,2012-09-21,324717.50
17209,D,2012-09-24,326792.50
17210,D,2012-09-25,330112.50
17211,D,2012-09-26,330942.50
17212,D,2012-09-27,329282.50
17213,D,2012-09-28,331357.50
17214,D,2012-10-01,332187.50
17215,D,2012-10-02,333432.50
17216,D,2012-10-03,334677.50
17217,D,2012-10-04,334262.50
17218,D,2012-10-05,336337.50
17219,D,2012-10-08,337582.50
17220,D,2012-10-09,342147.50
17221,D,2012-11-13,342967.50
17222,D,2012-11-14,342147.50
17223,D,2012-11-15,342147.50
17224,D,2012-11-16,346657.50
17225,D,2012-11-19,348707.50
17226,D,2012-11-20,347887.50
17227,D,2012-11-21,347887.50
17228,D,2012-11-23,345427.50
17229,D,2012-11-26,345837.50
17230,D,2012-11-27,344607.50
17231,D,2012-11-28,343787.50
17232,D,2012-11-29,339687.50
17233,D,2012-11-30,342352.50
17234,D,2012-12-03,341942.50
17235,D,2012-12-04,342557.50
17236,D,2012-12-05,342352.50
17237,D,2012-12-06,341942.50
17238,D,2012-12-07,342557.50
17239,D,2012-12-10,341737.50
17240,D,2012-12-11,338457.50
17241,D,2013-01-08,338057.50
17242,D,2013-01-09,338057.50
17243,D,2013-01-10,337657.50
17244,D,2013-01-11,336057.50
17245,D,2013-01-14,337657.50
17246,D,2013-01-15,336457.50
17247,D,2013-01-16,338857.50
17248,D,2013-01-17,335657.50
17249,D,2013-01-18,338457.50
17250,D,2013-01-22,337857.50
17251,D,2013-01-23,339457.50
17252,D,2013-01-24,337857.50
17253,D,2013-01-25,337057.50
17254,D,2013-01-28,335857.50
17255,D,2013-01-29,336657.50
17256,D,2013-01-30,341857.50
17257,D,2013-01-31,338057.50
17258,D,2013-02-01,333857.50
17259,D,2013-02-04,341057.50
17260,D,2013-02-05,335657.50
17261,D,2013-02-06,335257.50
17262,D,2013-02-07,336657.50
17263,D,2013-02-08,332857.50
17264,D,2013-02-12,332857.50
17265,D,2013-02-13,331277.50
17266,D,2013-02-14,331672.50
17267,D,2013-02-15,330487.50
17268,D,2013-02-19,330092.50
17269,D,2013-02-20,332857.50
17270,D,2013-02-21,335622.50
17271,D,2013-02-22,334437.50
17272,D,2013-02-25,334832.50
17273,D,2013-02-26,336412.50
17274,D,2013-02-27,335227.50
17275,D,2013-02-28,334437.50
17276,D,2013-03-01,334437.50
17277,D,2013-03-04,335227.50
17278,D,2013-03-05,331672.50
17279,D,2013-03-06,331080.00
17280,D,2013-03-07,329105.00
17281,D,2013-03-08,325352.50
17282,D,2013-03-11,326932.50
17283,D,2013-03-12,326152.50
17284,D,2013-03-13,328102.50
17285,D,2013-03-14,323812.50
17286,D,2013-03-15,324592.50
17287,D,2013-03-18,325762.50
17288,D,2013-03-19,325372.50
17289,D,2013-03-20,324982.50
17290,D,2013-03-21,326152.50
17291,D,2013-03-22,324592.50
17292,D,2013-03-25,325372.50
17293,D,2013-03-26,324982.50
17294,D,2013-03-27,325372.50
17295,D,2013-03-28,325372.50
17296,D,2013-04-01,331612.50
17297,D,2013-04-02,332782.50
17298,D,2013-04-03,337072.50
17299,D,2013-04-04,336292.50
17300,D,2013-04-05,336682.50
17301,D,2013-04-08,337462.50
17302,D,2013-04-09,335902.50
17303,D,2013-04-10,331417.50
17304,D,2013-04-11,332197.50
17305,D,2013-04-12,335512.50
17306,D,2013-04-15,344092.50
17307,D,2013-04-16,341187.50
17308,D,2013-04-17,342017.50
17309,D,2013-04-18,342017.50
17310,D,2013-04-19,342432.50
17311,D,2013-04-22,343677.50
17312,D,2013-04-23,342432.50
17313,D,2013-04-24,341602.50
17314,D,2013-04-25,340357.50
17315,D,2013-04-26,342017.50
17316,D,2013-04-29,341187.50
17317,D,2013-04-30,340357.50
17318,D,2013-05-01,344092.50
17319,D,2013-05-02,342017.50
17320,D,2013-05-03,339320.00
17321,D,2013-05-06,338075.00
17322,D,2013-05-07,337245.00
17323,D,2013-05-08,337660.00
17324,D,2013-05-09,338075.00
17325,D,2013-05-10,336207.50
17326,D,2013-05-13,337452.50
17327,D,2013-05-14,334112.50
17328,D,2013-05-15,332852.50
17329,D,2013-05-16,334532.50
17330,D,2013-05-17,334532.50
17331,D,2013-05-20,334112.50
17332,D,2013-05-21,333692.50
17333,D,2013-05-22,336212.50
17334,D,2013-05-23,335792.50
17335,D,2013-05-24,336212.50
17336,D,2013-05-28,334532.50
17337,D,2013-05-29,336212.50
17338,D,2013-05-30,335792.50
17339,D,2013-05-31,334952.50
17340,D,2013-06-03,335372.50
17341,D,2013-06-04,335372.50
17342,D,2013-06-05,337892.50
17343,D,2013-06-06,337472.50
17344,D,2013-06-07,339152.50
17345,D,2013-06-10,338312.50
17346,D,2013-06-11,338732.50
17347,D,2013-06-12,339152.50
17348,D,2013-06-13,337892.50
17349,D,2013-06-14,339572.50
17350,D,2013-06-17,339572.50
17351,D,2013-06-18,337682.50
17352,D,2013-06-19,340412.50
17353,D,2013-06-20,345452.50
17354,D,2013-06-21,348392.50
17355,D,2013-06-24,351332.50
17356,D,2014-01-14,352652.50
17357,D,2014-01-15,351332.50
17358,D,2014-01-16,349572.50
17359,D,2014-01-17,353092.50
17360,D,2014-01-21,350452.50
17361,D,2014-01-22,350892.50
17362,D,2014-01-23,351772.50
17363,D,2014-01-24,353972.50
17364,D,2014-01-27,356612.50
17365,D,2014-01-28,358812.50
17366,D,2014-01-29,360132.50
17367,D,2014-01-30,355292.50
17368,D,2014-01-31,352212.50
17369,D,2014-02-03,351772.50
17370,D,2014-03-11,346552.50
17371,D,2014-03-12,350032.50
17372,D,2014-03-13,347422.50
17373,D,2014-03-14,344812.50
17374,D,2014-03-17,349162.50
17375,D,2014-03-18,348727.50
17376,D,2014-03-19,351337.50
17377,D,2014-03-20,350902.50
17378,D,2014-03-21,350902.50
17379,D,2014-03-24,350467.50
17380,D,2014-03-25,354382.50
17381,D,2014-03-26,353947.50
17382,D,2014-04-15,352997.50
17383,D,2014-04-16,357747.50
17384,D,2014-04-17,355847.50
17385,D,2014-04-21,358697.50
17386,D,2014-04-22,359172.50
17387,D,2014-04-23,357747.50
17388,D,2014-04-24,360122.50
17389,D,2014-04-25,358222.50
17390,D,2014-04-28,360122.50
17391,D,2014-04-29,360122.50
17392,D,2014-04-30,361072.50
17393,D,2014-05-01,362497.50
17394,D,2014-05-02,362022.50
17395,D,2014-05-05,364397.50
17396,D,2014-05-06,364872.50
17397,D,2014-05-07,364397.50
17398,D,2014-05-08,364872.50
17399,D,2014-05-09,365822.50
17400,D,2014-05-12,369147.50
17401,D,2014-05-13,374372.50
17402,D,2014-09-16,373472.50
17403,D,2014-09-17,376172.50
17404,D,2014-09-18,375272.50
17405,D,2014-09-19,376622.50
17406,D,2014-09-22,376172.50
17407,D,2014-09-23,374372.50
17408,D,2014-09-24,376172.50
17409,D,2014-09-25,374822.50
17410,D,2014-09-26,375272.50
17411,D,2014-09-29,377522.50
17412,D,2014-09-30,377972.50
17413,D,2014-10-14,376562.50
17414,D,2014-10-15,377502.50
17415,D,2014-10-16,377032.50
17416,D,2014-10-17,377032.50
17417,D,2014-10-20,378442.50
17418,D,2014-10-21,379852.50
17419,D,2014-10-22,377972.50
17420,D,2014-10-23,380322.50
17421,D,2014-10-24,380322.50
17422,D,2014-10-27,379382.50
17423,D,2014-10-28,377737.50
17424,D,2014-10-29,377032.50
17425,D,2014-10-30,378207.50
17426,D,2014-10-31,376562.50
17427,D,2014-11-03,378207.50
17428,D,2014-11-04,377737.50
17429,D,2014-11-05,378207.50
17430,D,2014-11-06,375387.50
17431,D,2014-11-07,376092.50
17432,D,2014-11-10,377737.50
17433,D,2014-11-11,374917.50
17434,D,2014-12-15,374917.50
17435,D,2014-12-16,374432.50
17436,D,2014-12-17,376372.50
17437,D,2014-12-18,378312.50
17438,D,2014-12-19,377342.50
17439,D,2014-12-22,377342.50
17440,D,2014-12-23,378312.50
17441,D,2014-12-24,380252.50
17442,D,2014-12-26,377827.50
17443,D,2014-12-29,377827.50
17444,D,2014-12-30,378797.50
17445,D,2014-12-31,376857.50
17446,D,2015-01-02,380252.50
17447,D,2015-01-05,378797.50
17448,D,2015-01-06,379767.50
17449,D,2015-01-07,383162.50
17450,D,2015-01-08,383647.50
17451,D,2015-01-09,381707.50
17452,D,2015-01-12,381752.50
17453,D,2015-01-13,378462.50
17454,D,2015-01-14,379902.50
17455,D,2015-01-15,377977.50
17456,D,2015-01-16,383692.50
17457,D,2015-01-20,389407.50
17458,D,2015-01-21,393712.50
17459,D,2015-01-22,394562.50
17460,D,2015-01-23,392682.50
17461,D,2015-01-26,392212.50
17462,D,2015-01-27,390332.50
17463,D,2015-01-28,390332.50
17464,D,2015-01-29,388922.50
17465,D,2015-01-30,392212.50
17466,D,2015-02-02,390802.50
17467,D,2015-02-03,391272.50
17468,D,2015-02-04,393622.50
17469,D,2015-02-05,391742.50
17470,D,2015-02-06,391742.50
17471,D,2015-02-09,396487.50
17472,D,2015-02-10,398427.50
17473,D,2015-02-11,399867.50
17474,D,2015-02-12,401762.50
17475,D,2015-02-13,403232.50
17476,D,2015-02-17,403717.50
17477,D,2015-02-18,404202.50
17478,D,2015-02-19,403232.50
17479,D,2015-02-20,404687.50
17480,D,2015-02-23,403717.50
17481,D,2015-02-24,405657.50
17482,D,2015-02-25,403717.50
17483,D,2015-02-26,407112.50
17484,D,2015-02-27,403717.50
17485,D,2015-03-02,406142.50
17486,D,2015-03-03,406142.50
17487,D,2015-03-04,407112.50
17488,D,2015-03-05,406142.50
17489,D,2015-03-06,410022.50
17490,D,2015-03-09,411337.50
17491,D,2015-03-10,414832.50
17492,D,2015-03-11,412812.50
17493,D,2015-03-12,410367.50
17494,D,2015-03-13,408972.50
17495,D,2015-03-16,410367.50
17496,D,2015-03-17,408972.50
17497,D,2015-03-18,408972.50
17498,D,2015-03-19,408972.50
17499,D,2015-03-20,408507.50
17500,D,2015-03-23,409902.50
17501,D,2015-03-24,410367.50
17502,D,2015-03-25,411297.50
17503,D,2015-03-26,413157.50
17504,D,2015-03-27,413157.50
17505,D,2015-03-30,411297.50
17506,D,2015-03-31,411297.50
17507,D,2015-04-01,410367.50
17508,D,2015-04-02,412692.50
17509,D,2015-04-06,411297.50
17510,D,2015-06-15,410397.50
17511,D,2015-06-16,407247.50
17512,D,2015-06-17,408147.50
17513,D,2015-06-18,409047.50
17514,D,2015-06-19,411297.50
17515,D,2015-06-22,412197.50
17516,D,2015-06-23,412647.50
17517,D,2015-06-24,411747.50
17518,D,2015-06-25,411747.50
17519,D,2015-06-26,411297.50
17520,D,2015-06-29,408597.50
17521,D,2015-06-30,410847.50
17522,D,2015-07-01,413997.50
17523,D,2015-07-02,413547.50
17524,D,2015-07-06,410397.50
17525,D,2015-07-07,412647.50
17526,D,2015-07-08,413097.50
17527,D,2015-07-09,415347.50
17528,D,2015-07-10,417597.50
17529,D,2015-07-13,419847.50
17530,D,2015-07-14,421197.50
17531,D,2015-07-15,422097.50
17532,D,2015-07-16,422097.50
17533,D,2015-07-17,426147.50
17534,D,2015-08-10,426147.50
17535,D,2015-08-11,426612.50
17536,D,2015-08-12,426612.50
17537,D,2015-08-13,428937.50
17538,D,2015-08-14,429402.50
17539,D,2015-08-17,428472.50
17540,D,2015-08-18,428937.50
17541,D,2015-08-19,429402.50
17542,D,2015-08-20,430332.50
17543,D,2015-08-21,425682.50
17544,D,2015-10-13,419767.50
17545,D,2015-10-14,426592.50
17546,D,2015-10-15,426592.50
17547,D,2015-10-16,426137.50
17548,D,2015-10-19,427047.50
17549,D,2015-10-20,427047.50
17550,D,2015-10-21,426592.50
17551,D,2015-10-22,427502.50
17552,D,2015-10-23,428412.50
17553,D,2015-10-26,429777.50
17554,D,2015-10-27,431597.50
17555,D,2015-10-28,429322.50
17556,D,2015-10-29,432962.50
17557,D,2015-10-30,432052.50
17558,D,2015-11-02,429777.50
17559,D,2015-11-03,427957.50
17560,D,2015-11-04,429777.50
17561,D,2015-11-05,428412.50
17562,D,2015-11-06,428867.50
17563,D,2015-11-09,427957.50
17564,D,2015-11-10,429322.50
17565,D,2015-11-11,432962.50
17566,D,2015-11-12,433872.50
17567,D,2015-11-13,433872.50
17568,D,2015-11-16,437057.50
17569,D,2015-11-17,436147.50
17570,D,2015-11-18,438422.50
17571,D,2015-11-19,442062.50
17572,D,2015-12-14,443002.50
17573,D,2015-12-15,445352.50
17574,D,2015-12-16,445352.50
17575,D,2015-12-17,447232.50
17576,D,2015-12-18,446292.50
17577,D,2015-12-21,448172.50
17578,D,2015-12-22,448172.50
17579,D,2015-12-23,448172.50
17580,D,2015-12-24,446762.50
17581,D,2015-12-28,448172.50
17582,D,2015-12-29,448172.50
17583,D,2015-12-30,449112.50
17584,D,2015-12-31,448642.50
17585,D,2016-01-04,450052.50
17586,D,2016-01-05,452402.50
17587,D,2016-01-06,453812.50
17588,D,2016-01-07,441592.50
17589,D,2016-01-11,442562.50
17590,D,2016-01-12,445957.50
17591,D,2016-01-13,442077.50
17592,D,2016-01-14,443532.50
17593,D,2016-01-15,436257.50
17594,D,2016-02-08,440712.50
17595,D,2016-02-09,438237.50
17596,D,2016-02-10,432792.50
17597,D,2016-02-11,434277.50
17598,D,2016-02-12,433782.50
17599,D,2016-02-16,440217.50
17600,D,2016-02-17,441702.50
17601,D,2016-02-18,443682.50
17602,D,2016-02-19,444177.50
17603,D,2016-02-22,446652.50
17604,D,2016-02-23,447147.50
17605,D,2016-02-24,445662.50
17606,D,2016-02-25,447147.50
17607,D,2016-02-26,445662.50
17608,D,2016-02-29,446157.50
17609,D,2016-03-01,444177.50
17610,D,2016-03-02,443187.50
17611,D,2016-03-03,443435.00
17612,D,2016-03-04,441950.00
17613,D,2016-03-07,440960.00
17614,D,2016-05-09,442340.00
17615,D,2016-05-10,442340.00
17616,D,2016-05-11,441880.00
17617,D,2016-05-12,442800.00
17618,D,2016-05-13,442800.00
17619,D,2016-05-16,445560.00
17620,D,2016-05-17,444180.00
17621,D,2016-05-18,444180.00
17622,D,2016-05-19,442340.00
17623,D,2016-05-20,445100.00
17624,D,2016-05-23,446940.00
17625,D,2016-05-24,446480.00
17626,D,2016-05-25,446940.00
17627,D,2016-05-26,447400.00
17628,D,2016-05-27,446020.00
17629,D,2016-05-31,444640.00
17630,D,2016-06-01,444180.00
17631,D,2016-06-02,442800.00
17632,D,2016-06-03,443720.00
17633,D,2016-06-06,441650.00
17634,D,2016-06-13,437970.00
17635,D,2016-06-14,437510.00
17636,D,2016-06-15,440270.00
17637,D,2016-06-16,439810.00
17638,D,2016-06-17,440730.00
17639,D,2016-06-20,442110.00
17640,D,2016-06-21,443490.00
17641,D,2016-06-22,442110.00
17642,D,2016-06-23,443030.00
17643,D,2016-06-24,442110.00
17644,D,2016-06-27,435670.00
17645,D,2016-09-12,436610.00
17646,D,2016-09-13,439430.00
17647,D,2016-09-14,433320.00
17648,D,2016-09-15,436140.00
17649,D,2016-09-16,436610.00
17650,D,2016-09-19,438020.00
17651,D,2016-09-20,436610.00
17652,D,2016-09-21,439430.00
17653,D,2016-09-22,437550.00
17654,D,2016-09-23,438490.00
17655,D,2016-09-26,439430.00
17656,D,2016-09-27,440370.00
17657,D,2016-09-28,439900.00
17658,D,2016-09-29,439900.00
17659,D,2016-09-30,439900.00
17660,D,2016-10-03,440370.00
17661,D,2016-10-04,441780.00
17662,D,2016-10-05,439430.00
17663,D,2016-10-06,441310.00
17664,D,2016-10-07,441780.00
17665,D,2016-10-10,442245.00
17666,D,2016-10-11,440850.00
17667,D,2016-10-12,441780.00
17668,D,2016-10-13,442245.00
17669,D,2016-10-14,442245.00
17670,D,2016-10-17,440850.00
17671,D,2016-10-18,442710.00
17672,D,2016-10-19,445500.00
17673,D,2016-10-20,446895.00
17674,D,2016-10-21,445965.00
17675,D,2016-10-24,449220.00
17676,D,2016-10-25,451545.00
17677,D,2016-10-26,449220.00
17678,D,2016-10-27,447825.00
17679,D,2017-01-09,447360.00
17680,D,2017-01-10,450150.00
17681,D,2017-01-11,450150.00
17682,D,2017-01-12,451545.00
17683,D,2017-01-13,453405.00
17684,D,2017-01-17,453405.00
17685,D,2017-01-18,456195.00
17686,D,2017-01-19,455730.00
17687,D,2017-01-20,459450.00
17688,D,2017-01-23,459450.00
17689,D,2017-01-24,460380.00
17690,D,2017-01-25,461775.00
17691,D,2017-01-26,461775.00
17692,D,2017-01-27,462705.00
17693,D,2017-01-30,460845.00
17694,D,2017-01-31,459450.00
17695,D,2017-02-01,462705.00
17696,D,2017-02-02,460845.00
17697,D,2017-02-03,461775.00
17698,D,2017-02-06,463635.00
17699,D,2017-02-07,462705.00
17700,D,2017-02-08,463170.00
17701,D,2017-02-09,464565.00
17702,D,2017-02-10,461775.00
17703,D,2017-02-13,462705.00
17704,D,2017-02-14,462240.00
17705,D,2017-02-15,459915.00
17706,D,2017-05-15,460775.00
17707,D,2017-05-16,462495.00
17708,D,2017-05-17,457335.00
17709,D,2017-05-18,459915.00
17710,D,2017-05-19,460345.00
17711,D,2017-05-22,462925.00
17712,D,2017-05-23,462495.00
17713,D,2017-05-24,465075.00
17714,D,2017-05-25,464645.00
17715,D,2017-05-26,466795.00
17716,D,2017-05-30,468085.00
17717,D,2017-05-31,466365.00
17718,D,2017-06-01,464645.00
17719,D,2017-06-02,462065.00
17720,D,2017-06-05,466365.00
17721,D,2017-06-06,462925.00
17722,D,2017-06-07,464645.00
17723,D,2017-06-08,461205.00
17724,D,2017-06-09,456045.00
17725,D,2017-06-12,459485.00
17726,D,2017-08-14,462275.00
17727,D,2017-08-15,465065.00
17728,D,2017-08-16,464600.00
17729,D,2017-08-17,464135.00
17730,D,2017-08-18,465530.00
17731,D,2017-08-21,463670.00
17732,D,2017-08-22,465995.00
17733,D,2017-08-23,465995.00
17734,D,2017-08-24,467390.00
17735,D,2017-08-25,466460.00
17736,D,2017-08-28,466925.00
17737,D,2017-08-29,467390.00
17738,D,2017-08-30,468320.00
17739,D,2017-08-31,463205.00
17740,D,2017-09-01,462740.00
17741,D,2017-09-05,465065.00
17742,D,2017-09-06,463670.00
17743,D,2017-09-07,465065.00
17744,D,2017-09-08,465530.00
17745,D,2017-09-11,461810.00
17746,D,2017-10-09,462670.00
17747,D,2017-10-10,463960.00
17748,D,2017-10-11,464820.00
17749,D,2017-10-12,465250.00
17750,D,2017-10-13,464820.00
17751,D,2017-10-16,469550.00
17752,D,2017-10-17,469980.00
17753,D,2017-10-18,466970.00
17754,D,2017-10-19,469550.00
17755,D,2017-10-20,471700.00
17756,D,2017-10-23,473420.00
17757,D,2017-10-24,470840.00
17758,D,2017-10-25,471270.00
17759,D,2017-10-26,472560.00
17760,D,2017-10-27,472990.00
17761,D,2017-10-30,474710.00
17762,D,2017-10-31,472560.00
17763,D,2017-11-01,475570.00
17764,D,2017-11-02,477290.00
17765,D,2017-11-03,478150.00
17766,D,2017-11-06,480730.00
17767,D,2018-01-08,481570.00
17768,D,2018-01-09,481570.00
17769,D,2018-01-10,480730.00
17770,D,2018-01-11,478210.00
17771,D,2018-01-12,478210.00
17772,D,2018-01-16,480730.00
17773,D,2018-01-17,477370.00
17774,D,2018-01-18,477370.00
17775,D,2018-01-19,475690.00
17776,D,2018-01-22,475270.00
17777,D,2018-01-23,472750.00
17778,D,2018-01-24,475690.00
17779,D,2018-01-25,475690.00
17780,D,2018-01-26,474010.00
17781,D,2018-01-29,474430.00
17782,D,2018-01-30,476530.00
17783,D,2018-01-31,478210.00
17784,D,2018-02-01,477790.00
17785,D,2018-02-02,476530.00
17786,D,2018-02-05,463930.00
17787,D,2018-04-09,463930.00
17788,D,2018-04-10,464890.00
17789,D,2018-04-11,463930.00
17790,D,2018-04-12,465850.00
17791,D,2018-04-13,465850.00
17792,D,2018-04-16,467770.00
17793,D,2018-04-17,466330.00
17794,D,2018-04-18,465850.00
17795,D,2018-04-19,466330.00
17796,D,2018-04-20,466810.00
17797,D,2018-04-23,467770.00
17798,D,2018-04-24,467290.00
17799,D,2018-04-25,469210.00
17800,D,2018-04-26,467770.00
17801,D,2018-04-27,469690.00
17802,D,2018-04-30,471610.00
17803,D,2018-05-01,471610.00
17804,D,2018-05-02,471130.00
17805,D,2018-05-03,473530.00
17806,D,2018-05-04,470170.00
17807,D,2018-05-07,467770.00
17808,D,2018-07-16,467315.00
17809,D,2018-07-17,468225.00
17810,D,2018-07-18,470045.00
17811,D,2018-07-19,469135.00
17812,D,2018-07-20,469135.00
17813,D,2018-07-23,471410.00
17814,D,2018-07-24,471410.00
17815,D,2018-07-25,473230.00
17816,D,2018-07-26,471865.00
17817,D,2018-07-27,472775.00
17818,D,2018-07-30,472320.00
17819,D,2018-07-31,473685.00
17820,D,2018-08-01,476415.00
17821,D,2018-08-02,475960.00
17822,D,2018-08-03,478690.00
17823,D,2018-08-06,480055.00
17824,D,2018-08-07,481420.00
17825,D,2018-08-08,482785.00
17826,D,2018-08-09,482330.00
17827,D,2018-08-10,483695.00
17828,D,2018-08-13,486395.00
17829,D,2018-08-14,483210.00
17830,D,2018-08-15,486405.00
17831,D,2018-08-16,483220.00
17832,D,2018-08-17,485900.00
17833,D,2018-08-20,485900.00
17834,D,2018-08-21,482785.00
17835,D,2018-08-22,482785.00
17836,D,2018-08-23,483230.00
17837,D,2018-08-24,481450.00
17838,D,2018-08-27,482340.00
17839,D,2018-08-28,481895.00
17840,D,2018-08-29,482785.00
17841,D,2018-08-30,482785.00
17842,D,2018-08-31,481005.00
17843,D,2018-09-04,482340.00
17844,D,2018-09-05,483230.00
17845,D,2018-09-06,484120.00
17846,D,2018-09-07,485455.00
17847,D,2018-09-10,484565.00
17848,D,2018-09-11,485040.00
17849,D,2018-09-12,486850.00
17850,D,2018-09-13,490885.00
17851,D,2018-09-14,489565.00
17852,D,2018-09-17,490485.00
17853,D,2018-09-18,490945.00
17854,D,2018-09-19,493245.00
17855,D,2018-09-20,491865.00
17856,D,2018-09-21,493245.00
17857,D,2018-09-24,496005.00
17858,D,2018-09-25,495085.00
17859,D,2018-09-26,496465.00
17860,D,2018-09-27,500605.00
17861,D,2018-09-28,498305.00
17862,D,2018-10-01,499685.00
17863,D,2018-10-02,497845.00
17864,D,2018-10-15,500935.00
17865,D,2018-10-16,504025.00
17866,D,2018-10-17,503510.00
17867,D,2018-10-18,500935.00
17868,D,2018-10-19,498875.00
17869,D,2018-10-22,499905.00
17870,D,2018-10-23,497330.00
17871,D,2018-10-24,488575.00
17872,D,2018-11-12,486050.00
17873,D,2018-11-13,485545.00
17874,D,2018-11-14,484535.00
17875,D,2018-12-10,483455.00
17876,D,2018-12-11,486155.00
17877,D,2018-12-12,488315.00
17878,D,2018-12-13,486695.00
17879,D,2018-12-14,479675.00
17880,D,2019-03-11,481635.00
17881,D,2019-03-12,481635.00
17882,D,2019-03-13,484085.00
17883,D,2019-03-14,484575.00
17884,D,2019-03-15,483595.00
17885,D,2019-03-18,484575.00
17886,D,2019-03-19,484085.00
17887,D,2019-03-20,486045.00
17888,D,2019-03-21,485555.00
17889,D,2019-03-22,482615.00
17890,D,2019-03-25,481635.00
17891,D,2019-03-26,483595.00
17892,D,2019-03-27,485555.00
17893,D,2019-03-28,486535.00
17894,D,2019-03-29,486045.00
17895,D,2019-04-01,487515.00
17896,D,2019-04-02,487515.00
17897,D,2019-04-03,487025.00
17898,D,2019-04-04,487515.00
17899,D,2019-04-05,485555.00
17900,D,2019-04-08,486045.00
17901,D,2019-08-12,479545.00
17902,D,2019-08-13,483045.00
17903,D,2019-08-14,479045.00
17904,D,2019-09-09,478055.00
17905,D,2019-09-10,479540.00
17906,D,2019-09-11,480530.00
17907,D,2019-09-12,479540.00
17908,D,2019-09-13,480530.00
17909,D,2019-09-16,480530.00
17910,D,2019-09-17,480530.00
17911,D,2019-09-18,480035.00
17912,D,2019-09-19,482015.00
17913,D,2019-09-20,481025.00
17914,D,2019-09-23,481025.00
17915,D,2019-09-24,480035.00
17916,D,2019-09-25,482510.00
17917,D,2019-09-26,481520.00
17918,D,2019-09-27,480530.00
17919,D,2019-09-30,483005.00
17920,D,2019-10-01,483005.00
17921,D,2019-10-02,478055.00
17922,D,2019-10-03,478550.00
17923,D,2019-10-04,483995.00
17924,D,2019-10-07,484490.00
17925,D,2019-10-08,483995.00
17926,D,2019-10-09,481520.00
17927,D,2019-10-10,484985.00
17928,D,2019-10-11,488945.00
17929,D,2019-10-14,490925.00
17930,D,2019-10-15,493895.00
17931,D,2019-10-16,493400.00
17932,D,2019-10-17,491915.00
17933,D,2019-12-16,492845.00
17934,D,2019-12-17,494705.00
17935,D,2019-12-18,493310.00
17936,D,2019-12-19,491915.00
17937,D,2019-12-20,492845.00
17938,D,2019-12-23,491915.00
17939,D,2019-12-24,490985.00
17940,D,2019-12-26,490985.00
17941,D,2019-12-27,492380.00
17942,D,2019-12-30,492380.00
17943,D,2019-12-31,491915.00
17944,D,2020-01-02,495170.00
17945,D,2020-01-03,493310.00
17946,D,2020-01-06,493310.00
17947,D,2020-01-07,495635.00
17948,D,2020-01-08,495635.00
17949,D,2020-01-09,497495.00
17950,D,2020-01-10,499355.00
17951,D,2020-01-13,499820.00
17952,D,2020-01-14,499355.00
17953,D,2020-01-15,498425.00
17954,D,2020-01-16,497495.00
17955,D,2020-01-17,497030.00
17956,D,2020-01-21,499355.00
17957,D,2020-01-22,498425.00
17958,D,2020-01-23,498890.00
17959,D,2020-01-24,497960.00
17960,D,2020-01-27,495635.00
17961,D,2020-01-28,497495.00
17962,D,2020-01-29,498425.00
17963,D,2020-01-30,499355.00
17964,D,2020-01-31,489590.00
17965,D,2020-02-10,490060.00
17966,D,2020-02-11,490530.00
17967,D,2020-02-12,491470.00
17968,D,2020-02-13,490530.00
17969,D,2020-02-14,491000.00
17970,D,2020-02-18,490530.00
17971,D,2020-02-19,491470.00
17972,D,2020-02-20,491000.00
17973,D,2020-02-21,491470.00
17974,D,2020-02-24,482070.00
17975,D,2020-02-25,471730.00
17976,D,2020-03-09,449500.00
17977,D,2020-04-14,449500.00
17978,D,2020-04-15,441635.00
17979,D,2020-04-16,439215.00
17980,D,2020-04-17,446475.00
17981,D,2020-04-20,441635.00
17982,D,2020-04-21,444660.00
17983,D,2020-04-22,450710.00
17984,D,2020-04-23,448895.00
17985,D,2020-04-24,453735.00
17986,D,2020-04-27,460390.00
17987,D,2020-04-28,460995.00
17988,D,2020-04-29,466440.00
17989,D,2020-04-30,461600.00
17990,D,2020-05-01,453735.00
17991,D,2020-05-04,457365.00
17992,D,2020-05-05,457970.00
17993,D,2020-05-06,456155.00
17994,D,2020-05-07,458575.00
17995,D,2020-05-08,462810.00
17996,D,2020-05-11,465835.00
17997,D,2020-09-14,471184.05
17998,D,2020-09-15,470589.05
17999,D,2020-09-16,472380.00
18000,D,2020-09-17,471785.00
18001,D,2020-09-18,471190.00
18002,D,2020-09-21,462860.00
18003,D,2020-09-22,464050.00
18004,D,2020-09-23,457505.00
18005,D,2020-11-09,462105.00
18006,D,2020-11-10,466130.00
18007,D,2020-11-11,463830.00
18008,D,2020-11-12,462680.00
18009,D,2020-11-13,465555.00
18010,D,2020-11-16,467280.00
18011,D,2020-11-17,466705.00
18012,D,2020-11-18,466705.00
18013,D,2020-11-19,468430.00
18014,D,2020-11-20,467855.00
18015,D,2020-11-23,469005.00
18016,D,2020-11-24,471305.00
18017,D,2020-11-25,469580.00
18018,D,2020-11-27,470155.00
18019,D,2020-11-30,468430.00
18020,D,2020-12-01,471305.00
18021,D,2020-12-02,470155.00
18022,D,2020-12-03,472455.00
18023,D,2020-12-04,473030.00
18024,D,2020-12-07,471880.00
18025,D,2020-12-14,472470.00
18026,D,2020-12-15,476600.00
18027,D,2020-12-16,477190.00
18028,D,2020-12-17,478960.00
18029,D,2020-12-18,477190.00
18030,D,2020-12-21,476010.00
18031,D,2020-12-22,478370.00
18032,D,2020-12-23,480140.00
18033,D,2020-12-24,478960.00
18034,D,2020-12-28,481320.00
18035,D,2020-12-29,477190.00
18036,D,2020-12-30,477780.00
18037,D,2020-12-31,477780.00
18038,D,2021-01-04,475420.00
18039,D,2021-01-05,479550.00
18040,D,2021-01-06,485450.00
18041,D,2021-01-07,486040.00
18042,D,2021-01-08,484860.00
18043,D,2021-01-11,485500.00
18044,D,2021-01-12,489805.00
18045,D,2021-01-13,489805.00
18046,D,2021-01-14,491650.00
18047,D,2021-01-15,489190.00
18048,D,2021-01-19,491650.00
18049,D,2021-01-20,491650.00
18050,D,2021-01-21,491035.00
18051,D,2021-01-22,491035.00
18052,D,2021-01-25,494110.00
18053,D,2021-01-26,493495.00
18054,D,2021-01-27,481810.00
18055,D,2021-01-28,485500.00
18056,D,2021-01-29,475660.00
18057,D,2021-02-01,487960.00
18058,D,2021-02-02,494110.00
18059,D,2021-02-03,494725.00
18060,D,2021-02-04,502105.00
18061,D,2021-02-05,498415.00
18062,D,2021-02-08,503335.00
18063,X,2006-11-14,97465.00
18064,X,2006-11-15,95515.00
18065,X,2006-11-16,94930.00
18066,X,2006-11-17,97660.00
18067,X,2006-11-20,96490.00
18068,X,2006-11-21,96880.00
18069,X,2006-11-22,95905.00
18070,X,2006-11-24,96880.00
18071,X,2006-11-27,101950.00
18072,X,2006-11-28,102340.00
18073,X,2006-11-29,100975.00
18074,X,2006-11-30,99025.00
18075,X,2006-12-01,101365.00
18076,X,2006-12-04,96880.00
18077,X,2006-12-05,96295.00
18078,X,2006-12-06,97075.00
18079,X,2006-12-07,97660.00
18080,X,2006-12-08,99220.00
18081,X,2006-12-11,98830.00
18082,X,2006-12-12,101410.00
18083,X,2006-12-13,103795.00
18084,X,2006-12-14,97105.00
18085,X,2006-12-15,98890.00
18086,X,2006-12-18,111235.00
18087,X,2006-12-19,112435.00
18088,X,2006-12-20,110725.00
18089,X,2006-12-21,112300.00
18090,X,2006-12-22,113890.00
18091,X,2006-12-26,106480.00
18092,X,2006-12-27,97645.00
18093,X,2006-12-28,96857.50
18094,X,2006-12-29,105145.00
18095,X,2007-01-03,112270.00
18096,X,2007-01-04,102842.50
18097,X,2007-01-05,129400.00
18098,X,2007-01-08,132235.00
18099,X,2007-01-09,132640.00
18100,X,2007-01-10,133450.00
18101,X,2007-01-11,130210.00
18102,X,2007-01-12,132640.00
18103,X,2007-01-16,134260.00
18104,X,2007-01-17,133855.00
18105,X,2007-01-18,136690.00
18106,X,2007-01-19,136285.00
18107,X,2007-01-22,139525.00
18108,X,2007-01-23,138310.00
18109,X,2007-01-24,136082.50
18110,X,2007-01-25,141550.00
18111,X,2007-01-26,139727.50
18112,X,2007-01-29,137500.00
18113,X,2007-01-30,135677.50
18114,X,2007-01-31,133045.00
18115,X,2007-02-01,131020.00
18116,X,2007-02-02,129805.00
18117,X,2007-02-05,131020.00
18118,X,2007-02-06,129602.50
18119,X,2007-02-07,125147.50
18120,X,2007-02-13,123172.50
18121,X,2007-02-14,121987.50
18122,X,2007-02-15,121790.00
18123,X,2007-02-16,122580.00
18124,X,2007-02-20,119617.50
18125,X,2007-02-21,120012.50
18126,X,2007-02-22,119815.00
18127,X,2007-02-23,120407.50
18128,X,2007-02-26,121592.50
18129,X,2007-02-27,127912.50
18130,X,2007-02-28,128702.50
18131,X,2007-03-01,130282.50
18132,X,2007-03-02,129492.50
18133,X,2007-03-05,131072.50
18134,X,2007-03-06,134627.50
18135,X,2007-03-07,135812.50
18136,X,2007-03-08,135812.50
18137,X,2007-03-09,134627.50
18138,X,2007-03-12,136602.50
18139,X,2007-03-13,140202.50
18140,X,2007-03-14,138562.50
18141,X,2007-03-15,140552.50
18142,X,2007-03-16,138942.50
18143,X,2007-03-19,138562.50
18144,X,2007-03-20,138972.50
18145,X,2007-03-21,136512.50
18146,X,2007-03-22,136102.50
18147,X,2007-03-23,135282.50
18148,X,2007-03-26,136102.50
18149,X,2007-03-27,137742.50
18150,X,2007-03-28,138562.50
18151,X,2007-03-29,137332.50
18152,X,2007-03-30,137332.50
18153,X,2007-04-02,137332.50
18154,X,2007-04-03,135282.50
18155,X,2007-04-04,136512.50
18156,X,2007-04-05,135077.50
18157,X,2007-04-09,135897.50
18158,X,2007-04-10,134872.50
18159,X,2007-04-11,140612.50
18160,X,2007-04-12,136102.50
18161,X,2007-04-13,134462.50
18162,X,2007-04-16,127697.50
18163,X,2007-04-17,130567.50
18164,X,2007-04-18,129747.50
18165,X,2007-04-19,131797.50
18166,X,2007-04-20,129337.50
18167,X,2007-04-23,129747.50
18168,X,2007-04-24,131387.50
18169,X,2007-04-25,128107.50
18170,X,2007-04-26,129132.50
18171,X,2007-04-27,130567.50
18172,X,2007-04-30,135897.50
18173,X,2007-05-01,136307.50
18174,X,2007-05-02,131592.50
18175,X,2007-05-03,130157.50
18176,X,2007-05-04,130157.50
18177,X,2007-05-07,129542.50
18178,X,2007-05-08,129952.50
18179,X,2007-05-09,129337.50
18180,X,2007-05-10,136512.50
18181,X,2007-05-11,132207.50
18182,X,2007-05-14,135897.50
18183,X,2007-05-15,141472.50
18184,X,2007-05-16,140652.50
18185,X,2007-05-17,145407.50
18186,X,2007-05-18,139237.50
18187,X,2007-05-21,129952.50
18188,X,2007-05-22,124792.50
18189,X,2007-05-23,126682.50
18190,X,2007-05-24,131722.50
18191,X,2007-05-25,129622.50
18192,X,2007-05-29,127942.50
18193,X,2007-05-30,126472.50
18194,X,2007-05-31,125422.50
18195,X,2007-06-01,123742.50
18196,X,2007-06-04,122482.50
18197,X,2007-06-05,126262.50
18198,X,2007-06-06,127522.50
18199,X,2007-06-07,132142.50
18200,X,2007-06-08,130672.50
18201,X,2007-06-11,131932.50
18202,X,2007-06-12,137172.50
18203,X,2007-06-13,133412.50
18204,X,2007-06-14,130677.50
18205,X,2007-06-15,122102.50
18206,X,2007-06-18,124187.50
18207,X,2007-06-19,124597.50
18208,X,2007-06-20,133617.50
18209,X,2007-06-21,132777.50
18210,X,2007-06-22,138657.50
18211,X,2007-06-25,140957.50
18212,X,2007-06-26,140957.50
18213,X,2007-06-27,142617.50
18214,X,2007-06-28,140957.50
18215,X,2007-06-29,141787.50
18216,X,2007-07-02,140542.50
18217,X,2007-07-03,138467.50
18218,X,2007-07-05,140127.50
18219,X,2007-07-06,139712.50
18220,X,2007-07-09,139505.00
18221,X,2007-07-10,144692.50
18222,X,2007-07-11,144277.50
18223,X,2007-07-12,139920.00
18224,X,2007-07-13,138260.00
18225,X,2007-07-16,142410.00
18226,X,2007-07-17,141812.50
18227,X,2007-07-18,146377.50
18228,X,2007-07-19,141372.50
18229,X,2007-07-20,150577.50
18230,X,2007-07-23,152470.00
18231,X,2007-07-24,153350.00
18232,X,2007-08-14,148345.00
18233,X,2007-08-15,149710.00
18234,X,2007-08-16,149710.00
18235,X,2007-08-17,148345.00
18236,X,2007-08-20,151075.00
18237,X,2007-08-21,151985.00
18238,X,2007-08-22,151530.00
18239,X,2007-08-23,152440.00
18240,X,2007-08-24,153350.00
18241,X,2007-08-27,154715.00
18242,X,2007-08-28,150620.00
18243,X,2007-08-29,154260.00
18244,X,2007-08-30,152895.00
18245,X,2007-08-31,152440.00
18246,X,2007-09-04,153350.00
18247,X,2007-09-05,151985.00
18248,X,2007-09-06,151530.00
18249,X,2007-09-07,151075.00
18250,X,2007-09-10,152895.00
18251,X,2007-09-11,155250.00
18252,X,2007-09-12,157645.00
18253,X,2007-09-13,156655.00
18254,X,2007-09-14,159505.00
18255,X,2007-09-17,161740.00
18256,X,2007-09-18,164750.00
18257,X,2007-09-19,161485.00
18258,X,2007-09-20,163465.00
18259,X,2007-09-21,164455.00
18260,X,2007-09-24,165445.00
18261,X,2007-09-25,167425.00
18262,X,2007-09-26,166930.00
18263,X,2007-09-27,166930.00
18264,X,2007-09-28,166930.00
18265,X,2007-10-01,164950.00
18266,X,2007-10-02,163465.00
18267,X,2007-10-03,164950.00
18268,X,2007-10-04,163960.00
18269,X,2007-10-05,161485.00
18270,X,2007-10-08,163465.00
18271,X,2007-10-09,163465.00
18272,X,2007-10-16,163020.00
18273,X,2007-10-17,163910.00
18274,X,2007-10-18,164355.00
18275,X,2007-10-19,160350.00
18276,X,2007-10-22,162575.00
18277,X,2007-10-23,163910.00
18278,X,2007-10-24,165245.00
18279,X,2007-10-25,165690.00
18280,X,2007-10-26,166135.00
18281,X,2007-10-29,167025.00
18282,X,2007-10-30,164800.00
18283,X,2007-10-31,166135.00
18284,X,2007-11-01,165245.00
18285,X,2007-11-02,163020.00
18286,X,2007-11-05,166580.00
18287,X,2007-11-06,171030.00
18288,X,2007-11-07,164800.00
18289,X,2007-11-13,167150.00
18290,X,2007-11-14,163860.00
18291,X,2007-11-15,162920.00
18292,X,2007-11-16,163390.00
18293,X,2007-11-19,162920.00
18294,X,2007-11-20,161980.00
18295,X,2007-11-21,164800.00
18296,X,2007-11-23,164330.00
18297,X,2007-11-26,164330.00
18298,X,2007-11-27,167620.00
18299,X,2007-11-28,170440.00
18300,X,2007-11-29,170910.00
18301,X,2007-11-30,171380.00
18302,X,2007-12-03,171850.00
18303,X,2007-12-04,173730.00
18304,X,2007-12-05,175610.00
18305,X,2007-12-06,174670.00
18306,X,2007-12-07,176550.00
18307,X,2007-12-10,177020.00
18308,X,2007-12-11,172990.00
18309,X,2007-12-12,173930.00
18310,X,2007-12-13,175340.00
18311,X,2007-12-14,175380.00
18312,X,2007-12-17,175910.00
18313,X,2008-01-15,175460.00
18314,X,2008-01-16,176360.00
18315,X,2008-01-17,175010.00
18316,X,2008-01-18,175460.00
18317,X,2008-01-22,177260.00
18318,X,2008-01-23,182210.00
18319,X,2008-01-24,179060.00
18320,X,2008-01-25,178160.00
18321,X,2008-01-28,178160.00
18322,X,2008-01-29,178610.00
18323,X,2008-01-30,180410.00
18324,X,2008-01-31,179510.00
18325,X,2008-02-01,180410.00
18326,X,2008-02-04,179960.00
18327,X,2008-02-05,178160.00
18328,X,2008-02-06,178160.00
18329,X,2008-02-07,180410.00
18330,X,2008-02-08,182210.00
18331,X,2008-02-11,184910.00
18332,X,2008-02-12,186755.00
18333,X,2008-02-13,187715.00
18334,X,2008-02-14,190850.00
18335,X,2008-02-15,193130.00
18336,X,2008-02-19,196730.00
18337,X,2008-02-20,198590.00
18338,X,2008-02-21,198125.00
18339,X,2008-02-22,199520.00
18340,X,2008-02-25,202310.00
18341,X,2008-02-26,201845.00
18342,X,2008-02-27,201845.00
18343,X,2008-02-28,201845.00
18344,X,2008-02-29,199520.00
18345,X,2008-03-03,201380.00
18346,X,2008-03-04,204170.00
18347,X,2008-03-05,206960.00
18348,X,2008-03-06,204170.00
18349,X,2008-03-07,205565.00
18350,X,2008-03-10,199520.00
18351,X,2008-03-11,199520.00
18352,X,2008-03-12,199070.00
18353,X,2008-03-13,199970.00
18354,X,2008-03-14,199070.00
18355,X,2008-03-17,197720.00
18356,X,2008-03-18,196820.00
18357,X,2008-03-19,199520.00
18358,X,2008-03-20,200420.00
18359,X,2008-03-24,199070.00
18360,X,2008-03-25,198170.00
18361,X,2008-03-26,202220.00
18362,X,2008-03-27,201770.00
18363,X,2008-03-28,204020.00
18364,X,2008-03-31,203120.00
18365,X,2008-04-01,203120.00
18366,X,2008-04-02,202445.00
18367,X,2008-04-03,201995.00
18368,X,2008-04-04,203345.00
18369,X,2008-04-07,200645.00
18370,X,2008-04-08,202670.00
18371,X,2008-04-15,203110.00
18372,X,2008-04-16,203550.00
18373,X,2008-04-17,203990.00
18374,X,2008-04-18,203990.00
18375,X,2008-04-21,205310.00
18376,X,2008-04-22,207070.00
18377,X,2008-04-23,208390.00
18378,X,2008-04-24,207510.00
18379,X,2008-04-25,207510.00
18380,X,2008-04-28,207290.00
18381,X,2008-04-29,208390.00
18382,X,2008-04-30,208830.00
18383,X,2008-05-01,208170.00
18384,X,2008-05-02,207290.00
18385,X,2008-05-05,208610.00
18386,X,2008-05-06,207730.00
18387,X,2008-05-07,210810.00
18388,X,2008-05-08,212130.00
18389,X,2008-05-09,211910.00
18390,X,2008-05-12,207730.00
18391,X,2008-05-13,204330.00
18392,X,2008-05-14,204740.00
18393,X,2008-05-15,203510.00
18394,X,2008-05-16,204740.00
18395,X,2008-05-19,205560.00
18396,X,2008-05-20,204740.00
18397,X,2008-05-21,203920.00
18398,X,2008-05-22,205970.00
18399,X,2008-05-23,207610.00
18400,X,2008-05-27,206380.00
18401,X,2008-05-28,207200.00
18402,X,2008-05-29,207200.00
18403,X,2008-05-30,206790.00
18404,X,2008-06-02,208430.00
18405,X,2008-06-03,208430.00
18406,X,2008-06-04,207610.00
18407,X,2008-06-05,203715.00
18408,X,2008-06-06,206790.00
18409,X,2008-06-09,208840.00
18410,X,2008-06-10,210840.00
18411,X,2008-06-11,213685.00
18412,X,2008-06-12,217525.00
18413,X,2008-06-13,220470.00
18414,X,2008-06-16,219520.00
18415,X,2008-06-17,222030.00
18416,X,2008-06-18,223850.00
18417,X,2008-06-19,225155.00
18418,X,2008-06-20,224285.00
18419,X,2008-06-23,224720.00
18420,X,2008-06-24,223850.00
18421,X,2008-06-25,227330.00
18422,X,2008-06-26,227330.00
18423,X,2008-06-27,226895.00
18424,X,2008-07-15,227345.00
18425,X,2008-07-16,228245.00
18426,X,2008-07-17,228245.00
18427,X,2008-07-18,228695.00
18428,X,2008-07-21,230045.00
18429,X,2008-07-22,229145.00
18430,X,2008-07-23,228245.00
18431,X,2008-07-24,230945.00
18432,X,2008-07-25,230045.00
18433,X,2008-07-28,231845.00
18434,X,2008-07-29,232070.00
18435,X,2008-07-30,231845.00
18436,X,2008-07-31,231620.00
18437,X,2008-08-01,231395.00
18438,X,2008-08-04,235445.00
18439,X,2008-08-05,230945.00
18440,X,2008-08-06,230270.00
18441,X,2008-08-07,233195.00
18442,X,2008-08-08,228245.00
18443,X,2008-08-11,225545.00
18444,X,2008-08-12,226095.00
18445,X,2008-08-13,225670.00
18446,X,2008-08-14,227795.00
18447,X,2008-08-15,226945.00
18448,X,2008-08-18,226945.00
18449,X,2008-08-19,226945.00
18450,X,2008-08-20,228220.00
18451,X,2008-08-21,230345.00
18452,X,2008-08-22,231195.00
18453,X,2008-08-25,229495.00
18454,X,2008-08-26,229920.00
18455,X,2008-08-27,233320.00
18456,X,2008-08-28,232895.00
18457,X,2008-08-29,233745.00
18458,X,2008-09-02,232470.00
18459,X,2008-09-03,234595.00
18460,X,2008-09-04,233745.00
18461,X,2008-09-05,235445.00
18462,X,2008-09-08,237145.00
18463,X,2008-09-09,232470.00
18464,X,2008-09-10,237145.00
18465,X,2008-09-11,235445.00
18466,X,2008-09-12,236720.00
18467,X,2008-09-15,225245.00
18468,X,2008-09-16,226165.00
18469,X,2008-09-17,222485.00
18470,X,2008-09-18,225705.00
18471,X,2008-09-19,222485.00
18472,X,2008-09-22,223405.00
18473,X,2008-09-23,223865.00
18474,X,2008-09-24,223405.00
18475,X,2008-09-25,225245.00
18476,X,2008-09-26,223865.00
18477,X,2008-09-29,216505.00
18478,X,2008-09-30,223865.00
18479,X,2008-10-01,221105.00
18480,X,2008-10-02,211445.00
18481,X,2008-10-14,209885.00
18482,X,2008-10-15,201565.00
18483,X,2008-11-11,201565.00
18484,X,2008-11-12,200080.00
18485,X,2008-11-13,201070.00
18486,X,2008-11-14,197605.00
18487,X,2008-11-17,201565.00
18488,X,2008-11-18,191170.00
18489,X,2008-12-16,194705.00
18490,X,2008-12-17,196725.00
18491,X,2008-12-18,199755.00
18492,X,2008-12-19,200765.00
18493,X,2008-12-22,202785.00
18494,X,2008-12-23,201270.00
18495,X,2008-12-24,201775.00
18496,X,2008-12-26,203795.00
18497,X,2008-12-29,203795.00
18498,X,2008-12-30,205310.00
18499,X,2008-12-31,204805.00
18500,X,2009-01-02,205815.00
18501,X,2009-01-05,205310.00
18502,X,2009-01-06,203542.50
18503,X,2009-01-07,205815.00
18504,X,2009-01-08,205310.00
18505,X,2009-01-09,207835.00
18506,X,2009-01-12,210865.00
18507,X,2009-01-13,211300.00
18508,X,2009-01-14,211440.00
18509,X,2009-01-15,212850.00
18510,X,2009-01-16,214730.00
18511,X,2009-01-20,208620.00
18512,X,2009-01-21,213790.00
18513,X,2009-01-22,213790.00
18514,X,2009-01-23,217080.00
18515,X,2009-01-26,218020.00
18516,X,2009-01-27,221780.00
18517,X,2009-01-28,222720.00
18518,X,2009-01-29,223190.00
18519,X,2009-01-30,221780.00
18520,X,2009-02-02,223660.00
18521,X,2009-02-03,227420.00
18522,X,2009-02-04,227420.00
18523,X,2009-02-05,227890.00
18524,X,2009-02-06,227420.00
18525,X,2009-02-09,229770.00
18526,X,2009-02-10,226630.00
18527,X,2009-02-11,231280.00
18528,X,2009-02-12,234840.00
18529,X,2009-02-13,235285.00
18530,X,2009-02-17,233950.00
18531,X,2009-02-18,231725.00
18532,X,2009-03-10,231725.00
18533,X,2009-03-11,232565.00
18534,X,2009-03-12,230675.00
18535,X,2009-03-13,230045.00
18536,X,2009-03-16,230255.00
18537,X,2009-03-17,229835.00
18538,X,2009-03-18,226055.00
18539,X,2009-03-19,225845.00
18540,X,2009-03-20,226685.00
18541,X,2009-03-23,222905.00
18542,X,2009-03-24,226685.00
18543,X,2009-03-25,226685.00
18544,X,2009-03-26,222695.00
18545,X,2009-03-27,223955.00
18546,X,2009-03-30,226475.00
18547,X,2009-03-31,227525.00
18548,X,2009-04-01,225425.00
18549,X,2009-04-02,222905.00
18550,X,2009-04-03,221855.00
18551,X,2009-04-06,221855.00
18552,X,2009-04-07,222065.00
18553,X,2009-04-14,220730.00
18554,X,2009-04-15,219395.00
18555,X,2009-04-16,224290.00
18556,X,2009-04-17,224735.00
18557,X,2009-04-20,222955.00
18558,X,2009-04-21,226070.00
18559,X,2009-04-22,223845.00
18560,X,2009-04-23,224290.00
18561,X,2009-04-24,226515.00
18562,X,2009-04-27,225625.00
18563,X,2009-04-28,226515.00
18564,X,2009-04-29,228740.00
18565,X,2009-04-30,229185.00
18566,X,2009-05-01,229630.00
18567,X,2009-05-04,229185.00
18568,X,2009-05-05,229185.00
18569,X,2009-05-06,230075.00
18570,X,2009-05-07,231410.00
18571,X,2009-05-08,228740.00
18572,X,2009-05-11,231187.50
18573,X,2009-05-12,234100.00
18574,X,2009-05-13,237780.00
18575,X,2009-05-14,239480.00
18576,X,2009-05-15,239905.00
18577,X,2009-05-18,244580.00
18578,X,2009-05-19,245430.00
18579,X,2009-05-20,245855.00
18580,X,2009-05-21,243730.00
18581,X,2009-05-22,245855.00
18582,X,2009-05-26,246280.00
18583,X,2009-05-27,247555.00
18584,X,2009-05-28,248405.00
18585,X,2009-05-29,249680.00
18586,X,2009-06-01,245430.00
18587,X,2009-06-02,245005.00
18588,X,2009-06-03,245855.00
18589,X,2009-06-04,244580.00
18590,X,2009-06-05,245005.00
18591,X,2009-06-08,245430.00
18592,X,2009-06-09,245005.00
18593,X,2009-06-10,249467.50
18594,X,2009-06-11,247555.00
18595,X,2009-06-12,247555.00
18596,X,2009-06-15,254355.00
18597,X,2009-06-16,258595.00
18598,X,2009-06-17,259435.00
18599,X,2009-06-18,259855.00
18600,X,2009-06-19,260695.00
18601,X,2009-06-22,261535.00
18602,X,2009-06-23,263215.00
18603,X,2009-06-24,264475.00
18604,X,2009-06-25,267415.00
18605,X,2009-06-26,266575.00
18606,X,2009-06-29,268255.00
18607,X,2009-06-30,268675.00
18608,X,2009-07-01,267835.00
18609,X,2009-07-02,271615.00
18610,X,2009-07-06,273295.00
18611,X,2009-07-07,272455.00
18612,X,2009-07-08,272035.00
18613,X,2009-07-09,276655.00
18614,X,2009-07-14,277055.00
18615,X,2009-07-15,273855.00
18616,X,2009-07-16,272255.00
18617,X,2009-07-17,274655.00
18618,X,2009-07-20,272855.00
18619,X,2009-07-21,274255.00
18620,X,2009-07-22,273455.00
18621,X,2009-07-23,269455.00
18622,X,2009-07-24,270255.00
18623,X,2009-07-27,269655.00
18624,X,2009-07-28,270255.00
18625,X,2009-07-29,269855.00
18626,X,2009-07-30,267655.00
18627,X,2009-07-31,268455.00
18628,X,2009-08-03,266255.00
18629,X,2009-08-04,265055.00
18630,X,2009-08-05,265255.00
18631,X,2009-08-06,267055.00
18632,X,2009-08-07,263455.00
18633,X,2009-08-10,263455.00
18634,X,2009-08-11,265055.00
18635,X,2009-08-12,263455.00
18636,X,2009-08-13,263855.00
18637,X,2009-08-14,266255.00
18638,X,2009-08-17,265855.00
18639,X,2009-08-18,265055.00
18640,X,2009-08-19,266255.00
18641,X,2009-08-20,267855.00
18642,X,2009-08-21,266255.00
18643,X,2009-08-24,265455.00
18644,X,2009-08-25,266255.00
18645,X,2009-08-26,266655.00
18646,X,2009-08-27,267055.00
18647,X,2009-08-28,267855.00
18648,X,2009-08-31,270255.00
18649,X,2009-09-01,271855.00
18650,X,2009-09-02,273055.00
18651,X,2009-09-03,273055.00
18652,X,2009-09-04,273855.00
18653,X,2009-09-08,273455.00
18654,X,2009-09-09,270055.00
18655,X,2009-09-10,266255.00
18656,X,2009-09-11,266255.00
18657,X,2009-09-14,263455.00
18658,X,2009-09-15,262665.00
18659,X,2009-09-16,259425.00
18660,X,2009-09-17,259830.00
18661,X,2009-09-18,259020.00
18662,X,2009-09-21,260235.00
18663,X,2009-09-22,259830.00
18664,X,2009-09-23,261045.00
18665,X,2009-09-24,263070.00
18666,X,2009-09-25,265500.00
18667,X,2009-09-28,263880.00
18668,X,2009-09-29,263880.00
18669,X,2009-09-30,265905.00
18670,X,2009-10-01,265095.00
18671,X,2009-10-02,266715.00
18672,X,2009-10-05,269145.00
18673,X,2009-10-06,268740.00
18674,X,2009-10-07,269145.00
18675,X,2009-10-08,267525.00
18676,X,2009-10-09,266715.00
18677,X,2009-10-12,266310.00
18678,X,2009-10-13,269145.00
18679,X,2009-10-14,263070.00
18680,X,2009-10-15,264690.00
18681,X,2009-10-16,270360.00
18682,X,2009-10-19,268942.50
18683,X,2009-10-20,274005.00
18684,X,2009-10-21,281092.50
18685,X,2009-10-22,280687.50
18686,X,2009-10-23,281497.50
18687,X,2009-10-26,283522.50
18688,X,2009-10-27,283117.50
18689,X,2009-10-28,278662.50
18690,X,2009-11-10,278662.50
18691,X,2009-11-11,279067.50
18692,X,2009-11-12,279067.50
18693,X,2009-11-13,279067.50
18694,X,2009-11-16,277042.50
18695,X,2009-11-17,278662.50
18696,X,2009-11-18,279067.50
18697,X,2009-11-19,282307.50
18698,X,2009-11-20,284332.50
18699,X,2009-11-23,283927.50
18700,X,2009-11-24,285952.50
18701,X,2009-11-25,286762.50
18702,X,2009-11-27,286762.50
18703,X,2009-11-30,288382.50
18704,X,2009-12-01,288382.50
18705,X,2009-12-02,286357.50
18706,X,2009-12-03,286357.50
18707,X,2009-12-04,283927.50
18708,X,2009-12-07,283927.50
18709,X,2009-12-08,285952.50
18710,X,2009-12-09,287572.50
18711,X,2009-12-10,289192.50
18712,X,2009-12-11,286560.00
18713,X,2009-12-14,282510.00
18714,X,2009-12-15,284535.00
18715,X,2009-12-16,282915.00
18716,X,2009-12-17,287977.50
18717,X,2009-12-18,285345.00
18718,X,2009-12-21,278865.00
18719,X,2009-12-22,274612.50
18720,X,2009-12-23,272182.50
18721,X,2009-12-24,271777.50
18722,X,2009-12-28,272182.50
18723,X,2009-12-29,272587.50
18724,X,2009-12-30,273397.50
18725,X,2009-12-31,273802.50
18726,X,2010-01-04,271777.50
18727,X,2010-01-05,272385.00
18728,X,2010-01-06,272587.50
18729,X,2010-01-07,271372.50
18730,X,2010-01-08,269550.00
18731,X,2010-01-11,270157.50
18732,X,2010-01-12,278582.50
18733,X,2010-01-13,270330.00
18734,X,2010-01-14,271120.00
18735,X,2010-01-15,273490.00
18736,X,2010-01-19,271120.00
18737,X,2010-01-20,273885.00
18738,X,2010-01-21,276650.00
18739,X,2010-01-22,277440.00
18740,X,2010-01-25,279415.00
18741,X,2010-01-26,279415.00
18742,X,2010-01-27,282575.00
18743,X,2010-01-28,285735.00
18744,X,2010-02-09,285340.00
18745,X,2010-02-10,284550.00
18746,X,2010-02-11,283365.00
18747,X,2010-02-12,282575.00
18748,X,2010-02-16,280600.00
18749,X,2010-02-17,280600.00
18750,X,2010-02-18,278032.50
18751,X,2010-02-19,276650.00
18752,X,2010-02-22,277637.50
18753,X,2010-02-23,279415.00
18754,X,2010-02-24,277835.00
18755,X,2010-02-25,277835.00
18756,X,2010-02-26,278032.50
18757,X,2010-03-01,274872.50
18758,X,2010-03-02,273885.00
18759,X,2010-03-03,272897.50
18760,X,2010-03-04,272700.00
18761,X,2010-03-05,268947.50
18762,X,2010-03-08,270725.00
18763,X,2010-03-09,269540.00
18764,X,2010-03-16,269935.00
18765,X,2010-03-17,267960.00
18766,X,2010-03-18,269935.00
18767,X,2010-03-19,272305.00
18768,X,2010-03-22,268750.00
18769,X,2010-03-23,266775.00
18770,X,2010-03-24,269540.00
18771,X,2010-03-25,269540.00
18772,X,2010-03-26,269935.00
18773,X,2010-03-29,271120.00
18774,X,2010-03-30,271120.00
18775,X,2010-03-31,271515.00
18776,X,2010-04-01,271120.00
18777,X,2010-04-05,267960.00
18778,X,2010-04-06,265392.50
18779,X,2010-04-07,268157.50
18780,X,2010-04-08,266182.50
18781,X,2010-04-09,264800.00
18782,X,2010-04-12,263220.00
18783,X,2010-04-13,262430.00
18784,X,2010-04-14,258085.00
18785,X,2010-04-15,258085.00
18786,X,2010-04-16,258480.00
18787,X,2010-04-19,260455.00
18788,X,2010-04-20,258875.00
18789,X,2010-04-21,257690.00
18790,X,2010-04-22,256110.00
18791,X,2010-04-23,254925.00
18792,X,2010-04-26,255320.00
18793,X,2010-04-27,258480.00
18794,X,2010-04-28,258085.00
18795,X,2010-04-29,255320.00
18796,X,2010-04-30,256900.00
18797,X,2010-05-03,253345.00
18798,X,2010-05-04,259665.00
18799,X,2010-05-05,260060.00
18800,X,2010-05-06,263615.00
18801,X,2010-05-07,250580.00
18802,X,2010-05-11,246530.00
18803,X,2010-05-12,248780.00
18804,X,2010-05-13,249680.00
18805,X,2010-05-14,246530.00
18806,X,2010-05-17,250130.00
18807,X,2010-05-18,249230.00
18808,X,2010-05-19,246530.00
18809,X,2010-05-20,243380.00
18810,X,2010-05-21,243830.00
18811,X,2010-05-24,250580.00
18812,X,2010-05-25,249680.00
18813,X,2010-06-15,248750.00
18814,X,2010-06-16,252005.00
18815,X,2010-06-17,255260.00
18816,X,2010-06-18,254795.00
18817,X,2010-06-21,249680.00
18818,X,2010-06-22,253400.00
18819,X,2010-06-23,255725.00
18820,X,2010-06-24,252935.00
18821,X,2010-06-25,253865.00
18822,X,2010-06-28,253400.00
18823,X,2010-06-29,252005.00
18824,X,2010-06-30,255260.00
18825,X,2010-07-13,248660.00
18826,X,2010-07-14,253060.00
18827,X,2010-07-15,253940.00
18828,X,2010-07-16,255260.00
18829,X,2010-07-19,255700.00
18830,X,2010-07-20,256140.00
18831,X,2010-07-21,255700.00
18832,X,2010-07-22,254380.00
18833,X,2010-07-23,254820.00
18834,X,2010-07-26,251740.00
18835,X,2010-07-27,253060.00
18836,X,2010-07-28,255700.00
18837,X,2010-07-29,256140.00
18838,X,2010-07-30,255700.00
18839,X,2010-08-02,255260.00
18840,X,2010-08-03,255700.00
18841,X,2010-08-04,256580.00
18842,X,2010-08-05,256580.00
18843,X,2010-08-06,260540.00
18844,X,2010-08-09,258780.00
18845,X,2010-08-10,259260.00
18846,X,2010-08-11,259260.00
18847,X,2010-08-12,259690.00
18848,X,2010-09-14,259270.00
18849,X,2010-09-15,257170.00
18850,X,2010-09-16,258850.00
18851,X,2010-09-17,254650.00
18852,X,2010-09-20,255490.00
18853,X,2010-09-21,254650.00
18854,X,2010-09-22,257170.00
18855,X,2010-09-23,257170.00
18856,X,2010-09-24,257170.00
18857,X,2010-09-27,258430.00
18858,X,2010-09-28,257590.00
18859,X,2010-09-29,258010.00
18860,X,2010-09-30,257170.00
18861,X,2010-10-01,257590.00
18862,X,2010-10-04,258430.00
18863,X,2010-10-05,257170.00
18864,X,2010-10-06,257590.00
18865,X,2010-10-07,256750.00
18866,X,2010-10-08,255910.00
18867,X,2010-10-11,255910.00
18868,X,2010-10-12,255030.00
18869,X,2010-10-13,255470.00
18870,X,2010-10-14,256350.00
18871,X,2010-10-15,256350.00
18872,X,2010-10-18,257670.00
18873,X,2010-10-19,259430.00
18874,X,2010-10-20,258990.00
18875,X,2010-10-21,259870.00
18876,X,2010-10-22,262070.00
18877,X,2010-10-25,260750.00
18878,X,2010-10-26,260310.00
18879,X,2010-10-27,261630.00
18880,X,2010-10-28,262070.00
18881,X,2010-10-29,261190.00
18882,X,2010-11-01,263830.00
18883,X,2010-11-02,261190.00
18884,X,2010-11-03,262950.00
18885,X,2010-11-04,258990.00
18886,X,2010-11-05,259650.00
18887,X,2010-11-08,258110.00
18888,X,2010-11-09,262510.00
18889,X,2010-11-16,260335.00
18890,X,2010-11-17,263815.00
18891,X,2010-11-18,265120.00
18892,X,2010-11-19,265990.00
18893,X,2010-11-22,264250.00
18894,X,2010-11-23,266860.00
18895,X,2010-11-24,264250.00
18896,X,2010-11-26,263815.00
18897,X,2010-11-29,262945.00
18898,X,2010-11-30,264250.00
18899,X,2010-12-01,263815.00
18900,X,2010-12-02,263815.00
18901,X,2010-12-03,262945.00
18902,X,2010-12-06,262945.00
18903,X,2010-12-07,265120.00
18904,X,2010-12-08,263597.50
18905,X,2010-12-09,262510.00
18906,X,2010-12-10,258812.50
18907,X,2010-12-13,262075.00
18908,X,2010-12-14,261947.50
18909,X,2010-12-15,259922.50
18910,X,2010-12-16,259922.50
18911,X,2010-12-17,259922.50
18912,X,2010-12-20,261137.50
18913,X,2010-12-21,260327.50
18914,X,2010-12-22,259112.50
18915,X,2010-12-23,258707.50
18916,X,2010-12-27,257492.50
18917,X,2010-12-28,255062.50
18918,X,2010-12-29,256682.50
18919,X,2010-12-30,255062.50
18920,X,2010-12-31,253037.50
18921,X,2011-01-03,256682.50
18922,X,2011-01-04,261137.50
18923,X,2011-01-05,259517.50
18924,X,2011-01-06,261137.50
18925,X,2011-01-07,261542.50
18926,X,2011-01-10,259517.50
18927,X,2011-01-11,263302.50
18928,X,2011-01-12,262695.00
18929,X,2011-01-13,265775.00
18930,X,2011-01-14,263135.00
18931,X,2011-01-18,263575.00
18932,X,2011-01-19,267535.00
18933,X,2011-01-20,266215.00
18934,X,2011-01-21,265335.00
18935,X,2011-01-24,270615.00
18936,X,2011-01-25,272375.00
18937,X,2011-01-26,268855.00
18938,X,2011-01-27,269735.00
18939,X,2011-01-28,272815.00
18940,X,2011-01-31,271935.00
18941,X,2011-02-01,268855.00
18942,X,2011-02-02,270175.00
18943,X,2011-02-03,270175.00
18944,X,2011-02-04,270175.00
18945,X,2011-02-07,269735.00
18946,X,2011-02-08,270600.00
18947,X,2011-02-09,269295.00
18948,X,2011-02-10,269690.00
18949,X,2011-02-11,268120.00
18950,X,2011-02-14,267695.00
18951,X,2011-02-15,265995.00
18952,X,2011-02-16,263870.00
18953,X,2011-02-17,263870.00
18954,X,2011-02-18,264720.00
18955,X,2011-02-22,263870.00
18956,X,2011-02-23,268120.00
18957,X,2011-02-24,268545.00
18958,X,2011-02-25,267270.00
18959,X,2011-02-28,267270.00
18960,X,2011-03-01,268545.00
18961,X,2011-03-02,266845.00
18962,X,2011-03-03,265145.00
18963,X,2011-03-04,267270.00
18964,X,2011-03-07,268970.00
18965,X,2011-03-08,265145.00
18966,X,2011-03-09,265995.00
18967,X,2011-03-10,268120.00
18968,X,2011-03-11,270245.00
18969,X,2011-03-14,273645.00
18970,X,2011-03-15,267560.00
18971,X,2011-03-16,270035.00
18972,X,2011-03-17,275700.00
18973,X,2011-03-18,277295.00
18974,X,2011-03-21,283275.00
18975,X,2011-03-22,284195.00
18976,X,2011-03-23,282815.00
18977,X,2011-03-24,283275.00
18978,X,2011-03-25,283735.00
18979,X,2011-03-28,283275.00
18980,X,2011-03-29,283275.00
18981,X,2011-03-30,283275.00
18982,X,2011-03-31,283275.00
18983,X,2011-04-01,283275.00
18984,X,2011-04-04,285575.00
18985,X,2011-04-05,283965.00
18986,X,2011-04-06,284655.00
18987,X,2011-04-07,284425.00
18988,X,2011-04-08,287185.00
18989,X,2011-04-11,289255.00
18990,X,2011-04-12,294300.00
18991,X,2011-04-13,297265.00
18992,X,2011-04-14,298625.00
18993,X,2011-04-15,297230.00
18994,X,2011-04-18,299960.00
18995,X,2011-04-19,301325.00
18996,X,2011-04-20,298140.00
18997,X,2011-04-21,298140.00
18998,X,2011-04-25,299960.00
18999,X,2011-04-26,295410.00
19000,X,2011-04-27,296320.00
19001,X,2011-04-28,296320.00
19002,X,2011-04-29,294955.00
19003,X,2011-05-02,297230.00
19004,X,2011-05-03,298595.00
19005,X,2011-05-04,303145.00
19006,X,2011-05-05,302235.00
19007,X,2011-05-06,304510.00
19008,X,2011-05-09,303600.00
19009,X,2011-05-10,295740.00
19010,X,2011-05-11,305905.00
19011,X,2011-05-12,300110.00
19012,X,2011-05-13,305115.00
19013,X,2011-05-16,311365.00
19014,X,2011-05-17,314340.00
19015,X,2011-05-18,317740.00
19016,X,2011-05-19,314765.00
19017,X,2011-05-20,315190.00
19018,X,2011-05-23,316890.00
19019,X,2011-05-24,318590.00
19020,X,2011-05-25,319440.00
19021,X,2011-05-26,320715.00
19022,X,2011-05-27,319865.00
19023,X,2011-05-31,317740.00
19024,X,2011-06-01,322840.00
19025,X,2011-06-02,321565.00
19026,X,2011-06-03,326665.00
19027,X,2011-06-06,321565.00
19028,X,2011-06-14,320290.00
19029,X,2011-06-15,319865.00
19030,X,2011-06-16,322840.00
19031,X,2011-06-17,317740.00
19032,X,2011-06-20,320290.00
19033,X,2011-06-21,319440.00
19034,X,2011-06-22,319440.00
19035,X,2011-06-23,319440.00
19036,X,2011-06-24,319865.00
19037,X,2011-06-27,320290.00
19038,X,2011-06-28,318590.00
19039,X,2011-06-29,317740.00
19040,X,2011-06-30,317740.00
19041,X,2011-07-01,318377.50
19042,X,2011-07-05,318165.00
19043,X,2011-07-06,317315.00
19044,X,2011-07-07,314340.00
19045,X,2011-07-08,316040.00
19046,X,2011-07-11,319015.00
19047,X,2011-07-12,318817.50
19048,X,2011-07-13,317937.50
19049,X,2011-07-14,319257.50
19050,X,2011-07-15,318817.50
19051,X,2011-07-18,321017.50
19052,X,2011-07-19,321457.50
19053,X,2011-07-20,321017.50
19054,X,2011-07-21,321017.50
19055,X,2011-07-22,321897.50
19056,X,2011-07-25,323657.50
19057,X,2011-07-26,321017.50
19058,X,2011-07-27,322337.50
19059,X,2011-07-28,319697.50
19060,X,2011-07-29,322777.50
19061,X,2011-08-01,326297.50
19062,X,2011-08-02,317937.50
19063,X,2011-08-16,322987.50
19064,X,2011-08-17,331572.50
19065,X,2011-08-18,312382.50
19066,X,2011-09-13,334382.50
19067,X,2011-10-11,334382.50
19068,X,2011-10-12,337952.50
19069,X,2011-10-13,337952.50
19070,X,2011-10-14,341012.50
19071,X,2011-10-17,338462.50
19072,X,2011-10-18,339992.50
19073,X,2011-10-19,335912.50
19074,X,2011-10-20,337442.50
19075,X,2011-10-21,338462.50
19076,X,2011-10-24,340502.50
19077,X,2011-10-25,340502.50
19078,X,2011-10-26,339992.50
19079,X,2011-10-27,339992.50
19080,X,2011-10-28,340502.50
19081,X,2011-10-31,342032.50
19082,X,2011-11-01,338972.50
19083,X,2011-11-02,341012.50
19084,X,2011-11-03,342542.50
19085,X,2011-11-04,342032.50
19086,X,2011-11-07,343562.50
19087,X,2011-11-08,343562.50
19088,X,2011-11-15,344572.50
19089,X,2011-11-16,345077.50
19090,X,2011-11-17,341037.50
19091,X,2011-11-18,342047.50
19092,X,2011-11-21,341037.50
19093,X,2011-11-22,344572.50
19094,X,2011-11-23,341542.50
19095,X,2011-12-13,337132.50
19096,X,2011-12-14,338602.50
19097,X,2011-12-15,341052.50
19098,X,2011-12-16,342522.50
19099,X,2011-12-19,342522.50
19100,X,2011-12-20,347912.50
19101,X,2011-12-21,346442.50
19102,X,2011-12-22,348402.50
19103,X,2011-12-23,349382.50
19104,X,2011-12-27,350362.50
19105,X,2011-12-28,349382.50
19106,X,2011-12-29,349872.50
19107,X,2011-12-30,351342.50
19108,X,2012-01-03,352322.50
19109,X,2012-01-04,353302.50
19110,X,2012-01-05,354282.50
19111,X,2012-01-06,356242.50
19112,X,2012-01-09,356242.50
19113,X,2012-01-10,353372.50
19114,X,2012-01-11,354737.50
19115,X,2012-01-12,353827.50
19116,X,2012-01-13,353372.50
19117,X,2012-01-17,352462.50
19118,X,2012-01-18,353372.50
19119,X,2012-01-19,354282.50
19120,X,2012-01-20,354737.50
19121,X,2012-01-23,356102.50
19122,X,2012-01-24,357922.50
19123,X,2012-01-25,356102.50
19124,X,2012-01-26,356557.50
19125,X,2012-01-27,356557.50
19126,X,2012-01-30,356557.50
19127,X,2012-01-31,358377.50
19128,X,2012-02-01,355192.50
19129,X,2012-02-02,354965.00
19130,X,2012-02-03,352462.50
19131,X,2012-02-06,353145.00
19132,X,2012-02-07,352462.50
19133,X,2012-02-14,353352.50
19134,X,2012-02-15,348012.50
19135,X,2012-02-16,351127.50
19136,X,2012-02-17,352907.50
19137,X,2012-02-21,352907.50
19138,X,2012-02-22,355577.50
19139,X,2012-02-23,354687.50
19140,X,2012-02-24,354242.50
19141,X,2012-02-27,355577.50
19142,X,2012-02-28,356467.50
19143,X,2012-02-29,358692.50
19144,X,2012-03-01,358692.50
19145,X,2012-03-02,363587.50
19146,X,2012-03-05,362697.50
19147,X,2012-03-06,364922.50
19148,X,2012-03-07,366257.50
19149,X,2012-03-08,366702.50
19150,X,2012-03-09,367147.50
19151,X,2012-03-12,368037.50
19152,X,2012-03-13,364912.50
19153,X,2012-03-14,367592.50
19154,X,2012-03-15,364042.50
19155,X,2012-03-16,368017.50
19156,X,2012-03-19,366025.00
19157,X,2012-03-20,371122.50
19158,X,2012-03-21,371562.50
19159,X,2012-03-22,371562.50
19160,X,2012-03-23,372882.50
19161,X,2012-03-26,370682.50
19162,X,2012-03-27,370682.50
19163,X,2012-03-28,372002.50
19164,X,2012-03-29,371562.50
19165,X,2012-03-30,372002.50
19166,X,2012-04-02,372002.50
19167,X,2012-04-03,372002.50
19168,X,2012-04-04,377282.50
19169,X,2012-04-05,378602.50
19170,X,2012-04-09,380362.50
19171,X,2012-04-10,377257.50
19172,X,2012-04-11,379002.50
19173,X,2012-04-12,378142.50
19174,X,2012-04-13,381232.50
19175,X,2012-04-16,384347.50
19176,X,2012-04-17,383032.50
19177,X,2012-04-18,387877.50
19178,X,2012-04-19,389657.50
19179,X,2012-04-20,390992.50
19180,X,2012-04-23,390547.50
19181,X,2012-04-24,391437.50
19182,X,2012-04-25,393662.50
19183,X,2012-04-26,391882.50
19184,X,2012-04-27,391437.50
19185,X,2012-04-30,392327.50
19186,X,2012-05-01,393662.50
19187,X,2012-05-02,393217.50
19188,X,2012-05-03,396332.50
19189,X,2012-05-04,399002.50
19190,X,2012-05-07,402117.50
19191,X,2012-05-08,401672.50
19192,X,2012-05-09,400337.50
19193,X,2012-05-10,403897.50
19194,X,2012-05-15,402532.50
19195,X,2012-05-16,403442.50
19196,X,2012-05-17,402532.50
19197,X,2012-05-18,398892.50
19198,X,2012-05-21,403897.50
19199,X,2012-05-22,402532.50
19200,X,2012-05-23,408447.50
19201,X,2012-05-24,406172.50
19202,X,2012-05-25,405717.50
19203,X,2012-05-29,407992.50
19204,X,2012-05-30,405717.50
19205,X,2012-05-31,407082.50
19206,X,2012-06-01,404807.50
19207,X,2012-06-12,403457.50
19208,X,2012-06-13,402107.50
19209,X,2012-06-14,403907.50
19210,X,2012-07-17,404337.50
19211,X,2012-07-18,405627.50
19212,X,2012-07-19,406917.50
19213,X,2012-07-20,406487.50
19214,X,2012-07-23,405627.50
19215,X,2012-07-24,404337.50
19216,X,2012-07-25,406487.50
19217,X,2012-07-26,410787.50
19218,X,2012-07-27,410787.50
19219,X,2012-07-30,411217.50
19220,X,2012-07-31,411217.50
19221,X,2012-08-01,412077.50
19222,X,2012-08-02,414657.50
19223,X,2012-08-03,415947.50
19224,X,2012-08-06,419387.50
19225,X,2012-08-07,417237.50
19226,X,2012-08-08,418097.50
19227,X,2012-08-09,418957.50
19228,X,2012-08-10,419817.50
19229,X,2012-08-13,422397.50
19230,X,2012-08-14,419877.50
19231,X,2012-08-15,421977.50
19232,X,2012-08-16,421557.50
19233,X,2012-08-17,421557.50
19234,X,2012-08-20,422397.50
19235,X,2012-08-21,421137.50
19236,X,2012-08-22,422397.50
19237,X,2012-08-23,423237.50
19238,X,2012-08-24,421137.50
19239,X,2012-08-27,423657.50
19240,X,2012-08-28,422397.50
19241,X,2012-08-29,420717.50
19242,X,2012-08-30,421557.50
19243,X,2012-08-31,424077.50
19244,X,2012-09-04,420297.50
19245,X,2012-09-05,421557.50
19246,X,2012-09-06,421137.50
19247,X,2012-09-07,419667.50
19248,X,2012-09-10,420927.50
19249,X,2012-09-11,418202.50
19250,X,2012-09-12,416542.50
19251,X,2012-09-13,419447.50
19252,X,2012-09-14,418202.50
19253,X,2012-09-17,417372.50
19254,X,2012-09-18,421522.50
19255,X,2012-09-19,419032.50
19256,X,2012-09-20,421522.50
19257,X,2012-09-21,421107.50
19258,X,2012-09-24,423182.50
19259,X,2012-09-25,426502.50
19260,X,2012-09-26,427332.50
19261,X,2012-09-27,425672.50
19262,X,2012-09-28,427747.50
19263,X,2012-10-01,428577.50
19264,X,2012-10-02,429822.50
19265,X,2012-10-03,431067.50
19266,X,2012-10-04,430652.50
19267,X,2012-10-05,432727.50
19268,X,2012-10-08,433972.50
19269,X,2012-10-09,438537.50
19270,X,2012-10-16,438137.50
19271,X,2012-10-17,438537.50
19272,X,2012-10-18,439737.50
19273,X,2012-10-19,439737.50
19274,X,2012-10-22,442137.50
19275,X,2012-10-23,441337.50
19276,X,2012-10-24,442537.50
19277,X,2012-10-25,441337.50
19278,X,2012-10-26,444137.50
19279,X,2012-10-31,446137.50
19280,X,2012-11-01,446937.50
19281,X,2012-11-02,448937.50
19282,X,2012-11-05,448937.50
19283,X,2012-11-06,448137.50
19284,X,2012-11-07,450537.50
19285,X,2012-11-08,453737.50
19286,X,2012-11-09,452537.50
19287,X,2012-11-12,455737.50
19288,X,2012-11-13,456557.50
19289,X,2012-11-14,455737.50
19290,X,2012-11-15,455737.50
19291,X,2012-11-16,460247.50
19292,X,2012-11-19,462297.50
19293,X,2012-11-20,461477.50
19294,X,2012-11-21,461477.50
19295,X,2012-11-23,459017.50
19296,X,2012-11-26,459427.50
19297,X,2012-11-27,458197.50
19298,X,2012-11-28,457377.50
19299,X,2012-11-29,453277.50
19300,X,2012-11-30,455942.50
19301,X,2012-12-03,455532.50
19302,X,2012-12-04,456147.50
19303,X,2012-12-05,455942.50
19304,X,2012-12-06,455532.50
19305,X,2012-12-07,456147.50
19306,X,2012-12-10,455327.50
19307,X,2012-12-11,450447.50
19308,X,2012-12-12,450847.50
19309,X,2012-12-13,452447.50
19310,X,2012-12-14,452847.50
19311,X,2012-12-17,452447.50
19312,X,2012-12-18,450047.50
19313,X,2012-12-19,446847.50
19314,X,2012-12-20,447247.50
19315,X,2012-12-21,449247.50
19316,X,2012-12-24,450847.50
19317,X,2012-12-26,450447.50
19318,X,2012-12-27,450847.50
19319,X,2012-12-28,450047.50
19320,X,2012-12-31,450047.50
19321,X,2013-01-02,444647.50
19322,X,2013-01-03,443847.50
19323,X,2013-01-04,441447.50
19324,X,2013-01-07,442847.50
19325,X,2013-01-08,444647.50
19326,X,2013-01-09,444647.50
19327,X,2013-01-10,444247.50
19328,X,2013-01-11,442647.50
19329,X,2013-01-14,444247.50
19330,X,2013-01-15,443047.50
19331,X,2013-01-16,445447.50
19332,X,2013-01-17,442247.50
19333,X,2013-01-18,445047.50
19334,X,2013-01-22,444447.50
19335,X,2013-01-23,446047.50
19336,X,2013-01-24,444447.50
19337,X,2013-01-25,443647.50
19338,X,2013-01-28,442447.50
19339,X,2013-01-29,443247.50
19340,X,2013-01-30,448447.50
19341,X,2013-01-31,444647.50
19342,X,2013-02-01,440447.50
19343,X,2013-02-04,447647.50
19344,X,2013-02-05,442247.50
19345,X,2013-02-06,441847.50
19346,X,2013-02-07,443247.50
19347,X,2013-02-08,439447.50
19348,X,2013-02-12,439447.50
19349,X,2013-02-13,437867.50
19350,X,2013-02-14,438262.50
19351,X,2013-02-15,437077.50
19352,X,2013-02-19,436682.50
19353,X,2013-02-20,439447.50
19354,X,2013-02-21,442212.50
19355,X,2013-02-22,441027.50
19356,X,2013-02-25,441422.50
19357,X,2013-02-26,443002.50
19358,X,2013-02-27,441817.50
19359,X,2013-02-28,441027.50
19360,X,2013-03-01,441027.50
19361,X,2013-03-04,441817.50
19362,X,2013-03-05,438262.50
19363,X,2013-03-06,437670.00
19364,X,2013-03-07,435695.00
19365,X,2013-03-08,431942.50
19366,X,2013-03-11,433522.50
19367,X,2013-03-12,432742.50
19368,X,2013-03-13,434692.50
19369,X,2013-03-14,430402.50
19370,X,2013-03-15,431182.50
19371,X,2013-03-18,432352.50
19372,X,2013-03-19,431962.50
19373,X,2013-03-20,431572.50
19374,X,2013-03-21,432742.50
19375,X,2013-03-22,431182.50
19376,X,2013-03-25,431962.50
19377,X,2013-03-26,431572.50
19378,X,2013-03-27,431962.50
19379,X,2013-03-28,431962.50
19380,X,2013-04-01,438202.50
19381,X,2013-04-02,439372.50
19382,X,2013-04-03,443662.50
19383,X,2013-04-04,442882.50
19384,X,2013-04-05,443272.50
19385,X,2013-04-08,444052.50
19386,X,2013-04-09,442492.50
19387,X,2013-04-10,438007.50
19388,X,2013-04-11,438787.50
19389,X,2013-04-12,442102.50
19390,X,2013-04-15,450682.50
19391,X,2013-04-16,447777.50
19392,X,2013-04-17,448607.50
19393,X,2013-04-18,448607.50
19394,X,2013-04-19,449022.50
19395,X,2013-04-22,450267.50
19396,X,2013-04-23,449022.50
19397,X,2013-04-24,448192.50
19398,X,2013-04-25,446947.50
19399,X,2013-04-26,448607.50
19400,X,2013-04-29,447777.50
19401,X,2013-04-30,446947.50
19402,X,2013-05-01,450682.50
19403,X,2013-05-02,448607.50
19404,X,2013-05-03,445910.00
19405,X,2013-05-06,444665.00
19406,X,2013-05-07,443835.00
19407,X,2013-05-08,444250.00
19408,X,2013-05-09,444665.00
19409,X,2013-05-10,442797.50
19410,X,2013-05-13,444042.50
19411,X,2013-05-14,440702.50
19412,X,2013-05-15,439442.50
19413,X,2013-05-16,441122.50
19414,X,2013-05-17,441122.50
19415,X,2013-05-20,440702.50
19416,X,2013-05-21,440282.50
19417,X,2013-05-22,442802.50
19418,X,2013-05-23,442382.50
19419,X,2013-05-24,442802.50
19420,X,2013-05-28,441122.50
19421,X,2013-05-29,442802.50
19422,X,2013-05-30,442382.50
19423,X,2013-05-31,441542.50
19424,X,2013-06-03,441962.50
19425,X,2013-06-04,441962.50
19426,X,2013-06-05,444482.50
19427,X,2013-06-06,444062.50
19428,X,2013-06-07,445742.50
19429,X,2013-06-10,444902.50
19430,X,2013-06-11,445322.50
19431,X,2013-06-12,444422.50
19432,X,2013-06-13,445802.50
19433,X,2013-06-14,446162.50
19434,X,2013-06-17,447482.50
19435,X,2013-06-18,445152.50
19436,X,2013-06-19,452282.50
19437,X,2013-06-20,453362.50
19438,X,2013-06-21,454102.50
19439,X,2013-06-24,461002.50
19440,X,2013-06-25,464522.50
19441,X,2013-06-26,464962.50
19442,X,2013-06-27,467162.50
19443,X,2013-06-28,466282.50
19444,X,2013-07-01,466722.50
19445,X,2013-07-02,466722.50
19446,X,2013-07-03,466282.50
19447,X,2013-07-05,465402.50
19448,X,2013-07-08,465842.50
19449,X,2013-07-09,463422.50
19450,X,2013-07-10,463862.50
19451,X,2013-07-16,463442.50
19452,X,2013-07-17,463442.50
19453,X,2013-07-18,463022.50
19454,X,2013-07-19,463022.50
19455,X,2013-07-22,464282.50
19456,X,2013-07-23,464282.50
19457,X,2013-07-24,465542.50
19458,X,2013-07-25,463862.50
19459,X,2013-07-26,465122.50
19460,X,2013-07-29,467642.50
19461,X,2013-07-30,465122.50
19462,X,2013-07-31,465542.50
19463,X,2013-08-01,465542.50
19464,X,2013-08-02,466382.50
19465,X,2013-08-05,466382.50
19466,X,2013-08-06,469742.50
19467,X,2013-08-07,470582.50
19468,X,2013-08-08,471422.50
19469,X,2013-08-09,471002.50
19470,X,2013-08-12,468902.50
19471,X,2013-08-13,470582.50
19472,X,2013-08-14,470132.50
19473,X,2013-08-15,475592.50
19474,X,2013-08-16,481962.50
19475,X,2013-08-19,483172.50
19476,X,2013-08-20,487042.50
19477,X,2013-08-21,484892.50
19478,X,2013-08-22,488332.50
19479,X,2013-08-23,488762.50
19480,X,2013-08-26,489192.50
19481,X,2013-08-27,487472.50
19482,X,2013-08-28,487902.50
19483,X,2013-08-29,489622.50
19484,X,2013-08-30,484032.50
19485,X,2013-09-10,485812.50
19486,X,2013-09-11,485367.50
19487,X,2013-09-12,486702.50
19488,X,2013-09-13,485812.50
19489,X,2013-09-16,486257.50
19490,X,2013-09-17,484922.50
19491,X,2013-09-18,483587.50
19492,X,2013-09-19,486257.50
19493,X,2013-09-20,484922.50
19494,X,2013-09-23,485812.50
19495,X,2013-09-24,486257.50
19496,X,2013-09-25,487147.50
19497,X,2013-09-26,486257.50
19498,X,2013-09-27,486257.50
19499,X,2013-09-30,485367.50
19500,X,2013-10-01,484922.50
19501,X,2013-10-02,485367.50
19502,X,2013-10-03,486702.50
19503,X,2013-10-04,487147.50
19504,X,2013-10-07,485812.50
19505,X,2013-10-08,488927.50
19506,X,2013-10-09,486702.50
19507,X,2013-10-10,487147.50
19508,X,2013-10-11,484922.50
19509,X,2013-10-15,480137.50
19510,X,2013-10-16,487532.50
19511,X,2013-10-17,487967.50
19512,X,2013-10-18,489707.50
19513,X,2013-10-21,487967.50
19514,X,2013-10-22,487967.50
19515,X,2013-10-23,488837.50
19516,X,2013-10-24,488837.50
19517,X,2013-10-25,489707.50
19518,X,2013-10-28,490142.50
19519,X,2013-10-29,488837.50
19520,X,2013-10-30,491012.50
19521,X,2013-10-31,492317.50
19522,X,2013-11-01,494927.50
19523,X,2013-11-04,493187.50
19524,X,2013-11-05,494492.50
19525,X,2013-11-06,496232.50
19526,X,2013-11-07,496667.50
19527,X,2013-11-08,497972.50
19528,X,2013-11-11,496232.50
19529,X,2013-11-12,495807.50
19530,X,2013-11-13,492762.50
19531,X,2013-11-14,494927.50
19532,X,2013-11-15,492317.50
19533,X,2013-11-18,497517.50
19534,X,2013-11-19,500127.50
19535,X,2013-11-20,501402.50
19536,X,2013-11-21,499277.50
19537,X,2013-11-22,499702.50
19538,X,2013-11-25,500552.50
19539,X,2013-11-26,498427.50
19540,X,2013-11-27,497577.50
19541,X,2013-11-29,495877.50
19542,X,2013-12-02,500127.50
19543,X,2013-12-03,502252.50
19544,X,2013-12-04,501402.50
19545,X,2013-12-05,501402.50
19546,X,2013-12-06,500552.50
19547,X,2013-12-09,501827.50
19548,X,2013-12-10,502677.50
19549,X,2013-12-11,509902.50
19550,X,2013-12-12,507777.50
19551,X,2013-12-13,509477.50
19552,X,2013-12-16,504377.50
19553,X,2013-12-17,507402.50
19554,X,2013-12-18,503162.50
19555,X,2013-12-19,504902.50
19556,X,2013-12-20,501857.50
19557,X,2013-12-23,504032.50
19558,X,2013-12-24,500987.50
19559,X,2013-12-26,501857.50
19560,X,2013-12-27,503597.50
19561,X,2013-12-30,500552.50
19562,X,2013-12-31,500552.50
19563,X,2014-01-02,503597.50
19564,X,2014-01-03,502727.50
19565,X,2014-01-06,504467.50
19566,X,2014-01-07,504032.50
19567,X,2014-01-08,504032.50
19568,X,2014-01-09,502292.50
19569,X,2014-01-10,501640.00
19570,X,2014-01-13,506642.50
19571,X,2014-01-14,502742.50
19572,X,2014-01-15,501422.50
19573,X,2014-01-16,499662.50
19574,X,2014-01-17,503182.50
19575,X,2014-01-21,500542.50
19576,X,2014-01-22,500982.50
19577,X,2014-01-23,501862.50
19578,X,2014-01-24,504062.50
19579,X,2014-01-27,506702.50
19580,X,2014-01-28,508902.50
19581,X,2014-01-29,510222.50
19582,X,2014-01-30,505382.50
19583,X,2014-01-31,502302.50
19584,X,2014-02-03,501862.50
19585,X,2014-02-11,503182.50
19586,X,2014-02-12,504062.50
19587,X,2014-02-13,500102.50
19588,X,2014-02-14,498342.50
19589,X,2014-02-18,499662.50
19590,X,2014-02-19,498782.50
19591,X,2014-02-20,499662.50
19592,X,2014-02-21,498782.50
19593,X,2014-02-24,497902.50
19594,X,2014-02-25,495702.50
19595,X,2014-02-26,498782.50
19596,X,2014-02-27,497902.50
19597,X,2014-02-28,498342.50
19598,X,2014-03-03,497902.50
19599,X,2014-03-04,496362.50
19600,X,2014-03-05,494822.50
19601,X,2014-03-06,495482.50
19602,X,2014-03-07,495922.50
19603,X,2014-03-10,496802.50
19604,X,2014-03-11,493562.50
19605,X,2014-03-12,497042.50
19606,X,2014-03-13,494432.50
19607,X,2014-03-14,491822.50
19608,X,2014-03-17,496172.50
19609,X,2014-03-18,495737.50
19610,X,2014-03-19,498347.50
19611,X,2014-03-20,497912.50
19612,X,2014-03-21,497912.50
19613,X,2014-03-24,497477.50
19614,X,2014-03-25,501392.50
19615,X,2014-03-26,500957.50
19616,X,2014-04-15,500007.50
19617,X,2014-04-16,504757.50
19618,X,2014-04-17,502857.50
19619,X,2014-04-21,505707.50
19620,X,2014-04-22,506182.50
19621,X,2014-04-23,504757.50
19622,X,2014-04-24,507132.50
19623,X,2014-04-25,505232.50
19624,X,2014-04-28,507132.50
19625,X,2014-04-29,507132.50
19626,X,2014-04-30,508082.50
19627,X,2014-05-01,509507.50
19628,X,2014-05-02,509032.50
19629,X,2014-05-05,511407.50
19630,X,2014-05-06,511882.50
19631,X,2014-05-07,511407.50
19632,X,2014-05-08,511882.50
19633,X,2014-05-09,512832.50
19634,X,2014-05-12,516157.50
19635,X,2014-05-13,521822.50
19636,X,2014-05-14,521382.50
19637,X,2014-05-15,519622.50
19638,X,2014-05-16,520502.50
19639,X,2014-05-19,523582.50
19640,X,2014-05-20,521382.50
19641,X,2014-05-21,522262.50
19642,X,2014-05-22,525782.50
19643,X,2014-05-23,526222.50
19644,X,2014-05-27,524902.50
19645,X,2014-05-28,525342.50
19646,X,2014-05-29,525782.50
19647,X,2014-05-30,526222.50
19648,X,2014-06-02,527102.50
19649,X,2014-06-03,527982.50
19650,X,2014-06-04,527982.50
19651,X,2014-06-05,526662.50
19652,X,2014-06-06,525342.50
19653,X,2014-06-09,524462.50
19654,X,2014-06-10,523142.50
19655,X,2014-06-11,524012.50
19656,X,2014-06-12,522707.50
19657,X,2014-06-13,524447.50
19658,X,2014-06-16,524882.50
19659,X,2014-06-17,524012.50
19660,X,2014-06-18,524882.50
19661,X,2014-06-19,523577.50
19662,X,2014-06-20,526187.50
19663,X,2014-06-23,527057.50
19664,X,2014-06-24,527057.50
19665,X,2014-06-25,527057.50
19666,X,2014-06-26,527927.50
19667,X,2014-06-27,528362.50
19668,X,2014-06-30,527492.50
19669,X,2014-07-01,524882.50
19670,X,2014-07-02,527057.50
19671,X,2014-07-03,526187.50
19672,X,2014-07-07,530972.50
19673,X,2014-07-08,532712.50
19674,X,2014-07-09,533147.50
19675,X,2014-07-10,532712.50
19676,X,2014-07-11,534017.50
19677,X,2014-07-14,535757.50
19678,X,2014-07-15,539237.50
19679,X,2014-07-16,538787.50
19680,X,2014-07-17,535187.50
19681,X,2014-07-18,542387.50
19682,X,2014-07-21,540137.50
19683,X,2014-07-22,541487.50
19684,X,2014-07-23,543737.50
19685,X,2014-07-24,546887.50
19686,X,2014-07-25,542837.50
19687,X,2014-07-28,545987.50
19688,X,2014-07-29,543287.50
19689,X,2014-07-30,549587.50
19690,X,2014-07-31,544637.50
19691,X,2014-08-12,544637.50
19692,X,2014-08-13,544637.50
19693,X,2014-08-14,545092.50
19694,X,2014-08-15,548277.50
19695,X,2014-08-18,547822.50
19696,X,2014-08-19,547822.50
19697,X,2014-08-20,547367.50
19698,X,2014-08-21,548277.50
19699,X,2014-08-22,550097.50
19700,X,2014-08-25,548732.50
19701,X,2014-08-26,548732.50
19702,X,2014-08-27,550097.50
19703,X,2014-08-28,550097.50
19704,X,2014-08-29,550097.50
19705,X,2014-09-02,548277.50
19706,X,2014-09-03,551462.50
19707,X,2014-09-04,550097.50
19708,X,2014-09-05,549642.50
19709,X,2014-09-08,551462.50
19710,X,2014-09-09,553282.50
19711,X,2014-09-10,552372.50
19712,X,2014-09-11,552827.50
19713,X,2014-09-16,551927.50
19714,X,2014-09-17,554627.50
19715,X,2014-09-18,553727.50
19716,X,2014-09-19,555077.50
19717,X,2014-09-22,554627.50
19718,X,2014-09-23,552827.50
19719,X,2014-09-24,554627.50
19720,X,2014-09-25,553277.50
19721,X,2014-09-26,553727.50
19722,X,2014-09-29,555977.50
19723,X,2014-09-30,556427.50
19724,X,2014-10-14,555017.50
19725,X,2014-10-15,555957.50
19726,X,2014-10-16,555487.50
19727,X,2014-10-17,555487.50
19728,X,2014-10-20,556897.50
19729,X,2014-10-21,558307.50
19730,X,2014-10-22,556427.50
19731,X,2014-10-23,558777.50
19732,X,2014-10-24,558777.50
19733,X,2014-10-27,557837.50
19734,X,2014-10-28,556192.50
19735,X,2014-10-29,555487.50
19736,X,2014-10-30,556662.50
19737,X,2014-10-31,555017.50
19738,X,2014-11-03,556662.50
19739,X,2014-11-04,556192.50
19740,X,2014-11-05,556662.50
19741,X,2014-11-06,553842.50
19742,X,2014-11-07,554547.50
19743,X,2014-11-10,556192.50
19744,X,2014-11-11,554692.50
19745,X,2014-11-12,553812.50
19746,X,2014-11-13,554252.50
19747,X,2014-11-14,554252.50
19748,X,2014-11-17,553372.50
19749,X,2014-11-18,555132.50
19750,X,2014-11-19,555572.50
19751,X,2014-11-20,557332.50
19752,X,2014-11-21,557772.50
19753,X,2014-11-24,556892.50
19754,X,2014-11-25,556892.50
19755,X,2014-11-26,556012.50
19756,X,2014-11-28,556892.50
19757,X,2014-12-01,556012.50
19758,X,2014-12-02,560412.50
19759,X,2014-12-03,558212.50
19760,X,2014-12-04,560412.50
19761,X,2014-12-05,561732.50
19762,X,2014-12-08,559532.50
19763,X,2014-12-09,560852.50
19764,X,2014-12-10,557332.50
19765,X,2014-12-11,559972.50
19766,X,2014-12-12,558652.50
19767,X,2014-12-15,557772.50
19768,X,2014-12-16,558167.50
19769,X,2014-12-17,560987.50
19770,X,2014-12-18,563807.50
19771,X,2014-12-19,561957.50
19772,X,2014-12-22,563717.50
19773,X,2014-12-23,563807.50
19774,X,2014-12-24,564427.50
19775,X,2014-12-26,556722.50
19776,X,2014-12-29,556722.50
19777,X,2014-12-30,557692.50
19778,X,2014-12-31,555752.50
19779,X,2015-01-02,559147.50
19780,X,2015-01-05,557692.50
19781,X,2015-01-06,558662.50
19782,X,2015-01-07,562057.50
19783,X,2015-01-08,562542.50
19784,X,2015-01-09,560602.50
19785,X,2015-01-12,560647.50
19786,X,2015-01-13,557357.50
19787,X,2015-01-14,558797.50
19788,X,2015-01-15,556872.50
19789,X,2015-01-16,562587.50
19790,X,2015-01-20,568302.50
19791,X,2015-01-21,572607.50
19792,X,2015-01-22,573457.50
19793,X,2015-01-23,571577.50
19794,X,2015-01-26,571107.50
19795,X,2015-01-27,569227.50
19796,X,2015-01-28,569227.50
19797,X,2015-01-29,567817.50
19798,X,2015-01-30,571107.50
19799,X,2015-02-02,569697.50
19800,X,2015-02-03,570167.50
19801,X,2015-02-04,572517.50
19802,X,2015-02-05,570637.50
19803,X,2015-02-06,570637.50
19804,X,2015-02-09,575382.50
19805,X,2015-02-10,577322.50
19806,X,2015-02-11,578762.50
19807,X,2015-02-12,580657.50
19808,X,2015-02-13,582127.50
19809,X,2015-02-17,582612.50
19810,X,2015-02-18,583097.50
19811,X,2015-02-19,582127.50
19812,X,2015-02-20,583582.50
19813,X,2015-02-23,582612.50
19814,X,2015-02-24,584552.50
19815,X,2015-02-25,582612.50
19816,X,2015-02-26,586007.50
19817,X,2015-02-27,582612.50
19818,X,2015-03-02,585037.50
19819,X,2015-03-03,585037.50
19820,X,2015-03-04,586007.50
19821,X,2015-03-05,585037.50
19822,X,2015-03-06,588917.50
19823,X,2015-03-09,590232.50
19824,X,2015-03-10,593727.50
19825,X,2015-03-11,591707.50
19826,X,2015-03-12,589262.50
19827,X,2015-03-13,587867.50
19828,X,2015-03-16,589262.50
19829,X,2015-03-17,587867.50
19830,X,2015-03-18,587867.50
19831,X,2015-03-19,587867.50
19832,X,2015-03-20,587402.50
19833,X,2015-03-23,588797.50
19834,X,2015-03-24,589262.50
19835,X,2015-03-25,590192.50
19836,X,2015-03-26,592052.50
19837,X,2015-03-27,592052.50
19838,X,2015-03-30,590192.50
19839,X,2015-03-31,590192.50
19840,X,2015-04-01,589262.50
19841,X,2015-04-02,591587.50
19842,X,2015-04-06,590192.50
19843,X,2015-04-13,589292.50
19844,X,2015-04-14,592442.50
19845,X,2015-04-15,591092.50
19846,X,2015-04-16,589742.50
19847,X,2015-04-17,590642.50
19848,X,2015-04-20,591092.50
19849,X,2015-04-21,592442.50
19850,X,2015-04-22,591092.50
19851,X,2015-04-23,592892.50
19852,X,2015-04-24,593342.50
19853,X,2015-04-27,597842.50
19854,X,2015-04-28,595142.50
19855,X,2015-04-29,592892.50
19856,X,2015-04-30,593792.50
19857,X,2015-05-11,593342.50
19858,X,2015-05-12,593342.50
19859,X,2015-05-13,595142.50
19860,X,2015-05-14,594242.50
19861,X,2015-05-15,594242.50
19862,X,2015-05-18,594692.50
19863,X,2015-05-19,596492.50
19864,X,2015-05-20,596042.50
19865,X,2015-05-21,596942.50
19866,X,2015-05-22,596942.50
19867,X,2015-05-26,598742.50
19868,X,2015-05-27,598292.50
19869,X,2015-05-28,598292.50
19870,X,2015-05-29,598742.50
19871,X,2015-06-01,596492.50
19872,X,2015-06-02,598742.50
19873,X,2015-06-03,595142.50
19874,X,2015-06-04,597392.50
19875,X,2015-06-05,597842.50
19876,X,2015-06-08,597842.50
19877,X,2015-06-09,599642.50
19878,X,2015-06-10,595142.50
19879,X,2015-06-15,594242.50
19880,X,2015-06-16,591092.50
19881,X,2015-06-17,591992.50
19882,X,2015-06-18,592892.50
19883,X,2015-06-19,595142.50
19884,X,2015-06-22,596042.50
19885,X,2015-06-23,596492.50
19886,X,2015-06-24,595592.50
19887,X,2015-06-25,595592.50
19888,X,2015-06-26,595142.50
19889,X,2015-06-29,592442.50
19890,X,2015-06-30,594692.50
19891,X,2015-07-01,597842.50
19892,X,2015-07-02,597392.50
19893,X,2015-07-06,594242.50
19894,X,2015-07-07,596492.50
19895,X,2015-07-08,596942.50
19896,X,2015-07-09,599192.50
19897,X,2015-07-10,601442.50
19898,X,2015-07-13,607087.50
19899,X,2015-07-14,610862.50
19900,X,2015-07-15,610307.50
19901,X,2015-07-16,612247.50
19902,X,2015-07-17,618722.50
19903,X,2015-07-20,619692.50
19904,X,2015-07-21,621632.50
19905,X,2015-07-22,621632.50
19906,X,2015-07-23,620662.50
19907,X,2015-07-24,622117.50
19908,X,2015-07-27,624057.50
19909,X,2015-07-28,626967.50
19910,X,2015-07-29,630847.50
19911,X,2015-08-10,630847.50
19912,X,2015-08-11,631312.50
19913,X,2015-08-12,631312.50
19914,X,2015-08-13,633637.50
19915,X,2015-08-14,634102.50
19916,X,2015-08-17,633172.50
19917,X,2015-08-18,633637.50
19918,X,2015-08-19,634102.50
19919,X,2015-08-20,635032.50
19920,X,2015-08-21,630382.50
19921,X,2015-09-14,630382.50
19922,X,2015-09-15,631372.50
19923,X,2015-09-16,632362.50
19924,X,2015-09-17,633352.50
19925,X,2015-09-18,635827.50
19926,X,2015-09-21,634837.50
19927,X,2015-09-22,632857.50
19928,X,2015-09-23,636817.50
19929,X,2015-09-24,633847.50
19930,X,2015-09-25,634342.50
19931,X,2015-09-28,627907.50
19932,X,2015-10-13,621992.50
19933,X,2015-10-14,628817.50
19934,X,2015-10-15,628817.50
19935,X,2015-10-16,628362.50
19936,X,2015-10-19,629272.50
19937,X,2015-10-20,629272.50
19938,X,2015-10-21,628817.50
19939,X,2015-10-22,629727.50
19940,X,2015-10-23,630637.50
19941,X,2015-10-26,632002.50
19942,X,2015-10-27,633822.50
19943,X,2015-10-28,631547.50
19944,X,2015-10-29,635187.50
19945,X,2015-10-30,634277.50
19946,X,2015-11-02,632002.50
19947,X,2015-11-03,630182.50
19948,X,2015-11-04,632002.50
19949,X,2015-11-05,630637.50
19950,X,2015-11-06,631092.50
19951,X,2015-11-09,631112.50
19952,X,2015-11-10,633872.50
19953,X,2015-11-11,640302.50
19954,X,2015-11-12,634237.50
19955,X,2015-11-13,634237.50
19956,X,2015-11-16,637422.50
19957,X,2015-11-17,636512.50
19958,X,2015-11-18,638787.50
19959,X,2015-11-19,642427.50
19960,X,2015-12-14,643367.50
19961,X,2015-12-15,645717.50
19962,X,2015-12-16,645717.50
19963,X,2015-12-17,647597.50
19964,X,2015-12-18,646657.50
19965,X,2015-12-21,648537.50
19966,X,2015-12-22,648537.50
19967,X,2015-12-23,648537.50
19968,X,2015-12-24,647127.50
19969,X,2015-12-28,648537.50
19970,X,2015-12-29,648537.50
19971,X,2015-12-30,649477.50
19972,X,2015-12-31,649007.50
19973,X,2016-01-04,650417.50
19974,X,2016-01-05,652767.50
19975,X,2016-01-06,654177.50
19976,X,2016-01-07,641957.50
19977,X,2016-01-11,642927.50
19978,X,2016-01-12,646322.50
19979,X,2016-01-13,642442.50
19980,X,2016-01-14,643897.50
19981,X,2016-01-15,636622.50
19982,X,2016-02-08,641077.50
19983,X,2016-02-09,638602.50
19984,X,2016-02-10,633157.50
19985,X,2016-02-11,634642.50
19986,X,2016-02-12,634147.50
19987,X,2016-02-16,640582.50
19988,X,2016-02-17,642067.50
19989,X,2016-02-18,644047.50
19990,X,2016-02-19,644542.50
19991,X,2016-02-22,647017.50
19992,X,2016-02-23,647512.50
19993,X,2016-02-24,646027.50
19994,X,2016-02-25,647512.50
19995,X,2016-02-26,646027.50
19996,X,2016-02-29,646522.50
19997,X,2016-03-01,644542.50
19998,X,2016-03-02,643552.50
19999,X,2016-03-03,643800.00
20000,X,2016-03-04,642315.00
20001,X,2016-03-07,641325.00
20002,X,2016-03-14,644545.00
20003,X,2016-03-15,643625.00
20004,X,2016-03-16,646385.00
20005,X,2016-03-17,647765.00
20006,X,2016-03-18,647305.00
20007,X,2016-03-21,647765.00
20008,X,2016-03-22,649605.00
20009,X,2016-03-23,648225.00
20010,X,2016-03-24,649605.00
20011,X,2016-03-28,653285.00
20012,X,2016-03-29,650525.00
20013,X,2016-03-30,649605.00
20014,X,2016-03-31,650065.00
20015,X,2016-04-01,650065.00
20016,X,2016-04-04,650985.00
20017,X,2016-04-05,652825.00
20018,X,2016-04-06,651445.00
20019,X,2016-04-07,651905.00
20020,X,2016-04-08,653285.00
20021,X,2016-04-11,654645.00
20022,X,2016-04-12,654185.00
20023,X,2016-04-13,648685.00
20024,X,2016-04-14,648235.00
20025,X,2016-04-15,648685.00
20026,X,2016-04-18,648235.00
20027,X,2016-04-19,649135.00
20028,X,2016-04-20,648685.00
20029,X,2016-04-21,650035.00
20030,X,2016-04-22,648235.00
20031,X,2016-04-25,649585.00
20032,X,2016-04-26,648685.00
20033,X,2016-04-27,648235.00
20034,X,2016-04-28,649585.00
20035,X,2016-04-29,650485.00
20036,X,2016-05-02,650935.00
20037,X,2016-05-03,652285.00
20038,X,2016-05-04,654085.00
20039,X,2016-05-05,655885.00
20040,X,2016-05-06,656785.00
20041,X,2016-05-09,658615.00
20042,X,2016-05-10,656815.00
20043,X,2016-05-11,656355.00
20044,X,2016-05-12,657275.00
20045,X,2016-05-13,657275.00
20046,X,2016-05-16,660035.00
20047,X,2016-05-17,658655.00
20048,X,2016-05-18,658655.00
20049,X,2016-05-19,656815.00
20050,X,2016-05-20,659575.00
20051,X,2016-05-23,661415.00
20052,X,2016-05-24,660955.00
20053,X,2016-05-25,661415.00
20054,X,2016-05-26,661875.00
20055,X,2016-05-27,660495.00
20056,X,2016-05-31,659115.00
20057,X,2016-06-01,658655.00
20058,X,2016-06-02,657275.00
20059,X,2016-06-03,658195.00
20060,X,2016-06-06,656125.00
20061,X,2016-06-13,652445.00
20062,X,2016-06-14,651985.00
20063,X,2016-06-15,654745.00
20064,X,2016-06-16,654285.00
20065,X,2016-06-17,655205.00
20066,X,2016-06-20,656585.00
20067,X,2016-06-21,657965.00
20068,X,2016-06-22,656585.00
20069,X,2016-06-23,657505.00
20070,X,2016-06-24,656585.00
20071,X,2016-06-27,650145.00
20072,X,2016-07-11,651925.00
20073,X,2016-07-12,651035.00
20074,X,2016-07-13,651480.00
20075,X,2016-07-14,651925.00
20076,X,2016-07-15,651035.00
20077,X,2016-07-18,650590.00
20078,X,2016-07-19,651480.00
20079,X,2016-07-20,651035.00
20080,X,2016-07-21,651035.00
20081,X,2016-07-22,651035.00
20082,X,2016-07-25,651480.00
20083,X,2016-07-26,650145.00
20084,X,2016-07-27,649255.00
20085,X,2016-07-28,650145.00
20086,X,2016-07-29,650590.00
20087,X,2016-08-01,651035.00
20088,X,2016-08-02,653705.00
20089,X,2016-08-03,652370.00
20090,X,2016-08-04,652815.00
20091,X,2016-08-05,649255.00
20092,X,2016-08-08,650145.00
20093,X,2016-08-15,647970.00
20094,X,2016-08-16,648840.00
20095,X,2016-08-17,649710.00
20096,X,2016-08-18,651015.00
20097,X,2016-08-19,650580.00
20098,X,2016-08-22,651015.00
20099,X,2016-08-23,650145.00
20100,X,2016-08-24,649710.00
20101,X,2016-08-25,650145.00
20102,X,2016-08-26,649275.00
20103,X,2016-08-29,650145.00
20104,X,2016-08-30,649710.00
20105,X,2016-08-31,651450.00
20106,X,2016-09-01,650145.00
20107,X,2016-09-02,649275.00
20108,X,2016-09-06,649710.00
20109,X,2016-09-07,648840.00
20110,X,2016-09-08,649275.00
20111,X,2016-09-09,654060.00
20112,X,2016-09-12,655000.00
20113,X,2016-09-13,658255.00
20114,X,2016-09-14,653015.00
20115,X,2016-09-15,656270.00
20116,X,2016-09-16,658045.00
20117,X,2016-09-19,659020.00
20118,X,2016-09-20,658045.00
20119,X,2016-09-21,659560.00
20120,X,2016-09-22,652460.00
20121,X,2016-09-23,653400.00
20122,X,2016-09-26,654340.00
20123,X,2016-09-27,655280.00
20124,X,2016-09-28,654810.00
20125,X,2016-09-29,654810.00
20126,X,2016-09-30,654810.00
20127,X,2016-10-03,655280.00
20128,X,2016-10-04,656690.00
20129,X,2016-10-05,654340.00
20130,X,2016-10-06,656220.00
20131,X,2016-10-07,656690.00
20132,X,2016-10-10,657155.00
20133,X,2016-10-11,655760.00
20134,X,2016-10-12,656690.00
20135,X,2016-10-13,657155.00
20136,X,2016-10-14,657155.00
20137,X,2016-10-17,655760.00
20138,X,2016-10-18,657620.00
20139,X,2016-10-19,660410.00
20140,X,2016-10-20,661805.00
20141,X,2016-10-21,660875.00
20142,X,2016-10-24,664130.00
20143,X,2016-10-25,666455.00
20144,X,2016-10-26,664130.00
20145,X,2016-10-27,662735.00
20146,X,2016-11-14,657675.00
20147,X,2016-11-15,662735.00
20148,X,2016-11-16,661355.00
20149,X,2016-11-17,660895.00
20150,X,2016-11-18,663195.00
20151,X,2016-11-21,663195.00
20152,X,2016-11-22,661355.00
20153,X,2016-11-23,661355.00
20154,X,2016-11-25,660895.00
20155,X,2016-11-28,662735.00
20156,X,2016-11-29,660895.00
20157,X,2016-11-30,662735.00
20158,X,2016-12-01,665035.00
20159,X,2016-12-02,664575.00
20160,X,2016-12-05,663655.00
20161,X,2016-12-06,662735.00
20162,X,2016-12-07,660435.00
20163,X,2016-12-08,661815.00
20164,X,2016-12-09,662045.00
20165,X,2016-12-12,658325.00
20166,X,2016-12-13,656465.00
20167,X,2016-12-14,659720.00
20168,X,2016-12-15,658325.00
20169,X,2016-12-16,662045.00
20170,X,2016-12-19,663905.00
20171,X,2016-12-20,664835.00
20172,X,2016-12-21,665300.00
20173,X,2016-12-22,663905.00
20174,X,2016-12-23,666230.00
20175,X,2016-12-27,667625.00
20176,X,2016-12-28,666695.00
20177,X,2016-12-29,664835.00
20178,X,2016-12-30,665765.00
20179,X,2017-01-03,670415.00
20180,X,2017-01-04,671810.00
20181,X,2017-01-05,674135.00
20182,X,2017-01-06,677390.00
20183,X,2017-01-09,677855.00
20184,X,2017-01-10,683900.00
20185,X,2017-01-11,683900.00
20186,X,2017-01-12,685295.00
20187,X,2017-01-13,687155.00
20188,X,2017-01-17,687155.00
20189,X,2017-01-18,689945.00
20190,X,2017-01-19,689480.00
20191,X,2017-01-20,693200.00
20192,X,2017-01-23,693200.00
20193,X,2017-01-24,694130.00
20194,X,2017-01-25,695525.00
20195,X,2017-01-26,695525.00
20196,X,2017-01-27,696455.00
20197,X,2017-01-30,694595.00
20198,X,2017-01-31,693200.00
20199,X,2017-02-01,696455.00
20200,X,2017-02-02,694595.00
20201,X,2017-02-03,695525.00
20202,X,2017-02-06,697385.00
20203,X,2017-02-07,696455.00
20204,X,2017-02-08,696920.00
20205,X,2017-02-09,698315.00
20206,X,2017-02-10,695525.00
20207,X,2017-02-13,699640.00
20208,X,2017-02-14,700085.00
20209,X,2017-02-15,698215.00
20210,X,2017-02-16,698215.00
20211,X,2017-02-17,699125.00
20212,X,2017-02-21,699580.00
20213,X,2017-02-22,700490.00
20214,X,2017-02-23,700490.00
20215,X,2017-02-24,699580.00
20216,X,2017-02-27,700945.00
20217,X,2017-02-28,700490.00
20218,X,2017-03-01,699125.00
20219,X,2017-03-02,702310.00
20220,X,2017-03-03,704130.00
20221,X,2017-03-06,705950.00
20222,X,2017-03-07,708225.00
20223,X,2017-03-08,707770.00
20224,X,2017-03-09,709135.00
20225,X,2017-03-10,711865.00
20226,X,2017-03-13,716405.00
20227,X,2017-03-14,716850.00
20228,X,2017-03-15,716405.00
20229,X,2017-03-16,717740.00
20230,X,2017-03-17,716850.00
20231,X,2017-03-20,718185.00
20232,X,2017-03-21,718185.00
20233,X,2017-03-22,719520.00
20234,X,2017-03-23,718185.00
20235,X,2017-03-24,719075.00
20236,X,2017-03-27,721300.00
20237,X,2017-03-28,723525.00
20238,X,2017-03-29,723970.00
20239,X,2017-03-30,723080.00
20240,X,2017-03-31,719520.00
20241,X,2017-04-03,721300.00
20242,X,2017-04-04,723970.00
20243,X,2017-04-05,723970.00
20244,X,2017-04-06,722635.00
20245,X,2017-04-07,723080.00
20246,X,2017-04-10,723075.00
20247,X,2017-04-11,723960.00
20248,X,2017-04-12,717775.00
20249,X,2017-04-13,719540.00
20250,X,2017-04-17,730625.00
20251,X,2017-04-18,727960.00
20252,X,2017-04-19,725300.00
20253,X,2017-04-20,723080.00
20254,X,2017-04-21,720420.00
20255,X,2017-04-24,717052.50
20256,X,2017-04-25,713972.50
20257,X,2017-04-26,712652.50
20258,X,2017-04-27,713092.50
20259,X,2017-04-28,717052.50
20260,X,2017-05-01,714852.50
20261,X,2017-05-02,718372.50
20262,X,2017-05-03,721452.50
20263,X,2017-05-04,723212.50
20264,X,2017-05-05,720132.50
20265,X,2017-05-08,721012.50
20266,X,2017-05-09,723212.50
20267,X,2017-05-10,720572.50
20268,X,2017-05-15,721432.50
20269,X,2017-05-16,723152.50
20270,X,2017-05-17,717992.50
20271,X,2017-05-18,720572.50
20272,X,2017-05-19,721002.50
20273,X,2017-05-22,723582.50
20274,X,2017-05-23,723152.50
20275,X,2017-05-24,725732.50
20276,X,2017-05-25,725302.50
20277,X,2017-05-26,727452.50
20278,X,2017-05-30,728742.50
20279,X,2017-05-31,727022.50
20280,X,2017-06-01,725302.50
20281,X,2017-06-02,722722.50
20282,X,2017-06-05,727022.50
20283,X,2017-06-06,723582.50
20284,X,2017-06-07,725302.50
20285,X,2017-06-08,721862.50
20286,X,2017-06-09,716702.50
20287,X,2017-06-12,721902.50
20288,X,2017-06-13,722782.50
20289,X,2017-06-14,723222.50
20290,X,2017-06-15,724102.50
20291,X,2017-06-16,726742.50
20292,X,2017-06-19,729382.50
20293,X,2017-06-20,729382.50
20294,X,2017-06-21,731142.50
20295,X,2017-06-22,732022.50
20296,X,2017-06-23,730702.50
20297,X,2017-06-26,731142.50
20298,X,2017-06-27,734222.50
20299,X,2017-06-28,732022.50
20300,X,2017-06-29,733342.50
20301,X,2017-06-30,731582.50
20302,X,2017-07-03,730702.50
20303,X,2017-07-05,733342.50
20304,X,2017-07-06,734222.50
20305,X,2017-07-07,734662.50
20306,X,2017-07-10,736877.50
20307,X,2017-07-11,736862.50
20308,X,2017-07-12,735542.50
20309,X,2017-07-13,737697.50
20310,X,2017-07-14,738077.50
20311,X,2017-07-17,737227.50
20312,X,2017-07-18,738927.50
20313,X,2017-07-19,737227.50
20314,X,2017-07-20,736802.50
20315,X,2017-07-21,736802.50
20316,X,2017-07-24,737227.50
20317,X,2017-07-25,731277.50
20318,X,2017-07-26,734677.50
20319,X,2017-07-27,737227.50
20320,X,2017-07-28,740202.50
20321,X,2017-07-31,741052.50
20322,X,2017-08-01,741477.50
20323,X,2017-08-02,745727.50
20324,X,2017-08-03,747852.50
20325,X,2017-08-04,749127.50
20326,X,2017-08-07,749127.50
20327,X,2017-08-08,748277.50
20328,X,2017-08-09,749127.50
20329,X,2017-08-10,744877.50
20330,X,2017-08-14,747667.50
20331,X,2017-08-15,750457.50
20332,X,2017-08-16,749992.50
20333,X,2017-08-17,749527.50
20334,X,2017-08-18,750922.50
20335,X,2017-08-21,749062.50
20336,X,2017-08-22,751387.50
20337,X,2017-08-23,751387.50
20338,X,2017-08-24,752782.50
20339,X,2017-08-25,751852.50
20340,X,2017-08-28,752317.50
20341,X,2017-08-29,752782.50
20342,X,2017-08-30,753712.50
20343,X,2017-08-31,748597.50
20344,X,2017-09-01,748132.50
20345,X,2017-09-05,750457.50
20346,X,2017-09-06,749062.50
20347,X,2017-09-07,750457.50
20348,X,2017-09-08,750922.50
20349,X,2017-09-11,747647.50
20350,X,2017-09-12,747202.50
20351,X,2017-09-13,747202.50
20352,X,2017-09-14,749872.50
20353,X,2017-09-15,748537.50
20354,X,2017-09-18,744977.50
20355,X,2017-09-19,748537.50
20356,X,2017-09-20,748537.50
20357,X,2017-09-21,747202.50
20358,X,2017-09-22,746312.50
20359,X,2017-09-25,744977.50
20360,X,2017-09-26,743642.50
20361,X,2017-09-27,742307.50
20362,X,2017-09-28,741417.50
20363,X,2017-09-29,742307.50
20364,X,2017-10-02,742307.50
20365,X,2017-10-03,741417.50
20366,X,2017-10-04,740082.50
20367,X,2017-10-05,739637.50
20368,X,2017-10-06,740305.00
20369,X,2017-10-09,741610.00
20370,X,2017-10-10,742900.00
20371,X,2017-10-11,743760.00
20372,X,2017-10-12,744190.00
20373,X,2017-10-13,743760.00
20374,X,2017-10-16,748490.00
20375,X,2017-10-17,748920.00
20376,X,2017-10-18,745910.00
20377,X,2017-10-19,748490.00
20378,X,2017-10-20,750640.00
20379,X,2017-10-23,752360.00
20380,X,2017-10-24,749780.00
20381,X,2017-10-25,750210.00
20382,X,2017-10-26,751500.00
20383,X,2017-10-27,751930.00
20384,X,2017-10-30,753650.00
20385,X,2017-10-31,751500.00
20386,X,2017-11-01,754510.00
20387,X,2017-11-02,756230.00
20388,X,2017-11-03,757090.00
20389,X,2017-11-06,759670.00
20390,X,2017-11-13,756730.00
20391,X,2017-11-14,760090.00
20392,X,2017-11-15,757150.00
20393,X,2017-11-16,758830.00
20394,X,2017-11-17,758830.00
20395,X,2017-11-20,756310.00
20396,X,2017-11-21,755470.00
20397,X,2017-11-22,756310.00
20398,X,2017-11-24,756730.00
20399,X,2017-11-27,756310.00
20400,X,2017-11-28,755890.00
20401,X,2017-11-29,751690.00
20402,X,2017-11-30,751690.00
20403,X,2017-12-01,752530.00
20404,X,2017-12-04,752950.00
20405,X,2017-12-05,754630.00
20406,X,2017-12-06,755890.00
20407,X,2017-12-07,754630.00
20408,X,2017-12-08,755050.00
20409,X,2017-12-11,758440.00
20410,X,2017-12-12,760615.00
20411,X,2017-12-13,759310.00
20412,X,2017-12-14,760615.00
20413,X,2017-12-15,758875.00
20414,X,2017-12-18,758440.00
20415,X,2017-12-19,759310.00
20416,X,2017-12-20,757570.00
20417,X,2017-12-21,757570.00
20418,X,2017-12-22,759745.00
20419,X,2017-12-26,758875.00
20420,X,2017-12-27,758875.00
20421,X,2017-12-28,758440.00
20422,X,2017-12-29,759745.00
20423,X,2018-01-02,760180.00
20424,X,2018-01-03,759745.00
20425,X,2018-01-04,758440.00
20426,X,2018-01-05,758875.00
20427,X,2018-01-08,758410.00
20428,X,2018-01-09,758410.00
20429,X,2018-01-10,757570.00
20430,X,2018-01-11,755050.00
20431,X,2018-01-12,755050.00
20432,X,2018-01-16,757570.00
20433,X,2018-01-17,754210.00
20434,X,2018-01-18,754210.00
20435,X,2018-01-19,752530.00
20436,X,2018-01-22,752110.00
20437,X,2018-01-23,749590.00
20438,X,2018-01-24,752530.00
20439,X,2018-01-25,752530.00
20440,X,2018-01-26,750850.00
20441,X,2018-01-29,751270.00
20442,X,2018-01-30,753370.00
20443,X,2018-01-31,755050.00
20444,X,2018-02-01,754630.00
20445,X,2018-02-02,753370.00
20446,X,2018-02-05,740770.00
20447,X,2018-02-12,742300.00
20448,X,2018-02-13,749950.00
20449,X,2018-02-14,747910.00
20450,X,2018-02-15,745360.00
20451,X,2018-02-16,747400.00
20452,X,2018-02-20,746890.00
20453,X,2018-02-21,746890.00
20454,X,2018-02-22,748420.00
20455,X,2018-02-23,748420.00
20456,X,2018-02-26,747910.00
20457,X,2018-02-27,748930.00
20458,X,2018-02-28,748420.00
20459,X,2018-03-01,749950.00
20460,X,2018-03-02,747910.00
20461,X,2018-03-05,748420.00
20462,X,2018-03-06,747400.00
20463,X,2018-03-07,747400.00
20464,X,2018-03-08,746890.00
20465,X,2018-03-09,744850.00
20466,X,2018-03-12,753610.00
20467,X,2018-03-13,750355.00
20468,X,2018-03-14,745240.00
20469,X,2018-03-15,748495.00
20470,X,2018-03-16,751750.00
20471,X,2018-03-19,748495.00
20472,X,2018-03-20,750820.00
20473,X,2018-03-21,752215.00
20474,X,2018-03-22,750820.00
20475,X,2018-04-09,750820.00
20476,X,2018-04-10,751780.00
20477,X,2018-04-11,750820.00
20478,X,2018-04-12,752740.00
20479,X,2018-04-13,752740.00
20480,X,2018-04-16,754660.00
20481,X,2018-04-17,753220.00
20482,X,2018-04-18,752740.00
20483,X,2018-04-19,753220.00
20484,X,2018-04-20,753700.00
20485,X,2018-04-23,754660.00
20486,X,2018-04-24,754180.00
20487,X,2018-04-25,756100.00
20488,X,2018-04-26,754660.00
20489,X,2018-04-27,756580.00
20490,X,2018-04-30,758500.00
20491,X,2018-05-01,758500.00
20492,X,2018-05-02,758020.00
20493,X,2018-05-03,760420.00
20494,X,2018-05-04,757060.00
20495,X,2018-05-07,754660.00
20496,X,2018-05-14,753385.00
20497,X,2018-05-15,755510.00
20498,X,2018-05-16,754235.00
20499,X,2018-05-17,752960.00
20500,X,2018-05-18,751685.00
20501,X,2018-05-21,750835.00
20502,X,2018-05-22,752535.00
20503,X,2018-05-23,753810.00
20504,X,2018-05-24,754235.00
20505,X,2018-05-25,753385.00
20506,X,2018-05-29,751260.00
20507,X,2018-05-30,748710.00
20508,X,2018-05-31,750410.00
20509,X,2018-06-01,749985.00
20510,X,2018-06-04,750835.00
20511,X,2018-06-05,747435.00
20512,X,2018-06-06,746585.00
20513,X,2018-06-07,746585.00
20514,X,2018-06-08,746160.00
20515,X,2018-06-11,747900.00
20516,X,2018-06-12,746160.00
20517,X,2018-06-13,747030.00
20518,X,2018-06-14,745725.00
20519,X,2018-06-15,746160.00
20520,X,2018-06-18,743985.00
20521,X,2018-06-19,744420.00
20522,X,2018-06-20,741375.00
20523,X,2018-06-21,740070.00
20524,X,2018-06-22,741375.00
20525,X,2018-06-25,740505.00
20526,X,2018-06-26,742245.00
20527,X,2018-06-27,741810.00
20528,X,2018-06-28,740505.00
20529,X,2018-06-29,744855.00
20530,X,2018-07-02,743985.00
20531,X,2018-07-03,742245.00
20532,X,2018-07-05,744420.00
20533,X,2018-07-06,744855.00
20534,X,2018-07-09,744855.00
20535,X,2018-07-16,744400.00
20536,X,2018-07-17,745310.00
20537,X,2018-07-18,747130.00
20538,X,2018-07-19,746220.00
20539,X,2018-07-20,746220.00
20540,X,2018-07-23,748495.00
20541,X,2018-07-24,748495.00
20542,X,2018-07-25,750315.00
20543,X,2018-07-26,748950.00
20544,X,2018-07-27,749860.00
20545,X,2018-07-30,749405.00
20546,X,2018-07-31,750770.00
20547,X,2018-08-01,753500.00
20548,X,2018-08-02,753045.00
20549,X,2018-08-03,755775.00
20550,X,2018-08-06,757140.00
20551,X,2018-08-07,758505.00
20552,X,2018-08-08,759870.00
20553,X,2018-08-09,759415.00
20554,X,2018-08-10,760780.00
20555,X,2018-08-13,763480.00
20556,X,2018-08-14,760295.00
20557,X,2018-08-15,763490.00
20558,X,2018-08-16,760305.00
20559,X,2018-08-17,762985.00
20560,X,2018-08-20,762985.00
20561,X,2018-08-21,759870.00
20562,X,2018-08-22,759870.00
20563,X,2018-08-23,760315.00
20564,X,2018-08-24,758535.00
20565,X,2018-08-27,759425.00
20566,X,2018-08-28,758980.00
20567,X,2018-08-29,759870.00
20568,X,2018-08-30,759870.00
20569,X,2018-08-31,758090.00
20570,X,2018-09-04,759425.00
20571,X,2018-09-05,760315.00
20572,X,2018-09-06,761205.00
20573,X,2018-09-07,762540.00
20574,X,2018-09-10,761650.00
20575,X,2018-09-11,762125.00
20576,X,2018-09-12,763935.00
20577,X,2018-09-13,767970.00
20578,X,2018-09-14,766650.00
20579,X,2018-09-17,767570.00
20580,X,2018-09-18,768030.00
20581,X,2018-09-19,770330.00
20582,X,2018-09-20,768950.00
20583,X,2018-09-21,770330.00
20584,X,2018-09-24,773090.00
20585,X,2018-09-25,772170.00
20586,X,2018-09-26,773550.00
20587,X,2018-09-27,777690.00
20588,X,2018-09-28,775390.00
20589,X,2018-10-01,776770.00
20590,X,2018-10-02,774930.00
20591,X,2018-10-15,778020.00
20592,X,2018-10-16,781110.00
20593,X,2018-10-17,780595.00
20594,X,2018-10-18,778020.00
20595,X,2018-10-19,775960.00
20596,X,2018-10-22,776990.00
20597,X,2018-10-23,774415.00
20598,X,2018-10-24,765660.00
20599,X,2018-11-12,763135.00
20600,X,2018-11-13,762630.00
20601,X,2018-11-14,761620.00
20602,X,2018-12-10,760540.00
20603,X,2018-12-11,763240.00
20604,X,2018-12-12,765400.00
20605,X,2018-12-13,763780.00
20606,X,2018-12-14,756760.00
20607,X,2019-01-07,757280.00
20608,X,2019-01-08,760400.00
20609,X,2019-01-09,760920.00
20610,X,2019-01-10,761440.00
20611,X,2019-01-11,761440.00
20612,X,2019-01-14,764040.00
20613,X,2019-01-15,766120.00
20614,X,2019-01-16,764560.00
20615,X,2019-01-17,765600.00
20616,X,2019-01-18,766120.00
20617,X,2019-01-22,764560.00
20618,X,2019-01-23,766120.00
20619,X,2019-01-24,765080.00
20620,X,2019-01-25,764040.00
20621,X,2019-01-28,764560.00
20622,X,2019-01-29,766640.00
20623,X,2019-01-30,766120.00
20624,X,2019-01-31,765080.00
20625,X,2019-03-11,767040.00
20626,X,2019-03-12,767040.00
20627,X,2019-03-13,769490.00
20628,X,2019-03-14,769980.00
20629,X,2019-03-15,769000.00
20630,X,2019-03-18,769980.00
20631,X,2019-03-19,769490.00
20632,X,2019-03-20,771450.00
20633,X,2019-03-21,770960.00
20634,X,2019-03-22,768020.00
20635,X,2019-03-25,767040.00
20636,X,2019-03-26,769000.00
20637,X,2019-03-27,770960.00
20638,X,2019-03-28,771940.00
20639,X,2019-03-29,771450.00
20640,X,2019-04-01,772920.00
20641,X,2019-04-02,772920.00
20642,X,2019-04-03,772430.00
20643,X,2019-04-04,772920.00
20644,X,2019-04-05,770960.00
20645,X,2019-04-08,771450.00
20646,X,2019-04-15,771450.00
20647,X,2019-04-16,772845.00
20648,X,2019-04-17,771450.00
20649,X,2019-04-18,773310.00
20650,X,2019-04-22,772845.00
20651,X,2019-04-23,775170.00
20652,X,2019-04-24,776100.00
20653,X,2019-04-25,775635.00
20654,X,2019-04-26,776100.00
20655,X,2019-04-29,776565.00
20656,X,2019-04-30,776100.00
20657,X,2019-05-01,777960.00
20658,X,2019-05-02,776100.00
20659,X,2019-05-03,775170.00
20660,X,2019-05-06,772845.00
20661,X,2019-05-07,769125.00
20662,X,2019-05-08,769125.00
20663,X,2019-05-09,768195.00
20664,X,2019-05-10,773310.00
20665,X,2019-05-13,756675.00
20666,X,2019-06-10,755205.00
20667,X,2019-06-11,756185.00
20668,X,2019-06-12,755695.00
20669,X,2019-06-13,756675.00
20670,X,2019-06-14,756675.00
20671,X,2019-06-17,758145.00
20672,X,2019-06-18,758635.00
20673,X,2019-06-19,759615.00
20674,X,2019-06-20,760595.00
20675,X,2019-06-21,760595.00
20676,X,2019-06-24,761575.00
20677,X,2019-06-25,761085.00
20678,X,2019-06-26,760595.00
20679,X,2019-06-27,761085.00
20680,X,2019-06-28,760595.00
20681,X,2019-07-01,762065.00
20682,X,2019-07-02,763045.00
20683,X,2019-07-03,761575.00
20684,X,2019-07-05,762065.00
20685,X,2019-07-08,764025.00
20686,X,2019-07-15,764945.00
20687,X,2019-07-16,765865.00
20688,X,2019-07-17,765405.00
20689,X,2019-07-18,764945.00
20690,X,2019-07-19,767705.00
20691,X,2019-07-22,766785.00
20692,X,2019-07-23,766325.00
20693,X,2019-07-24,768165.00
20694,X,2019-07-25,769545.00
20695,X,2019-07-26,768165.00
20696,X,2019-07-29,768625.00
20697,X,2019-07-30,765405.00
20698,X,2019-07-31,765865.00
20699,X,2019-08-01,761725.00
20700,X,2019-08-02,757585.00
20701,X,2019-08-05,746545.00
20702,X,2019-08-12,740045.00
20703,X,2019-08-13,743545.00
20704,X,2019-08-14,739545.00
20705,X,2019-09-09,738555.00
20706,X,2019-09-10,740040.00
20707,X,2019-09-11,741030.00
20708,X,2019-09-12,740040.00
20709,X,2019-09-13,741030.00
20710,X,2019-09-16,741030.00
20711,X,2019-09-17,741030.00
20712,X,2019-09-18,740535.00
20713,X,2019-09-19,742515.00
20714,X,2019-09-20,741525.00
20715,X,2019-09-23,741525.00
20716,X,2019-09-24,740535.00
20717,X,2019-09-25,743010.00
20718,X,2019-09-26,742020.00
20719,X,2019-09-27,741030.00
20720,X,2019-09-30,743505.00
20721,X,2019-10-01,743505.00
20722,X,2019-10-02,738555.00
20723,X,2019-10-03,739050.00
20724,X,2019-10-04,744495.00
20725,X,2019-10-07,744990.00
20726,X,2019-10-08,744495.00
20727,X,2019-10-09,742020.00
20728,X,2019-10-10,745485.00
20729,X,2019-10-11,749445.00
20730,X,2019-10-14,748030.00
20731,X,2019-10-15,754395.00
20732,X,2019-10-16,753415.00
20733,X,2019-10-17,753385.00
20734,X,2019-10-18,753385.00
20735,X,2019-10-21,754840.00
20736,X,2019-10-22,754840.00
20737,X,2019-10-23,754355.00
20738,X,2019-10-24,755325.00
20739,X,2019-10-25,756295.00
20740,X,2019-10-28,755325.00
20741,X,2019-10-29,754840.00
20742,X,2019-10-30,755810.00
20743,X,2019-10-31,757750.00
20744,X,2019-11-01,755810.00
20745,X,2019-11-04,754840.00
20746,X,2019-11-05,754840.00
20747,X,2019-11-06,756295.00
20748,X,2019-11-07,755810.00
20749,X,2019-11-08,755325.00
20750,X,2019-11-11,755790.00
20751,X,2019-11-12,756255.00
20752,X,2019-11-13,755325.00
20753,X,2019-11-14,755325.00
20754,X,2019-11-15,758580.00
20755,X,2019-11-18,758580.00
20756,X,2019-11-19,758115.00
20757,X,2019-11-20,756720.00
20758,X,2019-11-21,758580.00
20759,X,2019-11-22,760440.00
20760,X,2019-11-25,759510.00
20761,X,2019-11-26,759975.00
20762,X,2019-11-27,758580.00
20763,X,2019-11-29,759045.00
20764,X,2019-12-02,758580.00
20765,X,2019-12-03,755790.00
20766,X,2019-12-04,757185.00
20767,X,2019-12-05,759045.00
20768,X,2019-12-06,759045.00
20769,X,2019-12-09,758580.00
20770,X,2019-12-16,759510.00
20771,X,2019-12-17,761370.00
20772,X,2019-12-18,759975.00
20773,X,2019-12-19,758580.00
20774,X,2019-12-20,759510.00
20775,X,2019-12-23,758580.00
20776,X,2019-12-24,757650.00
20777,X,2019-12-26,757650.00
20778,X,2019-12-27,759045.00
20779,X,2019-12-30,759045.00
20780,X,2019-12-31,758580.00
20781,X,2020-01-02,761835.00
20782,X,2020-01-03,759975.00
20783,X,2020-01-06,759975.00
20784,X,2020-01-07,762300.00
20785,X,2020-01-08,762300.00
20786,X,2020-01-09,764160.00
20787,X,2020-01-10,766020.00
20788,X,2020-01-13,766485.00
20789,X,2020-01-14,766020.00
20790,X,2020-01-15,765090.00
20791,X,2020-01-16,764160.00
20792,X,2020-01-17,763695.00
20793,X,2020-01-21,766020.00
20794,X,2020-01-22,765090.00
20795,X,2020-01-23,765555.00
20796,X,2020-01-24,764625.00
20797,X,2020-01-27,762300.00
20798,X,2020-01-28,764160.00
20799,X,2020-01-29,765090.00
20800,X,2020-01-30,766020.00
20801,X,2020-01-31,756255.00
20802,X,2020-02-10,756725.00
20803,X,2020-02-11,757195.00
20804,X,2020-02-12,758135.00
20805,X,2020-02-13,757195.00
20806,X,2020-02-14,757665.00
20807,X,2020-02-18,757195.00
20808,X,2020-02-19,758135.00
20809,X,2020-02-20,757665.00
20810,X,2020-02-21,758135.00
20811,X,2020-02-24,748735.00
20812,X,2020-02-25,738395.00
20813,X,2020-03-09,716165.00
20814,X,2020-04-14,716165.00
20815,X,2020-04-15,708300.00
20816,X,2020-04-16,705880.00
20817,X,2020-04-17,713140.00
20818,X,2020-04-20,708300.00
20819,X,2020-04-21,711325.00
20820,X,2020-04-22,717375.00
20821,X,2020-04-23,715560.00
20822,X,2020-04-24,720400.00
20823,X,2020-04-27,727055.00
20824,X,2020-04-28,727660.00
20825,X,2020-04-29,733105.00
20826,X,2020-04-30,728265.00
20827,X,2020-05-01,720400.00
20828,X,2020-05-04,724030.00
20829,X,2020-05-05,724635.00
20830,X,2020-05-06,722820.00
20831,X,2020-05-07,725240.00
20832,X,2020-05-08,729475.00
20833,X,2020-05-11,731290.00
20834,X,2020-05-12,726450.00
20835,X,2020-06-15,733380.00
20836,X,2020-06-16,731490.00
20837,X,2020-06-17,730860.00
20838,X,2020-06-18,730230.00
20839,X,2020-06-19,731490.00
20840,X,2020-06-22,734010.00
20841,X,2020-06-23,736530.00
20842,X,2020-06-24,730860.00
20843,X,2020-06-25,734010.00
20844,X,2020-06-26,726450.00
20845,X,2020-06-29,735270.00
20846,X,2020-06-30,739050.00
20847,X,2020-07-01,738420.00
20848,X,2020-07-02,739680.00
20849,X,2020-07-06,740940.00
20850,X,2020-07-07,739680.00
20851,X,2020-07-08,740940.00
20852,X,2020-07-09,738420.00
20853,X,2020-07-10,742200.00
20854,X,2020-07-13,739120.00
20855,X,2020-07-14,744685.00
20856,X,2020-07-15,750040.00
20857,X,2020-07-16,748850.00
20858,X,2020-07-17,750040.00
20859,X,2020-07-20,751825.00
20860,X,2020-07-21,753610.00
20861,X,2020-07-22,755395.00
20862,X,2020-07-23,754800.00
20863,X,2020-07-24,754205.00
20864,X,2020-07-27,755990.00
20865,X,2020-07-28,755990.00
20866,X,2020-07-29,758370.00
20867,X,2020-07-30,758370.00
20868,X,2020-07-31,754800.00
20869,X,2020-08-03,758370.00
20870,X,2020-08-04,761345.00
20871,X,2020-08-05,763130.00
20872,X,2020-08-06,763130.00
20873,X,2020-08-07,763130.00
20874,X,2020-08-10,764795.00
20875,X,2020-08-11,764230.00
20876,X,2020-08-12,765360.00
20877,X,2020-08-13,765925.00
20878,X,2020-08-14,764795.00
20879,X,2020-08-17,769315.00
20880,X,2020-08-18,767055.00
20881,X,2020-08-19,765925.00
20882,X,2020-08-20,767620.00
20883,X,2020-08-21,767620.00
20884,X,2020-08-24,768750.00
20885,X,2020-08-25,770445.00
20886,X,2020-08-26,769315.00
20887,X,2020-08-27,769880.00
20888,X,2020-08-28,771010.00
20889,X,2020-08-31,770445.00
20890,X,2020-09-01,770445.00
20891,X,2020-09-02,769880.00
20892,X,2020-09-03,761405.00
20893,X,2020-09-04,762535.00
20894,X,2020-09-08,759710.00
20895,X,2020-09-14,765059.05
20896,X,2020-09-15,764464.05
20897,X,2020-09-16,766255.00
20898,X,2020-09-17,765660.00
20899,X,2020-09-18,765065.00
20900,X,2020-09-21,756735.00
20901,X,2020-09-22,757925.00
20902,X,2020-09-23,751380.00
20903,X,2020-10-12,754305.00
20904,X,2020-10-13,751965.00
20905,X,2020-10-14,752550.00
20906,X,2020-10-15,754305.00
20907,X,2020-10-16,754305.00
20908,X,2020-10-19,750795.00
20909,X,2020-10-20,751965.00
20910,X,2020-10-21,751965.00
20911,X,2020-10-22,751380.00
20912,X,2020-10-23,755475.00
20913,X,2020-10-26,744945.00
20914,X,2020-10-27,747285.00
20915,X,2020-11-09,751885.00
20916,X,2020-11-10,755910.00
20917,X,2020-11-11,753610.00
20918,X,2020-11-12,752460.00
20919,X,2020-11-13,755335.00
20920,X,2020-11-16,757060.00
20921,X,2020-11-17,756485.00
20922,X,2020-11-18,756485.00
20923,X,2020-11-19,758210.00
20924,X,2020-11-20,757635.00
20925,X,2020-11-23,758785.00
20926,X,2020-11-24,761085.00
20927,X,2020-11-25,759360.00
20928,X,2020-11-27,759935.00
20929,X,2020-11-30,758210.00
20930,X,2020-12-01,761085.00
20931,X,2020-12-02,759935.00
20932,X,2020-12-03,762235.00
20933,X,2020-12-04,762810.00
20934,X,2020-12-07,761660.00
20935,X,2020-12-14,762250.00
20936,X,2020-12-15,766380.00
20937,X,2020-12-16,766970.00
20938,X,2020-12-17,768740.00
20939,X,2020-12-18,766970.00
20940,X,2020-12-21,765790.00
20941,X,2020-12-22,768150.00
20942,X,2020-12-23,769920.00
20943,X,2020-12-24,768740.00
20944,X,2020-12-28,771100.00
20945,X,2020-12-29,766970.00
20946,X,2020-12-30,767560.00
20947,X,2020-12-31,767560.00
20948,X,2021-01-04,765200.00
20949,X,2021-01-05,769330.00
20950,X,2021-01-06,775230.00
20951,X,2021-01-07,775820.00
20952,X,2021-01-08,774640.00
20953,X,2021-01-11,775280.00
20954,X,2021-01-12,779585.00
20955,X,2021-01-13,779585.00
20956,X,2021-01-14,781430.00
20957,X,2021-01-15,778970.00
20958,X,2021-01-19,781430.00
20959,X,2021-01-20,781430.00
20960,X,2021-01-21,780815.00
20961,X,2021-01-22,780815.00
20962,X,2021-01-25,783890.00
20963,X,2021-01-26,783275.00
20964,X,2021-01-27,771590.00
20965,X,2021-01-28,775280.00
20966,X,2021-01-29,765440.00
20967,X,2021-02-01,777740.00
20968,X,2021-02-02,783890.00
20969,X,2021-02-03,784505.00
20970,X,2021-02-04,791885.00
20971,X,2021-02-05,788195.00
20972,X,2021-02-08,793115.00
20973,E,2006-11-14,97465.00
20974,E,2006-11-15,95515.00
20975,E,2006-11-16,94930.00
20976,E,2006-11-17,97660.00
20977,E,2006-11-20,96490.00
20978,E,2006-11-21,96880.00
20979,E,2006-11-22,95905.00
20980,E,2006-11-24,96880.00
20981,E,2006-11-27,101950.00
20982,E,2006-11-28,102340.00
20983,E,2006-11-29,100975.00
20984,E,2006-11-30,99025.00
20985,E,2006-12-01,101365.00
20986,E,2006-12-04,96880.00
20987,E,2006-12-05,96295.00
20988,E,2006-12-06,97075.00
20989,E,2006-12-07,97660.00
20990,E,2006-12-08,99220.00
20991,E,2006-12-11,98830.00
20992,E,2006-12-12,101410.00
20993,E,2006-12-13,103795.00
20994,E,2006-12-14,97105.00
20995,E,2006-12-15,97915.00
20996,E,2006-12-18,99535.00
20997,E,2006-12-19,100345.00
20998,E,2006-12-20,101560.00
20999,E,2006-12-21,101965.00
21000,E,2006-12-22,102775.00
21001,E,2006-12-26,102775.00
21002,E,2006-12-27,101155.00
21003,E,2006-12-28,100952.50
21004,E,2006-12-29,103585.00
21005,E,2007-01-03,106420.00
21006,E,2007-01-04,104597.50
21007,E,2007-01-05,110875.00
21008,E,2007-01-08,113710.00
21009,E,2007-01-09,114115.00
21010,E,2007-01-10,114925.00
21011,E,2007-01-11,111685.00
21012,E,2007-01-12,114115.00
21013,E,2007-01-16,115735.00
21014,E,2007-01-17,115330.00
21015,E,2007-01-18,118165.00
21016,E,2007-01-19,117760.00
21017,E,2007-01-22,121000.00
21018,E,2007-01-23,119785.00
21019,E,2007-01-24,117557.50
21020,E,2007-01-25,123025.00
21021,E,2007-01-26,121202.50
21022,E,2007-01-29,118975.00
21023,E,2007-01-30,117152.50
21024,E,2007-01-31,114520.00
21025,E,2007-02-01,112495.00
21026,E,2007-02-02,111280.00
21027,E,2007-02-13,109305.00
21028,E,2007-02-14,108120.00
21029,E,2007-02-15,107922.50
21030,E,2007-02-16,108712.50
21031,E,2007-02-20,105750.00
21032,E,2007-02-21,106145.00
21033,E,2007-02-22,105947.50
21034,E,2007-02-23,106540.00
21035,E,2007-02-26,107725.00
21036,E,2007-02-27,114045.00
21037,E,2007-02-28,114835.00
21038,E,2007-03-01,116415.00
21039,E,2007-03-02,115625.00
21040,E,2007-03-05,117205.00
21041,E,2007-03-06,120760.00
21042,E,2007-03-07,121945.00
21043,E,2007-03-08,121945.00
21044,E,2007-03-09,120760.00
21045,E,2007-03-12,122735.00
21046,E,2007-03-13,126335.00
21047,E,2007-03-14,124695.00
21048,E,2007-03-15,126685.00
21049,E,2007-03-16,125075.00
21050,E,2007-03-19,124695.00
21051,E,2007-03-20,125105.00
21052,E,2007-03-21,122645.00
21053,E,2007-03-22,122235.00
21054,E,2007-03-23,121415.00
21055,E,2007-03-26,122235.00
21056,E,2007-03-27,123875.00
21057,E,2007-03-28,124695.00
21058,E,2007-03-29,123465.00
21059,E,2007-03-30,123465.00
21060,E,2007-04-02,123465.00
21061,E,2007-04-03,121415.00
21062,E,2007-04-04,122645.00
21063,E,2007-04-05,121210.00
21064,E,2007-04-09,122030.00
21065,E,2007-04-10,121005.00
21066,E,2007-04-11,126745.00
21067,E,2007-04-12,122235.00
21068,E,2007-04-13,120595.00
21069,E,2007-04-16,113830.00
21070,E,2007-04-17,116700.00
21071,E,2007-04-18,115880.00
21072,E,2007-04-19,117930.00
21073,E,2007-04-20,115470.00
21074,E,2007-04-23,115880.00
21075,E,2007-04-24,117520.00
21076,E,2007-04-25,114240.00
21077,E,2007-04-26,115265.00
21078,E,2007-04-27,116700.00
21079,E,2007-04-30,122030.00
21080,E,2007-05-01,122440.00
21081,E,2007-05-02,117725.00
21082,E,2007-05-03,116290.00
21083,E,2007-05-04,116290.00
21084,E,2007-05-07,115675.00
21085,E,2007-05-08,116085.00
21086,E,2007-05-09,115470.00
21087,E,2007-05-10,122645.00
21088,E,2007-05-11,118340.00
21089,E,2007-05-14,122030.00
21090,E,2007-05-15,127605.00
21091,E,2007-05-16,126785.00
21092,E,2007-05-17,131540.00
21093,E,2007-05-18,125370.00
21094,E,2007-05-21,116085.00
21095,E,2007-05-22,110925.00
21096,E,2007-05-23,112815.00
21097,E,2007-05-24,117855.00
21098,E,2007-05-25,115755.00
21099,E,2007-05-29,114075.00
21100,E,2007-05-30,112605.00
21101,E,2007-05-31,111555.00
21102,E,2007-06-01,109875.00
21103,E,2007-06-04,108615.00
21104,E,2007-06-05,112395.00
21105,E,2007-06-06,113655.00
21106,E,2007-06-07,118275.00
21107,E,2007-06-08,116805.00
21108,E,2007-06-11,118065.00
21109,E,2007-06-12,123305.00
21110,E,2007-06-13,119545.00
21111,E,2007-06-14,116810.00
21112,E,2007-06-15,108235.00
21113,E,2007-06-18,110320.00
21114,E,2007-06-19,110730.00
21115,E,2007-06-20,119750.00
21116,E,2007-06-21,118910.00
21117,E,2007-06-22,124790.00
21118,E,2007-06-25,127090.00
21119,E,2007-06-26,127090.00
21120,E,2007-06-27,128750.00
21121,E,2007-06-28,127090.00
21122,E,2007-06-29,127920.00
21123,E,2007-07-02,126675.00
21124,E,2007-07-03,124600.00
21125,E,2007-07-05,126260.00
21126,E,2007-07-06,125845.00
21127,E,2007-07-09,125637.50
21128,E,2007-07-10,130825.00
21129,E,2007-07-11,130410.00
21130,E,2007-07-12,126052.50
21131,E,2007-07-13,124392.50
21132,E,2007-07-16,128542.50
21133,E,2007-07-17,127945.00
21134,E,2007-07-18,132510.00
21135,E,2007-07-19,127505.00
21136,E,2007-07-20,136710.00
21137,E,2007-07-23,138602.50
21138,E,2007-07-24,139482.50
21139,E,2007-08-14,134477.50
21140,E,2007-08-15,135842.50
21141,E,2007-08-16,135842.50
21142,E,2007-08-17,134477.50
21143,E,2007-08-20,137207.50
21144,E,2007-08-21,138117.50
21145,E,2007-08-22,137662.50
21146,E,2007-08-23,138572.50
21147,E,2007-08-24,139482.50
21148,E,2007-08-27,140847.50
21149,E,2007-08-28,136752.50
21150,E,2007-08-29,140392.50
21151,E,2007-08-30,139027.50
21152,E,2007-08-31,138572.50
21153,E,2007-09-04,139482.50
21154,E,2007-09-05,138117.50
21155,E,2007-09-06,137662.50
21156,E,2007-09-07,137207.50
21157,E,2007-09-10,139027.50
21158,E,2007-09-11,141382.50
21159,E,2007-09-12,143777.50
21160,E,2007-09-13,142787.50
21161,E,2007-09-14,145637.50
21162,E,2007-09-17,147872.50
21163,E,2007-09-18,150882.50
21164,E,2007-09-19,147617.50
21165,E,2007-09-20,149597.50
21166,E,2007-09-21,150587.50
21167,E,2007-09-24,151577.50
21168,E,2007-09-25,153557.50
21169,E,2007-09-26,153062.50
21170,E,2007-09-27,153062.50
21171,E,2007-09-28,153062.50
21172,E,2007-10-01,151082.50
21173,E,2007-10-02,149597.50
21174,E,2007-10-03,151082.50
21175,E,2007-10-04,150092.50
21176,E,2007-10-05,147617.50
21177,E,2007-10-08,149597.50
21178,E,2007-10-16,149152.50
21179,E,2007-10-17,150042.50
21180,E,2007-10-18,150487.50
21181,E,2007-10-19,146482.50
21182,E,2007-10-22,148707.50
21183,E,2007-10-23,150042.50
21184,E,2007-10-24,151377.50
21185,E,2007-10-25,151822.50
21186,E,2007-10-26,152267.50
21187,E,2007-10-29,153157.50
21188,E,2007-10-30,150932.50
21189,E,2007-10-31,152267.50
21190,E,2007-11-01,151377.50
21191,E,2007-11-02,149152.50
21192,E,2007-11-05,152712.50
21193,E,2007-11-06,157162.50
21194,E,2007-11-07,150932.50
21195,E,2007-11-13,153282.50
21196,E,2007-11-14,149992.50
21197,E,2007-11-15,149052.50
21198,E,2007-11-16,149522.50
21199,E,2007-11-19,149052.50
21200,E,2007-11-20,148112.50
21201,E,2007-11-21,150932.50
21202,E,2007-11-23,150462.50
21203,E,2007-11-26,150462.50
21204,E,2007-11-27,153752.50
21205,E,2007-11-28,156572.50
21206,E,2007-11-29,157042.50
21207,E,2007-11-30,157512.50
21208,E,2007-12-03,157982.50
21209,E,2007-12-04,159862.50
21210,E,2007-12-05,161742.50
21211,E,2007-12-06,160802.50
21212,E,2007-12-07,162682.50
21213,E,2007-12-10,163152.50
21214,E,2007-12-11,159122.50
21215,E,2007-12-12,160062.50
21216,E,2007-12-13,161472.50
21217,E,2007-12-14,161512.50
21218,E,2007-12-17,162042.50
21219,E,2008-01-15,161592.50
21220,E,2008-01-16,162492.50
21221,E,2008-01-17,161142.50
21222,E,2008-01-18,161592.50
21223,E,2008-01-22,163392.50
21224,E,2008-01-23,168342.50
21225,E,2008-01-24,165192.50
21226,E,2008-01-25,164292.50
21227,E,2008-01-28,164292.50
21228,E,2008-01-29,164742.50
21229,E,2008-01-30,166542.50
21230,E,2008-01-31,165642.50
21231,E,2008-02-01,166542.50
21232,E,2008-02-04,166092.50
21233,E,2008-02-05,164292.50
21234,E,2008-02-06,164292.50
21235,E,2008-02-07,166542.50
21236,E,2008-02-08,168342.50
21237,E,2008-02-11,171042.50
21238,E,2008-02-12,172887.50
21239,E,2008-02-13,173847.50
21240,E,2008-02-14,176982.50
21241,E,2008-02-15,179262.50
21242,E,2008-02-19,182862.50
21243,E,2008-02-20,184722.50
21244,E,2008-02-21,184257.50
21245,E,2008-02-22,185652.50
21246,E,2008-02-25,188442.50
21247,E,2008-02-26,187977.50
21248,E,2008-02-27,187977.50
21249,E,2008-02-28,187977.50
21250,E,2008-02-29,185652.50
21251,E,2008-03-03,187512.50
21252,E,2008-03-04,190302.50
21253,E,2008-03-05,193092.50
21254,E,2008-03-06,190302.50
21255,E,2008-03-07,191697.50
21256,E,2008-03-10,185652.50
21257,E,2008-03-11,185652.50
21258,E,2008-03-12,185202.50
21259,E,2008-03-13,186102.50
21260,E,2008-03-14,185202.50
21261,E,2008-03-17,183852.50
21262,E,2008-03-18,182952.50
21263,E,2008-03-19,185652.50
21264,E,2008-03-20,186552.50
21265,E,2008-03-24,185202.50
21266,E,2008-03-25,184302.50
21267,E,2008-03-26,188352.50
21268,E,2008-03-27,187902.50
21269,E,2008-03-28,190152.50
21270,E,2008-03-31,189252.50
21271,E,2008-04-01,189252.50
21272,E,2008-04-02,188577.50
21273,E,2008-04-03,188127.50
21274,E,2008-04-04,189477.50
21275,E,2008-04-15,189917.50
21276,E,2008-04-16,190357.50
21277,E,2008-04-17,190797.50
21278,E,2008-04-18,190797.50
21279,E,2008-04-21,192117.50
21280,E,2008-04-22,193877.50
21281,E,2008-04-23,195197.50
21282,E,2008-04-24,194317.50
21283,E,2008-04-25,194317.50
21284,E,2008-04-28,194097.50
21285,E,2008-04-29,195197.50
21286,E,2008-04-30,195637.50
21287,E,2008-05-01,194977.50
21288,E,2008-05-02,194097.50
21289,E,2008-05-05,195417.50
21290,E,2008-05-06,194537.50
21291,E,2008-05-07,197617.50
21292,E,2008-05-08,198937.50
21293,E,2008-05-09,198717.50
21294,E,2008-05-12,194537.50
21295,E,2008-05-13,192897.50
21296,E,2008-05-14,193307.50
21297,E,2008-05-15,192077.50
21298,E,2008-05-16,193307.50
21299,E,2008-05-19,194127.50
21300,E,2008-05-20,193307.50
21301,E,2008-05-21,192487.50
21302,E,2008-05-22,194537.50
21303,E,2008-05-23,196177.50
21304,E,2008-05-27,194947.50
21305,E,2008-05-28,195767.50
21306,E,2008-05-29,195767.50
21307,E,2008-05-30,195357.50
21308,E,2008-06-02,196997.50
21309,E,2008-06-03,196997.50
21310,E,2008-06-04,196177.50
21311,E,2008-06-05,192282.50
21312,E,2008-06-06,195357.50
21313,E,2008-06-09,197407.50
21314,E,2008-06-10,199407.50
21315,E,2008-06-11,202252.50
21316,E,2008-06-12,206092.50
21317,E,2008-06-13,209037.50
21318,E,2008-06-16,208087.50
21319,E,2008-06-17,210597.50
21320,E,2008-06-18,212417.50
21321,E,2008-06-19,213722.50
21322,E,2008-06-20,212852.50
21323,E,2008-06-23,213287.50
21324,E,2008-06-24,212417.50
21325,E,2008-06-25,215897.50
21326,E,2008-06-26,215897.50
21327,E,2008-06-27,215462.50
21328,E,2008-07-15,215912.50
21329,E,2008-07-16,216812.50
21330,E,2008-07-17,216812.50
21331,E,2008-07-18,217262.50
21332,E,2008-07-21,218612.50
21333,E,2008-07-22,217712.50
21334,E,2008-07-23,216812.50
21335,E,2008-07-24,219512.50
21336,E,2008-07-25,218612.50
21337,E,2008-07-28,220412.50
21338,E,2008-07-29,220637.50
21339,E,2008-07-30,220412.50
21340,E,2008-07-31,220187.50
21341,E,2008-08-01,219962.50
21342,E,2008-08-04,224012.50
21343,E,2008-08-05,219512.50
21344,E,2008-08-06,218837.50
21345,E,2008-08-12,217137.50
21346,E,2008-08-13,216712.50
21347,E,2008-08-14,218837.50
21348,E,2008-08-15,217987.50
21349,E,2008-08-18,217987.50
21350,E,2008-08-19,217987.50
21351,E,2008-08-20,219262.50
21352,E,2008-08-21,221387.50
21353,E,2008-08-22,222237.50
21354,E,2008-08-25,220537.50
21355,E,2008-08-26,220962.50
21356,E,2008-08-27,224362.50
21357,E,2008-08-28,223937.50
21358,E,2008-08-29,224787.50
21359,E,2008-09-02,223512.50
21360,E,2008-09-03,225637.50
21361,E,2008-09-04,224787.50
21362,E,2008-09-05,226487.50
21363,E,2008-09-08,228187.50
21364,E,2008-09-09,223512.50
21365,E,2008-09-10,228187.50
21366,E,2008-09-11,226487.50
21367,E,2008-09-12,227762.50
21368,E,2008-09-15,216287.50
21369,E,2008-09-16,217207.50
21370,E,2008-09-17,213527.50
21371,E,2008-09-18,216747.50
21372,E,2008-09-19,213527.50
21373,E,2008-09-22,214447.50
21374,E,2008-09-23,214907.50
21375,E,2008-09-24,214447.50
21376,E,2008-09-25,216287.50
21377,E,2008-09-26,214907.50
21378,E,2008-09-29,207547.50
21379,E,2008-09-30,214907.50
21380,E,2008-10-01,212147.50
21381,E,2008-10-02,202487.50
21382,E,2008-10-14,200927.50
21383,E,2008-10-15,192607.50
21384,E,2008-11-11,192607.50
21385,E,2008-11-12,191122.50
21386,E,2008-11-13,192112.50
21387,E,2008-11-14,188647.50
21388,E,2008-11-17,192607.50
21389,E,2008-11-18,182212.50
21390,E,2008-12-16,185747.50
21391,E,2008-12-17,187767.50
21392,E,2008-12-18,190797.50
21393,E,2008-12-19,191807.50
21394,E,2008-12-22,193827.50
21395,E,2008-12-23,192312.50
21396,E,2008-12-24,192817.50
21397,E,2008-12-26,194837.50
21398,E,2008-12-29,194837.50
21399,E,2008-12-30,196352.50
21400,E,2008-12-31,195847.50
21401,E,2009-01-02,196857.50
21402,E,2009-01-05,196352.50
21403,E,2009-01-06,194585.00
21404,E,2009-01-07,196857.50
21405,E,2009-01-08,196352.50
21406,E,2009-01-09,198877.50
21407,E,2009-01-12,201907.50
21408,E,2009-01-13,202342.50
21409,E,2009-01-14,202482.50
21410,E,2009-01-15,203892.50
21411,E,2009-01-16,205772.50
21412,E,2009-01-20,199662.50
21413,E,2009-01-21,204832.50
21414,E,2009-01-22,204832.50
21415,E,2009-01-23,208122.50
21416,E,2009-01-26,209062.50
21417,E,2009-01-27,212822.50
21418,E,2009-01-28,213762.50
21419,E,2009-01-29,214232.50
21420,E,2009-01-30,212822.50
21421,E,2009-02-02,214702.50
21422,E,2009-02-03,218462.50
21423,E,2009-02-04,218462.50
21424,E,2009-02-05,218932.50
21425,E,2009-02-06,218462.50
21426,E,2009-02-09,220812.50
21427,E,2009-02-10,217672.50
21428,E,2009-02-11,222322.50
21429,E,2009-02-12,225882.50
21430,E,2009-02-13,226327.50
21431,E,2009-02-17,224992.50
21432,E,2009-02-18,222767.50
21433,E,2009-03-10,222767.50
21434,E,2009-03-11,223607.50
21435,E,2009-03-12,221717.50
21436,E,2009-03-13,221087.50
21437,E,2009-03-16,221297.50
21438,E,2009-03-17,220877.50
21439,E,2009-04-14,219542.50
21440,E,2009-04-15,218207.50
21441,E,2009-04-16,223102.50
21442,E,2009-04-17,223547.50
21443,E,2009-04-20,221767.50
21444,E,2009-04-21,224882.50
21445,E,2009-04-22,222657.50
21446,E,2009-04-23,223102.50
21447,E,2009-04-24,225327.50
21448,E,2009-04-27,224437.50
21449,E,2009-04-28,225327.50
21450,E,2009-04-29,227552.50
21451,E,2009-04-30,227997.50
21452,E,2009-05-01,228442.50
21453,E,2009-05-04,227997.50
21454,E,2009-05-05,227997.50
21455,E,2009-05-06,228887.50
21456,E,2009-05-07,230222.50
21457,E,2009-05-08,227552.50
21458,E,2009-05-11,230000.00
21459,E,2009-05-12,232912.50
21460,E,2009-05-13,236592.50
21461,E,2009-05-14,238292.50
21462,E,2009-05-15,238717.50
21463,E,2009-05-18,243392.50
21464,E,2009-05-19,244242.50
21465,E,2009-05-20,244667.50
21466,E,2009-05-21,242542.50
21467,E,2009-05-22,244667.50
21468,E,2009-05-26,245092.50
21469,E,2009-05-27,246367.50
21470,E,2009-05-28,247217.50
21471,E,2009-05-29,248492.50
21472,E,2009-06-01,244242.50
21473,E,2009-06-02,243817.50
21474,E,2009-06-03,244667.50
21475,E,2009-06-04,243392.50
21476,E,2009-06-05,243817.50
21477,E,2009-06-08,244242.50
21478,E,2009-06-09,243817.50
21479,E,2009-06-10,248280.00
21480,E,2009-06-11,246367.50
21481,E,2009-06-12,246367.50
21482,E,2009-06-15,253167.50
21483,E,2009-06-16,257407.50
21484,E,2009-06-17,258247.50
21485,E,2009-06-18,258667.50
21486,E,2009-06-19,259507.50
21487,E,2009-06-22,260347.50
21488,E,2009-06-23,262027.50
21489,E,2009-06-24,263287.50
21490,E,2009-06-25,266227.50
21491,E,2009-06-26,265387.50
21492,E,2009-06-29,267067.50
21493,E,2009-06-30,267487.50
21494,E,2009-07-01,266647.50
21495,E,2009-07-02,270427.50
21496,E,2009-07-06,272107.50
21497,E,2009-07-07,271267.50
21498,E,2009-07-08,270847.50
21499,E,2009-07-09,275467.50
21500,E,2009-07-14,275867.50
21501,E,2009-07-15,272667.50
21502,E,2009-07-16,271067.50
21503,E,2009-07-17,273467.50
21504,E,2009-07-20,271667.50
21505,E,2009-07-21,273067.50
21506,E,2009-07-22,272267.50
21507,E,2009-07-23,268267.50
21508,E,2009-08-11,268667.50
21509,E,2009-08-12,267067.50
21510,E,2009-08-13,267467.50
21511,E,2009-08-14,269867.50
21512,E,2009-08-17,269467.50
21513,E,2009-08-18,268667.50
21514,E,2009-08-19,269867.50
21515,E,2009-08-20,271467.50
21516,E,2009-08-21,269867.50
21517,E,2009-08-24,269067.50
21518,E,2009-08-25,269867.50
21519,E,2009-08-26,270267.50
21520,E,2009-08-27,270667.50
21521,E,2009-08-28,271467.50
21522,E,2009-08-31,273867.50
21523,E,2009-09-01,275467.50
21524,E,2009-09-02,276667.50
21525,E,2009-09-03,276667.50
21526,E,2009-09-04,277467.50
21527,E,2009-09-08,277067.50
21528,E,2009-09-09,273667.50
21529,E,2009-09-10,269867.50
21530,E,2009-09-11,269867.50
21531,E,2009-09-14,267067.50
21532,E,2009-09-15,266277.50
21533,E,2009-09-16,263037.50
21534,E,2009-09-17,263442.50
21535,E,2009-09-18,262632.50
21536,E,2009-09-21,263847.50
21537,E,2009-09-22,263442.50
21538,E,2009-09-23,264657.50
21539,E,2009-09-24,266682.50
21540,E,2009-09-25,269112.50
21541,E,2009-09-28,267492.50
21542,E,2009-09-29,267492.50
21543,E,2009-09-30,269517.50
21544,E,2009-10-01,268707.50
21545,E,2009-10-02,270327.50
21546,E,2009-10-05,272757.50
21547,E,2009-10-06,272352.50
21548,E,2009-10-07,272757.50
21549,E,2009-10-08,271137.50
21550,E,2009-10-09,270327.50
21551,E,2009-10-12,269922.50
21552,E,2009-10-13,272757.50
21553,E,2009-10-14,266682.50
21554,E,2009-10-15,268302.50
21555,E,2009-10-16,273972.50
21556,E,2009-10-19,272555.00
21557,E,2009-10-20,277617.50
21558,E,2009-10-21,284705.00
21559,E,2009-10-22,284300.00
21560,E,2009-10-23,285110.00
21561,E,2009-10-26,287135.00
21562,E,2009-10-27,286730.00
21563,E,2009-10-28,282275.00
21564,E,2009-11-10,282275.00
21565,E,2009-11-11,282680.00
21566,E,2009-11-12,282680.00
21567,E,2009-11-13,282680.00
21568,E,2009-11-16,280655.00
21569,E,2009-11-17,282275.00
21570,E,2009-11-18,282680.00
21571,E,2009-11-19,285920.00
21572,E,2009-11-20,287945.00
21573,E,2009-11-23,287540.00
21574,E,2009-11-24,289565.00
21575,E,2009-11-25,290375.00
21576,E,2009-11-27,290375.00
21577,E,2009-11-30,291995.00
21578,E,2009-12-01,291995.00
21579,E,2009-12-02,289970.00
21580,E,2009-12-03,289970.00
21581,E,2009-12-04,287540.00
21582,E,2009-12-07,287540.00
21583,E,2009-12-08,289565.00
21584,E,2009-12-09,291185.00
21585,E,2009-12-10,292805.00
21586,E,2009-12-11,290172.50
21587,E,2009-12-14,286122.50
21588,E,2009-12-15,288147.50
21589,E,2009-12-16,286527.50
21590,E,2009-12-17,291590.00
21591,E,2009-12-18,288957.50
21592,E,2009-12-21,282477.50
21593,E,2009-12-22,282072.50
21594,E,2009-12-23,279642.50
21595,E,2009-12-24,279237.50
21596,E,2009-12-28,279642.50
21597,E,2009-12-29,280047.50
21598,E,2009-12-30,280857.50
21599,E,2009-12-31,281262.50
21600,E,2010-01-04,279237.50
21601,E,2010-01-05,279845.00
21602,E,2010-01-06,280047.50
21603,E,2010-01-07,278832.50
21604,E,2010-01-08,277010.00
21605,E,2010-01-11,277617.50
21606,E,2010-01-12,286042.50
21607,E,2010-01-13,277790.00
21608,E,2010-01-14,278580.00
21609,E,2010-01-15,280950.00
21610,E,2010-01-19,278580.00
21611,E,2010-01-20,281345.00
21612,E,2010-01-21,284110.00
21613,E,2010-01-22,284900.00
21614,E,2010-01-25,286875.00
21615,E,2010-01-26,286875.00
21616,E,2010-01-27,290035.00
21617,E,2010-01-28,293195.00
21618,E,2010-02-09,292800.00
21619,E,2010-02-10,292010.00
21620,E,2010-02-11,290825.00
21621,E,2010-02-12,290035.00
21622,E,2010-02-16,288060.00
21623,E,2010-02-17,288060.00
21624,E,2010-02-18,285492.50
21625,E,2010-02-19,284110.00
21626,E,2010-02-22,285097.50
21627,E,2010-02-23,286875.00
21628,E,2010-02-24,285295.00
21629,E,2010-02-25,285295.00
21630,E,2010-02-26,285492.50
21631,E,2010-03-01,282332.50
21632,E,2010-03-16,282727.50
21633,E,2010-03-17,280752.50
21634,E,2010-03-18,282727.50
21635,E,2010-03-19,285097.50
21636,E,2010-03-22,281542.50
21637,E,2010-03-23,279567.50
21638,E,2010-03-24,282332.50
21639,E,2010-03-25,282332.50
21640,E,2010-03-26,282727.50
21641,E,2010-03-29,283912.50
21642,E,2010-03-30,283912.50
21643,E,2010-03-31,284307.50
21644,E,2010-04-01,283912.50
21645,E,2010-04-05,280752.50
21646,E,2010-04-06,278185.00
21647,E,2010-04-07,280950.00
21648,E,2010-04-08,278975.00
21649,E,2010-04-09,277592.50
21650,E,2010-04-12,276012.50
21651,E,2010-04-13,275222.50
21652,E,2010-04-14,270877.50
21653,E,2010-04-15,270877.50
21654,E,2010-04-16,271272.50
21655,E,2010-04-19,273247.50
21656,E,2010-04-20,271667.50
21657,E,2010-04-21,270482.50
21658,E,2010-04-22,268902.50
21659,E,2010-04-23,267717.50
21660,E,2010-04-26,268112.50
21661,E,2010-04-27,271272.50
21662,E,2010-04-28,270877.50
21663,E,2010-04-29,268112.50
21664,E,2010-04-30,269692.50
21665,E,2010-05-03,266137.50
21666,E,2010-05-04,272457.50
21667,E,2010-05-05,272852.50
21668,E,2010-05-06,276407.50
21669,E,2010-05-07,263372.50
21670,E,2010-05-11,259322.50
21671,E,2010-05-12,261572.50
21672,E,2010-05-13,262472.50
21673,E,2010-05-14,259322.50
21674,E,2010-05-17,262922.50
21675,E,2010-05-18,262022.50
21676,E,2010-05-19,259322.50
21677,E,2010-05-20,256172.50
21678,E,2010-05-21,256622.50
21679,E,2010-05-24,263372.50
21680,E,2010-05-25,262472.50
21681,E,2010-06-15,261542.50
21682,E,2010-06-16,264797.50
21683,E,2010-06-17,268052.50
21684,E,2010-06-18,267587.50
21685,E,2010-06-21,262472.50
21686,E,2010-06-22,266192.50
21687,E,2010-06-23,268517.50
21688,E,2010-06-24,265727.50
21689,E,2010-06-25,266657.50
21690,E,2010-06-28,266192.50
21691,E,2010-06-29,264797.50
21692,E,2010-06-30,268052.50
21693,E,2010-07-13,261452.50
21694,E,2010-07-14,265852.50
21695,E,2010-07-15,266732.50
21696,E,2010-07-16,268052.50
21697,E,2010-07-19,268492.50
21698,E,2010-07-20,268932.50
21699,E,2010-07-21,268492.50
21700,E,2010-07-22,267172.50
21701,E,2010-07-23,267612.50
21702,E,2010-07-26,264532.50
21703,E,2010-07-27,265852.50
21704,E,2010-07-28,268492.50
21705,E,2010-07-29,268932.50
21706,E,2010-07-30,268492.50
21707,E,2010-08-02,268052.50
21708,E,2010-08-03,268492.50
21709,E,2010-08-04,269372.50
21710,E,2010-08-05,269372.50
21711,E,2010-08-06,273332.50
21712,E,2010-08-09,271572.50
21713,E,2010-08-10,272052.50
21714,E,2010-08-11,272052.50
21715,E,2010-08-12,272482.50
21716,E,2010-09-14,272062.50
21717,E,2010-09-15,269962.50
21718,E,2010-09-16,271642.50
21719,E,2010-09-17,267442.50
21720,E,2010-09-20,268282.50
21721,E,2010-09-21,267442.50
21722,E,2010-09-22,269962.50
21723,E,2010-09-23,269962.50
21724,E,2010-09-24,269962.50
21725,E,2010-09-27,271222.50
21726,E,2010-09-28,270382.50
21727,E,2010-09-29,270802.50
21728,E,2010-09-30,269962.50
21729,E,2010-10-01,270382.50
21730,E,2010-10-04,271222.50
21731,E,2010-10-05,269962.50
21732,E,2010-10-06,270382.50
21733,E,2010-10-07,269542.50
21734,E,2010-10-08,268702.50
21735,E,2010-10-11,268702.50
21736,E,2010-10-12,267822.50
21737,E,2010-10-13,268262.50
21738,E,2010-10-14,269142.50
21739,E,2010-10-15,269142.50
21740,E,2010-10-18,270462.50
21741,E,2010-10-19,272222.50
21742,E,2010-10-20,271782.50
21743,E,2010-10-21,272662.50
21744,E,2010-10-22,274862.50
21745,E,2010-10-25,273542.50
21746,E,2010-10-26,273102.50
21747,E,2010-10-27,274422.50
21748,E,2010-10-28,274862.50
21749,E,2010-10-29,273982.50
21750,E,2010-11-01,276622.50
21751,E,2010-11-02,273982.50
21752,E,2010-11-03,275742.50
21753,E,2010-11-04,271782.50
21754,E,2010-11-05,272442.50
21755,E,2010-11-08,270902.50
21756,E,2010-11-09,275302.50
21757,E,2010-11-16,273127.50
21758,E,2010-11-17,276607.50
21759,E,2010-11-18,277912.50
21760,E,2010-11-19,278782.50
21761,E,2010-11-22,277042.50
21762,E,2010-11-23,279652.50
21763,E,2010-11-24,277042.50
21764,E,2010-11-26,276607.50
21765,E,2010-11-29,275737.50
21766,E,2010-11-30,277042.50
21767,E,2010-12-01,276607.50
21768,E,2010-12-02,276607.50
21769,E,2010-12-03,275737.50
21770,E,2010-12-06,275737.50
21771,E,2010-12-07,277912.50
21772,E,2010-12-08,276390.00
21773,E,2010-12-09,275302.50
21774,E,2010-12-10,271605.00
21775,E,2010-12-13,274867.50
21776,E,2010-12-14,273652.50
21777,E,2010-12-15,271627.50
21778,E,2010-12-16,271627.50
21779,E,2010-12-17,271627.50
21780,E,2010-12-20,272842.50
21781,E,2010-12-21,272032.50
21782,E,2010-12-22,270817.50
21783,E,2010-12-23,270412.50
21784,E,2010-12-27,269197.50
21785,E,2010-12-28,266767.50
21786,E,2010-12-29,268387.50
21787,E,2010-12-30,266767.50
21788,E,2010-12-31,264742.50
21789,E,2011-01-03,268387.50
21790,E,2011-01-04,272842.50
21791,E,2011-01-05,271222.50
21792,E,2011-01-06,272842.50
21793,E,2011-01-07,273247.50
21794,E,2011-01-10,271222.50
21795,E,2011-01-11,275007.50
21796,E,2011-01-12,274400.00
21797,E,2011-01-13,277480.00
21798,E,2011-01-14,274840.00
21799,E,2011-01-18,275280.00
21800,E,2011-01-19,279240.00
21801,E,2011-01-20,277920.00
21802,E,2011-01-21,277040.00
21803,E,2011-01-24,282320.00
21804,E,2011-01-25,284080.00
21805,E,2011-01-26,280560.00
21806,E,2011-01-27,281440.00
21807,E,2011-01-28,284520.00
21808,E,2011-01-31,283640.00
21809,E,2011-02-01,280560.00
21810,E,2011-02-02,281880.00
21811,E,2011-02-03,281880.00
21812,E,2011-02-04,281880.00
21813,E,2011-02-07,281440.00
21814,E,2011-02-08,282305.00
21815,E,2011-02-09,281000.00
21816,E,2011-02-10,281395.00
21817,E,2011-02-11,279825.00
21818,E,2011-02-14,279400.00
21819,E,2011-02-15,277700.00
21820,E,2011-02-16,275575.00
21821,E,2011-02-17,275575.00
21822,E,2011-02-18,276425.00
21823,E,2011-02-22,275575.00
21824,E,2011-02-23,279825.00
21825,E,2011-02-24,280250.00
21826,E,2011-02-25,278975.00
21827,E,2011-02-28,278975.00
21828,E,2011-03-01,280250.00
21829,E,2011-03-02,278550.00
21830,E,2011-03-03,276850.00
21831,E,2011-03-04,278975.00
21832,E,2011-03-07,280675.00
21833,E,2011-03-08,276850.00
21834,E,2011-03-09,277700.00
21835,E,2011-03-10,279825.00
21836,E,2011-03-11,281950.00
21837,E,2011-03-14,285350.00
21838,E,2011-03-15,279265.00
21839,E,2011-03-16,281740.00
21840,E,2011-03-17,287405.00
21841,E,2011-03-18,289000.00
21842,E,2011-03-21,294980.00
21843,E,2011-03-22,295900.00
21844,E,2011-03-23,294520.00
21845,E,2011-03-24,294980.00
21846,E,2011-03-25,295440.00
21847,E,2011-03-28,294980.00
21848,E,2011-03-29,294980.00
21849,E,2011-03-30,294980.00
21850,E,2011-03-31,294980.00
21851,E,2011-04-01,294980.00
21852,E,2011-04-04,297280.00
21853,E,2011-04-05,295670.00
21854,E,2011-04-06,296360.00
21855,E,2011-04-07,296130.00
21856,E,2011-04-08,298890.00
21857,E,2011-04-11,300960.00
21858,E,2011-04-12,306005.00
21859,E,2011-04-13,308970.00
21860,E,2011-04-14,310330.00
21861,E,2011-04-15,308935.00
21862,E,2011-04-18,311665.00
21863,E,2011-04-19,313030.00
21864,E,2011-04-20,309845.00
21865,E,2011-04-21,309845.00
21866,E,2011-04-25,311665.00
21867,E,2011-04-26,307115.00
21868,E,2011-04-27,308025.00
21869,E,2011-04-28,308025.00
21870,E,2011-04-29,306660.00
21871,E,2011-05-02,308935.00
21872,E,2011-05-03,310300.00
21873,E,2011-05-04,314850.00
21874,E,2011-05-05,313940.00
21875,E,2011-05-06,316215.00
21876,E,2011-05-09,315305.00
21877,E,2011-05-10,307445.00
21878,E,2011-05-11,317610.00
21879,E,2011-05-12,311815.00
21880,E,2011-05-13,316820.00
21881,E,2011-05-16,323070.00
21882,E,2011-05-17,326045.00
21883,E,2011-05-18,329445.00
21884,E,2011-05-19,326470.00
21885,E,2011-05-20,326895.00
21886,E,2011-05-23,328595.00
21887,E,2011-05-24,330295.00
21888,E,2011-05-25,331145.00
21889,E,2011-05-26,332420.00
21890,E,2011-05-27,331570.00
21891,E,2011-05-31,329445.00
21892,E,2011-06-01,334545.00
21893,E,2011-06-02,333270.00
21894,E,2011-06-03,338370.00
21895,E,2011-06-06,333270.00
21896,E,2011-06-14,331995.00
21897,E,2011-06-15,331570.00
21898,E,2011-06-16,334545.00
21899,E,2011-06-17,329445.00
21900,E,2011-06-20,331995.00
21901,E,2011-06-21,331145.00
21902,E,2011-06-22,331145.00
21903,E,2011-06-23,331145.00
21904,E,2011-06-24,331570.00
21905,E,2011-06-27,331995.00
21906,E,2011-06-28,330295.00
21907,E,2011-06-29,329445.00
21908,E,2011-06-30,329445.00
21909,E,2011-07-01,330082.50
21910,E,2011-07-12,330522.50
21911,E,2011-07-13,329642.50
21912,E,2011-07-14,330962.50
21913,E,2011-07-15,330522.50
21914,E,2011-07-18,332722.50
21915,E,2011-07-19,333162.50
21916,E,2011-07-20,332722.50
21917,E,2011-07-21,332722.50
21918,E,2011-07-22,333602.50
21919,E,2011-07-25,335362.50
21920,E,2011-07-26,332722.50
21921,E,2011-07-27,334042.50
21922,E,2011-07-28,331402.50
21923,E,2011-07-29,334482.50
21924,E,2011-08-01,338002.50
21925,E,2011-08-02,329642.50
21926,E,2011-08-16,334692.50
21927,E,2011-08-17,343277.50
21928,E,2011-08-18,324087.50
21929,E,2011-09-13,346087.50
21930,E,2011-10-11,346087.50
21931,E,2011-10-12,349657.50
21932,E,2011-10-13,349657.50
21933,E,2011-10-14,352717.50
21934,E,2011-10-17,350167.50
21935,E,2011-10-18,351697.50
21936,E,2011-10-19,347617.50
21937,E,2011-10-20,349147.50
21938,E,2011-10-21,350167.50
21939,E,2011-10-24,352207.50
21940,E,2011-10-25,352207.50
21941,E,2011-10-26,351697.50
21942,E,2011-10-27,351697.50
21943,E,2011-10-28,352207.50
21944,E,2011-10-31,353737.50
21945,E,2011-11-01,350677.50
21946,E,2011-11-02,352717.50
21947,E,2011-11-03,354247.50
21948,E,2011-11-04,353737.50
21949,E,2011-11-07,355267.50
21950,E,2011-11-08,355267.50
21951,E,2011-11-15,356277.50
21952,E,2011-11-16,356782.50
21953,E,2011-11-17,352742.50
21954,E,2011-11-18,353752.50
21955,E,2011-11-21,352742.50
21956,E,2011-11-22,356277.50
21957,E,2011-11-23,353247.50
21958,E,2011-12-13,348837.50
21959,E,2011-12-14,350307.50
21960,E,2011-12-15,352757.50
21961,E,2011-12-16,354227.50
21962,E,2011-12-19,354227.50
21963,E,2011-12-20,359617.50
21964,E,2011-12-21,358147.50
21965,E,2011-12-22,360107.50
21966,E,2011-12-23,361087.50
21967,E,2011-12-27,362067.50
21968,E,2011-12-28,361087.50
21969,E,2011-12-29,361577.50
21970,E,2011-12-30,363047.50
21971,E,2012-01-03,364027.50
21972,E,2012-01-04,365007.50
21973,E,2012-01-05,365987.50
21974,E,2012-01-06,367947.50
21975,E,2012-01-09,367947.50
21976,E,2012-01-10,365077.50
21977,E,2012-01-11,366442.50
21978,E,2012-01-12,365532.50
21979,E,2012-01-13,365077.50
21980,E,2012-01-17,364167.50
21981,E,2012-01-18,365077.50
21982,E,2012-01-19,365987.50
21983,E,2012-01-20,366442.50
21984,E,2012-01-23,367807.50
21985,E,2012-01-24,369627.50
21986,E,2012-01-25,367807.50
21987,E,2012-01-26,368262.50
21988,E,2012-01-27,368262.50
21989,E,2012-01-30,368262.50
21990,E,2012-01-31,370082.50
21991,E,2012-02-01,366897.50
21992,E,2012-02-02,366670.00
21993,E,2012-02-03,364167.50
21994,E,2012-02-14,365057.50
21995,E,2012-02-15,359717.50
21996,E,2012-02-16,362832.50
21997,E,2012-02-17,364612.50
21998,E,2012-02-21,364612.50
21999,E,2012-02-22,367282.50
22000,E,2012-02-23,366392.50
22001,E,2012-02-24,365947.50
22002,E,2012-02-27,367282.50
22003,E,2012-02-28,368172.50
22004,E,2012-02-29,370397.50
22005,E,2012-03-01,370397.50
22006,E,2012-03-02,375292.50
22007,E,2012-03-05,374402.50
22008,E,2012-03-06,376627.50
22009,E,2012-03-07,377962.50
22010,E,2012-03-08,378407.50
22011,E,2012-03-09,378852.50
22012,E,2012-03-12,379742.50
22013,E,2012-03-13,376617.50
22014,E,2012-03-14,379297.50
22015,E,2012-03-15,375747.50
22016,E,2012-03-16,379722.50
22017,E,2012-03-19,377730.00
22018,E,2012-03-20,382827.50
22019,E,2012-03-21,383267.50
22020,E,2012-03-22,383267.50
22021,E,2012-03-23,384587.50
22022,E,2012-03-26,382387.50
22023,E,2012-03-27,382387.50
22024,E,2012-03-28,383707.50
22025,E,2012-03-29,383267.50
22026,E,2012-03-30,383707.50
22027,E,2012-04-02,383707.50
22028,E,2012-04-03,383707.50
22029,E,2012-04-04,388987.50
22030,E,2012-04-05,390307.50
22031,E,2012-04-09,392067.50
22032,E,2012-04-10,388962.50
22033,E,2012-04-11,390707.50
22034,E,2012-04-12,389847.50
22035,E,2012-04-13,392937.50
22036,E,2012-04-16,396052.50
22037,E,2012-04-17,394737.50
22038,E,2012-04-18,399582.50
22039,E,2012-04-19,401362.50
22040,E,2012-04-20,402697.50
22041,E,2012-04-23,402252.50
22042,E,2012-04-24,403142.50
22043,E,2012-04-25,405367.50
22044,E,2012-04-26,403587.50
22045,E,2012-04-27,403142.50
22046,E,2012-04-30,404032.50
22047,E,2012-05-01,405367.50
22048,E,2012-05-02,404922.50
22049,E,2012-05-03,408037.50
22050,E,2012-05-04,410707.50
22051,E,2012-05-07,413822.50
22052,E,2012-05-08,413377.50
22053,E,2012-05-09,412042.50
22054,E,2012-05-10,415602.50
22055,E,2012-05-15,414237.50
22056,E,2012-05-16,415147.50
22057,E,2012-05-17,414237.50
22058,E,2012-05-18,410597.50
22059,E,2012-05-21,415602.50
22060,E,2012-05-22,414237.50
22061,E,2012-05-23,420152.50
22062,E,2012-05-24,417877.50
22063,E,2012-05-25,417422.50
22064,E,2012-05-29,419697.50
22065,E,2012-05-30,417422.50
22066,E,2012-05-31,418787.50
22067,E,2012-06-01,416512.50
22068,E,2012-06-12,415162.50
22069,E,2012-06-13,413812.50
22070,E,2012-06-14,415612.50
22071,E,2012-07-17,416042.50
22072,E,2012-07-18,417332.50
22073,E,2012-07-19,418622.50
22074,E,2012-07-20,418192.50
22075,E,2012-07-23,417332.50
22076,E,2012-07-24,416042.50
22077,E,2012-07-25,418192.50
22078,E,2012-07-26,422492.50
22079,E,2012-07-27,422492.50
22080,E,2012-07-30,422922.50
22081,E,2012-07-31,422922.50
22082,E,2012-08-01,423782.50
22083,E,2012-08-02,426362.50
22084,E,2012-08-03,427652.50
22085,E,2012-08-06,431092.50
22086,E,2012-08-07,428942.50
22087,E,2012-08-08,429802.50
22088,E,2012-08-09,430662.50
22089,E,2012-08-10,431522.50
22090,E,2012-08-13,434102.50
22091,E,2012-08-14,431582.50
22092,E,2012-08-15,433682.50
22093,E,2012-08-16,433262.50
22094,E,2012-08-17,433262.50
22095,E,2012-08-20,434102.50
22096,E,2012-08-21,432842.50
22097,E,2012-08-22,434102.50
22098,E,2012-08-23,434942.50
22099,E,2012-08-24,432842.50
22100,E,2012-08-27,435362.50
22101,E,2012-08-28,434102.50
22102,E,2012-08-29,432422.50
22103,E,2012-08-30,433262.50
22104,E,2012-08-31,435782.50
22105,E,2012-09-04,432002.50
22106,E,2012-09-05,433262.50
22107,E,2012-09-06,432842.50
22108,E,2012-09-07,431372.50
22109,E,2012-09-10,432632.50
22110,E,2012-09-11,429907.50
22111,E,2012-09-12,428247.50
22112,E,2012-09-13,431152.50
22113,E,2012-09-14,429907.50
22114,E,2012-09-17,429077.50
22115,E,2012-09-18,433227.50
22116,E,2012-09-19,430737.50
22117,E,2012-09-20,433227.50
22118,E,2012-09-21,432812.50
22119,E,2012-09-24,434887.50
22120,E,2012-09-25,438207.50
22121,E,2012-09-26,439037.50
22122,E,2012-09-27,437377.50
22123,E,2012-09-28,439452.50
22124,E,2012-10-01,440282.50
22125,E,2012-10-02,441527.50
22126,E,2012-10-03,442772.50
22127,E,2012-10-04,442357.50
22128,E,2012-10-05,444432.50
22129,E,2012-10-08,445677.50
22130,E,2012-10-09,450242.50
22131,E,2012-10-16,449842.50
22132,E,2012-10-17,450242.50
22133,E,2012-10-18,451442.50
22134,E,2012-10-19,451442.50
22135,E,2012-10-22,453842.50
22136,E,2012-10-23,453042.50
22137,E,2012-10-24,454242.50
22138,E,2012-10-25,453042.50
22139,E,2012-10-26,455842.50
22140,E,2012-10-31,457842.50
22141,E,2012-11-01,458642.50
22142,E,2012-11-02,460642.50
22143,E,2012-11-05,460642.50
22144,E,2012-11-06,459842.50
22145,E,2012-11-07,462242.50
22146,E,2012-11-08,465442.50
22147,E,2012-11-09,464242.50
22148,E,2012-11-12,467442.50
22149,E,2012-11-13,468262.50
22150,E,2012-11-14,467442.50
22151,E,2012-11-15,467442.50
22152,E,2012-11-16,471952.50
22153,E,2012-11-19,474002.50
22154,E,2012-11-20,473182.50
22155,E,2012-11-21,473182.50
22156,E,2012-11-23,470722.50
22157,E,2012-11-26,471132.50
22158,E,2012-11-27,469902.50
22159,E,2012-11-28,469082.50
22160,E,2012-11-29,464982.50
22161,E,2012-11-30,467647.50
22162,E,2012-12-03,467237.50
22163,E,2012-12-04,467852.50
22164,E,2012-12-05,467647.50
22165,E,2012-12-06,467237.50
22166,E,2012-12-07,467852.50
22167,E,2012-12-10,467032.50
22168,E,2012-12-11,462152.50
22169,E,2012-12-12,462552.50
22170,E,2012-12-13,464152.50
22171,E,2012-12-14,464552.50
22172,E,2012-12-17,464152.50
22173,E,2012-12-18,461752.50
22174,E,2012-12-19,458552.50
22175,E,2012-12-20,458952.50
22176,E,2012-12-21,460952.50
22177,E,2012-12-24,462552.50
22178,E,2012-12-26,462152.50
22179,E,2012-12-27,462552.50
22180,E,2012-12-28,461752.50
22181,E,2012-12-31,461752.50
22182,E,2013-01-02,456352.50
22183,E,2013-01-03,455552.50
22184,E,2013-01-04,453152.50
22185,E,2013-01-08,452752.50
22186,E,2013-01-09,452752.50
22187,E,2013-01-10,452352.50
22188,E,2013-01-11,450752.50
22189,E,2013-01-14,452352.50
22190,E,2013-01-15,451152.50
22191,E,2013-01-16,453552.50
22192,E,2013-01-17,450352.50
22193,E,2013-01-18,453152.50
22194,E,2013-01-22,452552.50
22195,E,2013-01-23,454152.50
22196,E,2013-01-24,452552.50
22197,E,2013-01-25,451752.50
22198,E,2013-01-28,450552.50
22199,E,2013-01-29,451352.50
22200,E,2013-01-30,456552.50
22201,E,2013-01-31,452752.50
22202,E,2013-02-01,448552.50
22203,E,2013-02-04,455752.50
22204,E,2013-02-05,450352.50
22205,E,2013-02-06,449952.50
22206,E,2013-02-07,451352.50
22207,E,2013-02-08,447552.50
22208,E,2013-02-12,447552.50
22209,E,2013-02-13,445972.50
22210,E,2013-02-14,446367.50
22211,E,2013-02-15,445182.50
22212,E,2013-02-19,444787.50
22213,E,2013-02-20,447552.50
22214,E,2013-02-21,450317.50
22215,E,2013-02-22,449132.50
22216,E,2013-02-25,449527.50
22217,E,2013-02-26,451107.50
22218,E,2013-02-27,449922.50
22219,E,2013-02-28,449132.50
22220,E,2013-03-01,449132.50
22221,E,2013-03-04,449922.50
22222,E,2013-03-05,446367.50
22223,E,2013-03-06,445775.00
22224,E,2013-03-07,443800.00
22225,E,2013-03-08,440047.50
22226,E,2013-03-11,441627.50
22227,E,2013-03-12,440847.50
22228,E,2013-03-13,442797.50
22229,E,2013-03-14,438507.50
22230,E,2013-03-15,439287.50
22231,E,2013-03-18,440457.50
22232,E,2013-03-19,440067.50
22233,E,2013-03-20,439677.50
22234,E,2013-03-21,440847.50
22235,E,2013-03-22,439287.50
22236,E,2013-03-25,440067.50
22237,E,2013-03-26,439677.50
22238,E,2013-03-27,440067.50
22239,E,2013-03-28,440067.50
22240,E,2013-04-01,446307.50
22241,E,2013-04-02,447477.50
22242,E,2013-04-03,451767.50
22243,E,2013-04-04,450987.50
22244,E,2013-04-05,451377.50
22245,E,2013-04-08,452157.50
22246,E,2013-04-09,450597.50
22247,E,2013-04-10,446112.50
22248,E,2013-04-11,446892.50
22249,E,2013-04-12,450207.50
22250,E,2013-04-15,458787.50
22251,E,2013-04-16,455882.50
22252,E,2013-04-17,456712.50
22253,E,2013-04-18,456712.50
22254,E,2013-04-19,457127.50
22255,E,2013-04-22,458372.50
22256,E,2013-04-23,457127.50
22257,E,2013-04-24,456297.50
22258,E,2013-04-25,455052.50
22259,E,2013-04-26,456712.50
22260,E,2013-04-29,455882.50
22261,E,2013-04-30,455052.50
22262,E,2013-05-01,458787.50
22263,E,2013-05-02,456712.50
22264,E,2013-05-03,454015.00
22265,E,2013-05-06,452770.00
22266,E,2013-05-07,451940.00
22267,E,2013-05-08,452355.00
22268,E,2013-05-14,450675.00
22269,E,2013-05-15,449415.00
22270,E,2013-05-16,451095.00
22271,E,2013-05-17,451095.00
22272,E,2013-05-20,450675.00
22273,E,2013-05-21,450255.00
22274,E,2013-05-22,452775.00
22275,E,2013-05-23,452355.00
22276,E,2013-05-24,452775.00
22277,E,2013-05-28,451095.00
22278,E,2013-05-29,452775.00
22279,E,2013-05-30,452355.00
22280,E,2013-05-31,451515.00
22281,E,2013-06-03,451935.00
22282,E,2013-06-04,451935.00
22283,E,2013-06-05,454455.00
22284,E,2013-06-06,454035.00
22285,E,2013-06-07,455715.00
22286,E,2013-06-10,454875.00
22287,E,2013-06-11,455295.00
22288,E,2013-06-12,454395.00
22289,E,2013-06-13,455775.00
22290,E,2013-06-14,456135.00
22291,E,2013-06-17,457455.00
22292,E,2013-06-18,455125.00
22293,E,2013-06-19,462255.00
22294,E,2013-06-20,463335.00
22295,E,2013-06-21,464075.00
22296,E,2013-06-24,470975.00
22297,E,2013-06-25,474495.00
22298,E,2013-06-26,474935.00
22299,E,2013-06-27,477135.00
22300,E,2013-06-28,476255.00
22301,E,2013-07-01,476695.00
22302,E,2013-07-02,476695.00
22303,E,2013-07-03,476255.00
22304,E,2013-07-05,475375.00
22305,E,2013-07-08,475815.00
22306,E,2013-07-09,473395.00
22307,E,2013-07-10,473835.00
22308,E,2013-07-16,473415.00
22309,E,2013-07-17,473415.00
22310,E,2013-07-18,472995.00
22311,E,2013-07-19,472995.00
22312,E,2013-07-22,474255.00
22313,E,2013-07-23,474255.00
22314,E,2013-07-24,475515.00
22315,E,2013-07-25,473835.00
22316,E,2013-07-26,475095.00
22317,E,2013-07-29,477615.00
22318,E,2013-07-30,475095.00
22319,E,2013-07-31,475515.00
22320,E,2013-08-01,475515.00
22321,E,2013-08-02,476355.00
22322,E,2013-08-05,476355.00
22323,E,2013-08-06,479715.00
22324,E,2013-08-07,480555.00
22325,E,2013-08-08,481395.00
22326,E,2013-08-09,480975.00
22327,E,2013-08-12,478875.00
22328,E,2013-08-13,480555.00
22329,E,2013-08-14,480105.00
22330,E,2013-08-15,485565.00
22331,E,2013-08-16,491935.00
22332,E,2013-08-19,493145.00
22333,E,2013-08-20,497015.00
22334,E,2013-08-21,494865.00
22335,E,2013-08-22,498305.00
22336,E,2013-08-23,498735.00
22337,E,2013-08-26,499165.00
22338,E,2013-08-27,497445.00
22339,E,2013-08-28,497875.00
22340,E,2013-08-29,499595.00
22341,E,2013-08-30,494005.00
22342,E,2013-09-10,495785.00
22343,E,2013-09-11,495340.00
22344,E,2013-09-12,496675.00
22345,E,2013-09-13,495785.00
22346,E,2013-09-16,496230.00
22347,E,2013-09-17,494895.00
22348,E,2013-09-18,493560.00
22349,E,2013-09-19,496230.00
22350,E,2013-09-20,494895.00
22351,E,2013-09-23,495785.00
22352,E,2013-09-24,496230.00
22353,E,2013-09-25,497120.00
22354,E,2013-09-26,496230.00
22355,E,2013-09-27,496230.00
22356,E,2013-09-30,495340.00
22357,E,2013-10-01,494895.00
22358,E,2013-10-02,495340.00
22359,E,2013-10-03,496675.00
22360,E,2013-10-04,497120.00
22361,E,2013-10-07,495785.00
22362,E,2013-10-08,498900.00
22363,E,2013-10-09,496675.00
22364,E,2013-10-10,497120.00
22365,E,2013-10-11,494895.00
22366,E,2013-10-15,490110.00
22367,E,2013-10-16,497505.00
22368,E,2013-10-17,497940.00
22369,E,2013-10-18,499680.00
22370,E,2013-10-21,497940.00
22371,E,2013-10-22,497940.00
22372,E,2013-10-23,498810.00
22373,E,2013-10-24,498810.00
22374,E,2013-10-25,499680.00
22375,E,2013-10-28,500115.00
22376,E,2013-10-29,498810.00
22377,E,2013-10-30,500985.00
22378,E,2013-10-31,502290.00
22379,E,2013-11-01,504900.00
22380,E,2013-11-04,503160.00
22381,E,2013-11-05,504465.00
22382,E,2013-11-06,506205.00
22383,E,2013-11-07,506640.00
22384,E,2013-11-08,507945.00
22385,E,2013-11-11,506205.00
22386,E,2013-11-12,505780.00
22387,E,2013-11-13,502735.00
22388,E,2013-11-14,504900.00
22389,E,2013-11-15,502290.00
22390,E,2013-11-18,507490.00
22391,E,2013-11-19,510100.00
22392,E,2013-11-20,511375.00
22393,E,2013-11-21,509250.00
22394,E,2013-11-22,509675.00
22395,E,2013-11-25,510525.00
22396,E,2013-11-26,508400.00
22397,E,2013-11-27,507550.00
22398,E,2013-11-29,505850.00
22399,E,2013-12-02,510100.00
22400,E,2013-12-03,512225.00
22401,E,2013-12-04,511375.00
22402,E,2013-12-05,511375.00
22403,E,2013-12-06,510525.00
22404,E,2013-12-09,511800.00
22405,E,2013-12-10,512650.00
22406,E,2013-12-11,519875.00
22407,E,2013-12-12,517750.00
22408,E,2013-12-13,519450.00
22409,E,2013-12-16,514350.00
22410,E,2013-12-17,517375.00
22411,E,2013-12-18,513135.00
22412,E,2013-12-19,514875.00
22413,E,2013-12-20,511830.00
22414,E,2013-12-23,514005.00
22415,E,2013-12-24,510960.00
22416,E,2013-12-26,511830.00
22417,E,2013-12-27,513570.00
22418,E,2013-12-30,510525.00
22419,E,2013-12-31,510525.00
22420,E,2014-01-02,513570.00
22421,E,2014-01-03,512700.00
22422,E,2014-01-06,514440.00
22423,E,2014-01-07,514005.00
22424,E,2014-01-08,514005.00
22425,E,2014-01-09,512265.00
22426,E,2014-01-10,511612.50
22427,E,2014-01-13,516615.00
22428,E,2014-01-14,512715.00
22429,E,2014-01-15,511395.00
22430,E,2014-01-16,509635.00
22431,E,2014-01-17,513155.00
22432,E,2014-01-21,510515.00
22433,E,2014-01-22,510955.00
22434,E,2014-01-23,511835.00
22435,E,2014-01-24,514035.00
22436,E,2014-01-27,516675.00
22437,E,2014-01-28,518875.00
22438,E,2014-01-29,520195.00
22439,E,2014-01-30,515355.00
22440,E,2014-01-31,512275.00
22441,E,2014-02-03,511835.00
22442,E,2014-02-11,513155.00
22443,E,2014-02-12,514035.00
22444,E,2014-02-13,510075.00
22445,E,2014-02-14,508315.00
22446,E,2014-02-18,509635.00
22447,E,2014-02-19,508755.00
22448,E,2014-02-20,509635.00
22449,E,2014-02-21,508755.00
22450,E,2014-02-24,507875.00
22451,E,2014-02-25,505675.00
22452,E,2014-02-26,508755.00
22453,E,2014-02-27,507875.00
22454,E,2014-02-28,508315.00
22455,E,2014-03-03,507875.00
22456,E,2014-03-04,506335.00
22457,E,2014-03-11,501115.00
22458,E,2014-03-12,504595.00
22459,E,2014-03-13,501985.00
22460,E,2014-03-14,499375.00
22461,E,2014-03-17,503725.00
22462,E,2014-03-18,503290.00
22463,E,2014-03-19,505900.00
22464,E,2014-03-20,505465.00
22465,E,2014-03-21,505465.00
22466,E,2014-03-24,505030.00
22467,E,2014-03-25,508945.00
22468,E,2014-03-26,508510.00
22469,E,2014-04-15,507560.00
22470,E,2014-04-16,512310.00
22471,E,2014-04-17,510410.00
22472,E,2014-04-21,513260.00
22473,E,2014-04-22,513735.00
22474,E,2014-04-23,512310.00
22475,E,2014-04-24,514685.00
22476,E,2014-04-25,512785.00
22477,E,2014-04-28,514685.00
22478,E,2014-04-29,514685.00
22479,E,2014-04-30,515635.00
22480,E,2014-05-01,517060.00
22481,E,2014-05-02,516585.00
22482,E,2014-05-05,518960.00
22483,E,2014-05-06,519435.00
22484,E,2014-05-07,518960.00
22485,E,2014-05-08,519435.00
22486,E,2014-05-09,520385.00
22487,E,2014-05-12,523710.00
22488,E,2014-05-13,529375.00
22489,E,2014-05-14,528935.00
22490,E,2014-05-15,527175.00
22491,E,2014-05-16,528055.00
22492,E,2014-05-19,531135.00
22493,E,2014-05-20,528935.00
22494,E,2014-05-21,529815.00
22495,E,2014-05-22,533335.00
22496,E,2014-05-23,533775.00
22497,E,2014-05-27,532455.00
22498,E,2014-05-28,532895.00
22499,E,2014-05-29,533335.00
22500,E,2014-05-30,533775.00
22501,E,2014-06-02,534655.00
22502,E,2014-06-03,535535.00
22503,E,2014-06-04,535535.00
22504,E,2014-06-05,534215.00
22505,E,2014-06-06,532895.00
22506,E,2014-06-09,532015.00
22507,E,2014-06-10,530695.00
22508,E,2014-06-11,531565.00
22509,E,2014-06-12,530260.00
22510,E,2014-06-13,532000.00
22511,E,2014-06-16,532435.00
22512,E,2014-06-17,531565.00
22513,E,2014-06-18,532435.00
22514,E,2014-06-19,531130.00
22515,E,2014-06-20,533740.00
22516,E,2014-06-23,534610.00
22517,E,2014-06-24,534610.00
22518,E,2014-06-25,534610.00
22519,E,2014-06-26,535480.00
22520,E,2014-06-27,535915.00
22521,E,2014-06-30,535045.00
22522,E,2014-07-01,532435.00
22523,E,2014-07-02,534610.00
22524,E,2014-07-03,533740.00
22525,E,2014-07-07,538525.00
22526,E,2014-07-08,540265.00
22527,E,2014-07-09,540700.00
22528,E,2014-07-10,540265.00
22529,E,2014-07-11,541570.00
22530,E,2014-07-14,543310.00
22531,E,2014-07-15,546790.00
22532,E,2014-07-16,546340.00
22533,E,2014-07-17,542740.00
22534,E,2014-07-18,549940.00
22535,E,2014-07-21,547690.00
22536,E,2014-07-22,549040.00
22537,E,2014-07-23,551290.00
22538,E,2014-07-24,554440.00
22539,E,2014-07-25,550390.00
22540,E,2014-07-28,553540.00
22541,E,2014-07-29,550840.00
22542,E,2014-07-30,557140.00
22543,E,2014-07-31,552190.00
22544,E,2014-08-12,552190.00
22545,E,2014-08-13,552190.00
22546,E,2014-08-14,552645.00
22547,E,2014-08-15,555830.00
22548,E,2014-08-18,555375.00
22549,E,2014-08-19,555375.00
22550,E,2014-08-20,554920.00
22551,E,2014-08-21,555830.00
22552,E,2014-08-22,557650.00
22553,E,2014-08-25,556285.00
22554,E,2014-08-26,556285.00
22555,E,2014-08-27,557650.00
22556,E,2014-08-28,557650.00
22557,E,2014-08-29,557650.00
22558,E,2014-09-02,555830.00
22559,E,2014-09-03,559015.00
22560,E,2014-09-04,557650.00
22561,E,2014-09-05,557195.00
22562,E,2014-09-08,559015.00
22563,E,2014-09-09,560835.00
22564,E,2014-09-10,559925.00
22565,E,2014-09-11,560380.00
22566,E,2014-09-16,559480.00
22567,E,2014-09-17,562180.00
22568,E,2014-09-18,561280.00
22569,E,2014-09-19,562630.00
22570,E,2014-09-22,562180.00
22571,E,2014-09-23,560380.00
22572,E,2014-09-24,562180.00
22573,E,2014-09-25,560830.00
22574,E,2014-09-26,561280.00
22575,E,2014-09-29,563530.00
22576,E,2014-09-30,563980.00
22577,E,2014-10-14,562570.00
22578,E,2014-10-15,563510.00
22579,E,2014-10-16,563040.00
22580,E,2014-10-17,563040.00
22581,E,2014-10-20,564450.00
22582,E,2014-10-21,565860.00
22583,E,2014-10-22,563980.00
22584,E,2014-10-23,566330.00
22585,E,2014-10-24,566330.00
22586,E,2014-10-27,565390.00
22587,E,2014-10-28,563745.00
22588,E,2014-10-29,563040.00
22589,E,2014-10-30,564215.00
22590,E,2014-10-31,562570.00
22591,E,2014-11-11,563890.00
22592,E,2014-11-12,563010.00
22593,E,2014-11-13,563450.00
22594,E,2014-11-14,563450.00
22595,E,2014-11-17,562570.00
22596,E,2014-11-18,564330.00
22597,E,2014-11-19,564770.00
22598,E,2014-11-20,566530.00
22599,E,2014-11-21,566970.00
22600,E,2014-11-24,566090.00
22601,E,2014-11-25,566090.00
22602,E,2014-11-26,565210.00
22603,E,2014-11-28,566090.00
22604,E,2014-12-01,565210.00
22605,E,2014-12-02,569610.00
22606,E,2014-12-03,567410.00
22607,E,2014-12-04,569610.00
22608,E,2014-12-05,570930.00
22609,E,2014-12-08,568730.00
22610,E,2014-12-09,570050.00
22611,E,2014-12-10,566530.00
22612,E,2014-12-11,569170.00
22613,E,2014-12-12,567850.00
22614,E,2014-12-15,566970.00
22615,E,2014-12-16,567365.00
22616,E,2014-12-17,570185.00
22617,E,2014-12-18,573005.00
22618,E,2014-12-19,571155.00
22619,E,2014-12-22,572915.00
22620,E,2014-12-23,573005.00
22621,E,2014-12-24,573625.00
22622,E,2014-12-26,565920.00
22623,E,2014-12-29,565920.00
22624,E,2014-12-30,566890.00
22625,E,2014-12-31,564950.00
22626,E,2015-01-02,568345.00
22627,E,2015-01-05,566890.00
22628,E,2015-01-06,567860.00
22629,E,2015-01-07,571255.00
22630,E,2015-01-08,571740.00
22631,E,2015-01-09,569800.00
22632,E,2015-01-12,569845.00
22633,E,2015-01-13,566555.00
22634,E,2015-01-14,567995.00
22635,E,2015-01-15,566070.00
22636,E,2015-01-16,571785.00
22637,E,2015-01-20,577500.00
22638,E,2015-01-21,581805.00
22639,E,2015-01-22,582655.00
22640,E,2015-01-23,580775.00
22641,E,2015-01-26,580305.00
22642,E,2015-01-27,578425.00
22643,E,2015-01-28,578425.00
22644,E,2015-01-29,577015.00
22645,E,2015-01-30,580305.00
22646,E,2015-02-02,578895.00
22647,E,2015-02-03,579365.00
22648,E,2015-02-04,581715.00
22649,E,2015-02-05,579835.00
22650,E,2015-02-06,579835.00
22651,E,2015-02-09,584580.00
22652,E,2015-02-10,586520.00
22653,E,2015-02-11,587960.00
22654,E,2015-02-12,589855.00
22655,E,2015-02-13,591325.00
22656,E,2015-02-17,591810.00
22657,E,2015-02-18,592295.00
22658,E,2015-02-19,591325.00
22659,E,2015-02-20,592780.00
22660,E,2015-02-23,591810.00
22661,E,2015-02-24,593750.00
22662,E,2015-02-25,591810.00
22663,E,2015-02-26,595205.00
22664,E,2015-02-27,591810.00
22665,E,2015-03-02,594235.00
22666,E,2015-03-03,594235.00
22667,E,2015-03-04,595205.00
22668,E,2015-03-05,594235.00
22669,E,2015-03-06,598115.00
22670,E,2015-03-09,599430.00
22671,E,2015-03-10,602925.00
22672,E,2015-03-11,600905.00
22673,E,2015-03-12,598460.00
22674,E,2015-03-13,597065.00
22675,E,2015-03-16,598460.00
22676,E,2015-03-17,597065.00
22677,E,2015-03-18,597065.00
22678,E,2015-03-19,597065.00
22679,E,2015-03-20,596600.00
22680,E,2015-03-23,597995.00
22681,E,2015-03-24,598460.00
22682,E,2015-03-25,599390.00
22683,E,2015-03-26,601250.00
22684,E,2015-03-27,601250.00
22685,E,2015-03-30,599390.00
22686,E,2015-03-31,599390.00
22687,E,2015-04-01,598460.00
22688,E,2015-04-02,600785.00
22689,E,2015-04-06,599390.00
22690,E,2015-04-13,598490.00
22691,E,2015-04-14,601640.00
22692,E,2015-04-15,600290.00
22693,E,2015-04-16,598940.00
22694,E,2015-04-17,599840.00
22695,E,2015-04-20,600290.00
22696,E,2015-04-21,601640.00
22697,E,2015-04-22,600290.00
22698,E,2015-04-23,602090.00
22699,E,2015-04-24,602540.00
22700,E,2015-04-27,607040.00
22701,E,2015-04-28,604340.00
22702,E,2015-04-29,602090.00
22703,E,2015-04-30,602990.00
22704,E,2015-05-11,602540.00
22705,E,2015-05-12,602540.00
22706,E,2015-05-13,604340.00
22707,E,2015-05-14,603440.00
22708,E,2015-05-15,603440.00
22709,E,2015-05-18,603890.00
22710,E,2015-05-19,605690.00
22711,E,2015-05-20,605240.00
22712,E,2015-05-21,606140.00
22713,E,2015-05-22,606140.00
22714,E,2015-05-26,607940.00
22715,E,2015-05-27,607490.00
22716,E,2015-05-28,607490.00
22717,E,2015-05-29,607940.00
22718,E,2015-06-01,605690.00
22719,E,2015-06-02,607940.00
22720,E,2015-06-03,604340.00
22721,E,2015-06-04,606590.00
22722,E,2015-06-05,607040.00
22723,E,2015-06-08,607040.00
22724,E,2015-06-09,608840.00
22725,E,2015-06-10,604340.00
22726,E,2015-06-15,603440.00
22727,E,2015-06-16,600290.00
22728,E,2015-06-17,601190.00
22729,E,2015-06-18,602090.00
22730,E,2015-06-19,604340.00
22731,E,2015-06-22,605240.00
22732,E,2015-06-23,605690.00
22733,E,2015-06-24,604790.00
22734,E,2015-06-25,604790.00
22735,E,2015-06-26,604340.00
22736,E,2015-06-29,601640.00
22737,E,2015-06-30,603890.00
22738,E,2015-07-01,607040.00
22739,E,2015-07-02,606590.00
22740,E,2015-07-06,603440.00
22741,E,2015-07-07,605690.00
22742,E,2015-07-08,606140.00
22743,E,2015-07-09,608390.00
22744,E,2015-07-10,610640.00
22745,E,2015-07-13,616285.00
22746,E,2015-07-14,620060.00
22747,E,2015-07-15,619505.00
22748,E,2015-07-16,621445.00
22749,E,2015-07-17,627920.00
22750,E,2015-07-20,628890.00
22751,E,2015-07-21,630830.00
22752,E,2015-07-22,630830.00
22753,E,2015-07-23,629860.00
22754,E,2015-07-24,631315.00
22755,E,2015-07-27,633255.00
22756,E,2015-07-28,636165.00
22757,E,2015-07-29,640045.00
22758,E,2015-08-10,640045.00
22759,E,2015-08-11,640510.00
22760,E,2015-08-12,640510.00
22761,E,2015-08-13,642835.00
22762,E,2015-08-14,643300.00
22763,E,2015-08-17,642370.00
22764,E,2015-08-18,642835.00
22765,E,2015-08-19,643300.00
22766,E,2015-08-20,644230.00
22767,E,2015-08-21,639580.00
22768,E,2015-09-14,639580.00
22769,E,2015-09-15,640570.00
22770,E,2015-09-16,641560.00
22771,E,2015-09-17,642550.00
22772,E,2015-09-18,645025.00
22773,E,2015-09-21,644035.00
22774,E,2015-09-22,642055.00
22775,E,2015-09-23,646015.00
22776,E,2015-09-24,643045.00
22777,E,2015-09-25,643540.00
22778,E,2015-09-28,637105.00
22779,E,2015-10-13,631190.00
22780,E,2015-10-14,638015.00
22781,E,2015-10-15,638015.00
22782,E,2015-10-16,637560.00
22783,E,2015-10-19,638470.00
22784,E,2015-10-20,638470.00
22785,E,2015-10-21,638015.00
22786,E,2015-10-22,638925.00
22787,E,2015-10-23,639835.00
22788,E,2015-10-26,641200.00
22789,E,2015-10-27,643020.00
22790,E,2015-10-28,640745.00
22791,E,2015-10-29,644385.00
22792,E,2015-10-30,643475.00
22793,E,2015-11-02,641200.00
22794,E,2015-11-03,639380.00
22795,E,2015-11-04,641200.00
22796,E,2015-11-05,639835.00
22797,E,2015-11-06,640290.00
22798,E,2015-11-09,640310.00
22799,E,2015-11-10,643070.00
22800,E,2015-11-11,649500.00
22801,E,2015-11-12,643435.00
22802,E,2015-11-13,643435.00
22803,E,2015-11-16,646620.00
22804,E,2015-11-17,645710.00
22805,E,2015-11-18,647985.00
22806,E,2015-11-19,651625.00
22807,E,2015-12-14,652565.00
22808,E,2015-12-15,654915.00
22809,E,2015-12-16,654915.00
22810,E,2015-12-17,656795.00
22811,E,2015-12-18,655855.00
22812,E,2015-12-21,657735.00
22813,E,2015-12-22,657735.00
22814,E,2015-12-23,657735.00
22815,E,2015-12-24,656325.00
22816,E,2015-12-28,657735.00
22817,E,2015-12-29,657735.00
22818,E,2015-12-30,658675.00
22819,E,2015-12-31,658205.00
22820,E,2016-01-04,659615.00
22821,E,2016-01-05,661965.00
22822,E,2016-01-06,663375.00
22823,E,2016-01-07,651155.00
22824,E,2016-01-11,652125.00
22825,E,2016-01-12,655520.00
22826,E,2016-01-13,651640.00
22827,E,2016-01-14,653095.00
22828,E,2016-01-15,645820.00
22829,E,2016-02-08,650275.00
22830,E,2016-02-09,647800.00
22831,E,2016-02-10,642355.00
22832,E,2016-02-11,643840.00
22833,E,2016-02-12,643345.00
22834,E,2016-02-16,649780.00
22835,E,2016-02-17,651265.00
22836,E,2016-02-18,653245.00
22837,E,2016-02-19,653740.00
22838,E,2016-02-22,656215.00
22839,E,2016-02-23,656710.00
22840,E,2016-02-24,655225.00
22841,E,2016-02-25,656710.00
22842,E,2016-02-26,655225.00
22843,E,2016-02-29,655720.00
22844,E,2016-03-01,653740.00
22845,E,2016-03-02,652750.00
22846,E,2016-03-03,652997.50
22847,E,2016-03-14,656217.50
22848,E,2016-03-15,655297.50
22849,E,2016-03-16,658057.50
22850,E,2016-03-17,659437.50
22851,E,2016-03-18,658977.50
22852,E,2016-03-21,659437.50
22853,E,2016-03-22,661277.50
22854,E,2016-03-23,659897.50
22855,E,2016-03-24,661277.50
22856,E,2016-03-28,664957.50
22857,E,2016-03-29,662197.50
22858,E,2016-03-30,661277.50
22859,E,2016-03-31,661737.50
22860,E,2016-04-01,661737.50
22861,E,2016-04-04,662657.50
22862,E,2016-04-05,664497.50
22863,E,2016-04-06,663117.50
22864,E,2016-04-07,663577.50
22865,E,2016-04-08,664957.50
22866,E,2016-04-11,666317.50
22867,E,2016-04-12,665857.50
22868,E,2016-04-13,660357.50
22869,E,2016-04-14,659907.50
22870,E,2016-04-15,660357.50
22871,E,2016-04-18,659907.50
22872,E,2016-04-19,660807.50
22873,E,2016-04-20,660357.50
22874,E,2016-04-21,661707.50
22875,E,2016-04-22,659907.50
22876,E,2016-04-25,661257.50
22877,E,2016-04-26,660357.50
22878,E,2016-04-27,659907.50
22879,E,2016-04-28,661257.50
22880,E,2016-04-29,662157.50
22881,E,2016-05-02,662607.50
22882,E,2016-05-03,663957.50
22883,E,2016-05-04,665757.50
22884,E,2016-05-05,667557.50
22885,E,2016-05-06,668457.50
22886,E,2016-05-09,670287.50
22887,E,2016-05-10,668487.50
22888,E,2016-05-11,668027.50
22889,E,2016-05-12,668947.50
22890,E,2016-05-13,668947.50
22891,E,2016-05-16,671707.50
22892,E,2016-05-17,670327.50
22893,E,2016-05-18,670327.50
22894,E,2016-05-19,668487.50
22895,E,2016-05-20,671247.50
22896,E,2016-05-23,673087.50
22897,E,2016-05-24,672627.50
22898,E,2016-05-25,673087.50
22899,E,2016-05-26,673547.50
22900,E,2016-05-27,672167.50
22901,E,2016-05-31,670787.50
22902,E,2016-06-01,670327.50
22903,E,2016-06-02,668947.50
22904,E,2016-06-03,669867.50
22905,E,2016-06-06,667797.50
22906,E,2016-06-13,664117.50
22907,E,2016-06-14,663657.50
22908,E,2016-06-15,666417.50
22909,E,2016-06-16,665957.50
22910,E,2016-06-17,666877.50
22911,E,2016-06-20,668257.50
22912,E,2016-06-21,669637.50
22913,E,2016-06-22,668257.50
22914,E,2016-06-23,669177.50
22915,E,2016-06-24,668257.50
22916,E,2016-06-27,661817.50
22917,E,2016-07-11,663597.50
22918,E,2016-07-12,662707.50
22919,E,2016-07-13,663152.50
22920,E,2016-07-14,663597.50
22921,E,2016-07-15,662707.50
22922,E,2016-07-18,662262.50
22923,E,2016-07-19,663152.50
22924,E,2016-07-20,662707.50
22925,E,2016-07-21,662707.50
22926,E,2016-07-22,662707.50
22927,E,2016-07-25,663152.50
22928,E,2016-07-26,661817.50
22929,E,2016-07-27,660927.50
22930,E,2016-07-28,661817.50
22931,E,2016-07-29,662262.50
22932,E,2016-08-01,662707.50
22933,E,2016-08-02,665377.50
22934,E,2016-08-03,664042.50
22935,E,2016-08-04,664487.50
22936,E,2016-08-05,660927.50
22937,E,2016-08-08,661817.50
22938,E,2016-08-15,659642.50
22939,E,2016-08-16,660512.50
22940,E,2016-08-17,661382.50
22941,E,2016-08-18,662687.50
22942,E,2016-08-19,662252.50
22943,E,2016-08-22,662687.50
22944,E,2016-08-23,661817.50
22945,E,2016-08-24,661382.50
22946,E,2016-08-25,661817.50
22947,E,2016-08-26,660947.50
22948,E,2016-08-29,661817.50
22949,E,2016-08-30,661382.50
22950,E,2016-08-31,663122.50
22951,E,2016-09-01,661817.50
22952,E,2016-09-02,660947.50
22953,E,2016-09-06,661382.50
22954,E,2016-09-07,660512.50
22955,E,2016-09-08,660947.50
22956,E,2016-09-09,665732.50
22957,E,2016-09-12,666672.50
22958,E,2016-09-13,669927.50
22959,E,2016-09-14,664687.50
22960,E,2016-09-15,667942.50
22961,E,2016-09-16,669717.50
22962,E,2016-09-19,670692.50
22963,E,2016-09-20,669717.50
22964,E,2016-09-21,671232.50
22965,E,2016-09-22,664132.50
22966,E,2016-09-23,665072.50
22967,E,2016-09-26,666012.50
22968,E,2016-09-27,666952.50
22969,E,2016-09-28,666482.50
22970,E,2016-09-29,666482.50
22971,E,2016-09-30,666482.50
22972,E,2016-10-03,666952.50
22973,E,2016-10-04,668362.50
22974,E,2016-10-05,666012.50
22975,E,2016-10-06,667892.50
22976,E,2016-10-07,668362.50
22977,E,2016-10-10,668827.50
22978,E,2016-10-11,667432.50
22979,E,2016-10-12,668362.50
22980,E,2016-10-13,668827.50
22981,E,2016-10-14,668827.50
22982,E,2016-10-17,667432.50
22983,E,2016-10-18,669292.50
22984,E,2016-10-19,672082.50
22985,E,2016-10-20,673477.50
22986,E,2016-10-21,672547.50
22987,E,2016-10-24,675802.50
22988,E,2016-10-25,678127.50
22989,E,2016-10-26,675802.50
22990,E,2016-10-27,674407.50
22991,E,2016-11-14,669347.50
22992,E,2016-11-15,674407.50
22993,E,2016-11-16,673027.50
22994,E,2016-11-17,672567.50
22995,E,2016-11-18,674867.50
22996,E,2016-11-21,674867.50
22997,E,2016-11-22,673027.50
22998,E,2016-11-23,673027.50
22999,E,2016-11-25,672567.50
23000,E,2016-11-28,674407.50
23001,E,2016-11-29,672567.50
23002,E,2016-11-30,674407.50
23003,E,2016-12-01,676707.50
23004,E,2016-12-02,676247.50
23005,E,2016-12-05,675327.50
23006,E,2016-12-06,674407.50
23007,E,2016-12-07,672107.50
23008,E,2016-12-08,673487.50
23009,E,2016-12-12,669767.50
23010,E,2016-12-13,667907.50
23011,E,2016-12-14,671162.50
23012,E,2016-12-15,669767.50
23013,E,2016-12-16,673487.50
23014,E,2016-12-19,675347.50
23015,E,2016-12-20,676277.50
23016,E,2016-12-21,676742.50
23017,E,2016-12-22,675347.50
23018,E,2016-12-23,677672.50
23019,E,2016-12-27,679067.50
23020,E,2016-12-28,678137.50
23021,E,2016-12-29,676277.50
23022,E,2016-12-30,677207.50
23023,E,2017-01-03,681857.50
23024,E,2017-01-04,683252.50
23025,E,2017-01-05,685577.50
23026,E,2017-01-06,688832.50
23027,E,2017-01-09,689297.50
23028,E,2017-01-10,695342.50
23029,E,2017-01-11,695342.50
23030,E,2017-01-12,696737.50
23031,E,2017-01-13,698597.50
23032,E,2017-01-17,698597.50
23033,E,2017-01-18,701387.50
23034,E,2017-01-19,700922.50
23035,E,2017-01-20,704642.50
23036,E,2017-01-23,704642.50
23037,E,2017-01-24,705572.50
23038,E,2017-01-25,706967.50
23039,E,2017-01-26,706967.50
23040,E,2017-01-27,707897.50
23041,E,2017-01-30,706037.50
23042,E,2017-01-31,704642.50
23043,E,2017-02-01,707897.50
23044,E,2017-02-02,706037.50
23045,E,2017-02-03,706967.50
23046,E,2017-02-06,708827.50
23047,E,2017-02-07,707897.50
23048,E,2017-02-08,708362.50
23049,E,2017-02-09,709757.50
23050,E,2017-02-10,706967.50
23051,E,2017-02-13,711082.50
23052,E,2017-02-14,711527.50
23053,E,2017-02-15,709657.50
23054,E,2017-02-16,709657.50
23055,E,2017-02-17,710567.50
23056,E,2017-02-21,711022.50
23057,E,2017-02-22,711932.50
23058,E,2017-02-23,711932.50
23059,E,2017-02-24,711022.50
23060,E,2017-02-27,712387.50
23061,E,2017-02-28,711932.50
23062,E,2017-03-01,710567.50
23063,E,2017-03-02,713752.50
23064,E,2017-03-03,715572.50
23065,E,2017-03-06,717392.50
23066,E,2017-03-07,719667.50
23067,E,2017-03-08,719212.50
23068,E,2017-03-09,720577.50
23069,E,2017-03-10,723307.50
23070,E,2017-03-13,727847.50
23071,E,2017-03-14,728292.50
23072,E,2017-03-15,727847.50
23073,E,2017-03-16,729182.50
23074,E,2017-03-17,728292.50
23075,E,2017-03-20,729627.50
23076,E,2017-03-21,729627.50
23077,E,2017-03-22,730962.50
23078,E,2017-03-23,729627.50
23079,E,2017-03-24,730517.50
23080,E,2017-03-27,732742.50
23081,E,2017-03-28,734967.50
23082,E,2017-03-29,735412.50
23083,E,2017-03-30,734522.50
23084,E,2017-03-31,730962.50
23085,E,2017-04-03,732742.50
23086,E,2017-04-04,735412.50
23087,E,2017-04-05,735412.50
23088,E,2017-04-06,734077.50
23089,E,2017-04-07,734522.50
23090,E,2017-04-10,734517.50
23091,E,2017-04-11,735402.50
23092,E,2017-04-12,729217.50
23093,E,2017-04-13,730982.50
23094,E,2017-04-17,742067.50
23095,E,2017-04-18,739402.50
23096,E,2017-04-19,736742.50
23097,E,2017-04-20,734522.50
23098,E,2017-04-21,731862.50
23099,E,2017-04-24,728495.00
23100,E,2017-04-25,725415.00
23101,E,2017-04-26,724095.00
23102,E,2017-04-27,724535.00
23103,E,2017-04-28,728495.00
23104,E,2017-05-01,726295.00
23105,E,2017-05-02,729815.00
23106,E,2017-05-03,732895.00
23107,E,2017-05-04,734655.00
23108,E,2017-05-05,731575.00
23109,E,2017-05-08,732455.00
23110,E,2017-05-09,734655.00
23111,E,2017-05-10,732015.00
23112,E,2017-05-15,732875.00
23113,E,2017-05-16,734595.00
23114,E,2017-05-17,729435.00
23115,E,2017-05-18,732015.00
23116,E,2017-05-19,732445.00
23117,E,2017-05-22,735025.00
23118,E,2017-05-23,734595.00
23119,E,2017-05-24,737175.00
23120,E,2017-05-25,736745.00
23121,E,2017-05-26,738895.00
23122,E,2017-05-30,740185.00
23123,E,2017-05-31,738465.00
23124,E,2017-06-01,736745.00
23125,E,2017-06-02,734165.00
23126,E,2017-06-05,738465.00
23127,E,2017-06-06,735025.00
23128,E,2017-06-07,736745.00
23129,E,2017-06-08,733305.00
23130,E,2017-06-09,728145.00
23131,E,2017-06-12,733345.00
23132,E,2017-06-13,734225.00
23133,E,2017-06-14,734665.00
23134,E,2017-06-15,735545.00
23135,E,2017-06-16,738185.00
23136,E,2017-06-19,740825.00
23137,E,2017-06-20,740825.00
23138,E,2017-06-21,742585.00
23139,E,2017-06-22,743465.00
23140,E,2017-06-23,742145.00
23141,E,2017-06-26,742585.00
23142,E,2017-06-27,745665.00
23143,E,2017-06-28,743465.00
23144,E,2017-06-29,744785.00
23145,E,2017-06-30,743025.00
23146,E,2017-07-03,742145.00
23147,E,2017-07-05,744785.00
23148,E,2017-07-06,745665.00
23149,E,2017-07-07,746105.00
23150,E,2017-07-10,748320.00
23151,E,2017-07-11,748305.00
23152,E,2017-07-12,746985.00
23153,E,2017-07-13,749140.00
23154,E,2017-07-14,749520.00
23155,E,2017-07-17,748670.00
23156,E,2017-07-18,750370.00
23157,E,2017-07-19,748670.00
23158,E,2017-07-20,748245.00
23159,E,2017-07-21,748245.00
23160,E,2017-07-24,748670.00
23161,E,2017-07-25,742720.00
23162,E,2017-07-26,746120.00
23163,E,2017-07-27,748670.00
23164,E,2017-07-28,751645.00
23165,E,2017-07-31,752495.00
23166,E,2017-08-01,752920.00
23167,E,2017-08-02,757170.00
23168,E,2017-08-03,759295.00
23169,E,2017-08-04,760570.00
23170,E,2017-08-07,760570.00
23171,E,2017-08-08,759720.00
23172,E,2017-08-09,760570.00
23173,E,2017-08-10,756320.00
23174,E,2017-08-14,759110.00
23175,E,2017-08-15,761900.00
23176,E,2017-08-16,761435.00
23177,E,2017-08-17,760970.00
23178,E,2017-08-18,762365.00
23179,E,2017-08-21,760505.00
23180,E,2017-08-22,762830.00
23181,E,2017-08-23,762830.00
23182,E,2017-08-24,764225.00
23183,E,2017-08-25,763295.00
23184,E,2017-08-28,763760.00
23185,E,2017-08-29,764225.00
23186,E,2017-08-30,765155.00
23187,E,2017-08-31,760040.00
23188,E,2017-09-01,759575.00
23189,E,2017-09-05,761900.00
23190,E,2017-09-06,760505.00
23191,E,2017-09-07,761900.00
23192,E,2017-09-08,762365.00
23193,E,2017-09-11,759090.00
23194,E,2017-09-12,758645.00
23195,E,2017-09-13,758645.00
23196,E,2017-09-14,761315.00
23197,E,2017-09-15,759980.00
23198,E,2017-09-18,756420.00
23199,E,2017-09-19,759980.00
23200,E,2017-09-20,759980.00
23201,E,2017-09-21,758645.00
23202,E,2017-09-22,757755.00
23203,E,2017-09-25,756420.00
23204,E,2017-09-26,755085.00
23205,E,2017-09-27,753750.00
23206,E,2017-09-28,752860.00
23207,E,2017-09-29,753750.00
23208,E,2017-10-02,753750.00
23209,E,2017-10-09,754610.00
23210,E,2017-10-10,755900.00
23211,E,2017-10-11,756760.00
23212,E,2017-10-12,757190.00
23213,E,2017-10-13,756760.00
23214,E,2017-10-16,761490.00
23215,E,2017-10-17,761920.00
23216,E,2017-10-18,758910.00
23217,E,2017-10-19,761490.00
23218,E,2017-10-20,763640.00
23219,E,2017-10-23,765360.00
23220,E,2017-10-24,762780.00
23221,E,2017-10-25,763210.00
23222,E,2017-10-26,764500.00
23223,E,2017-10-27,764930.00
23224,E,2017-10-30,766650.00
23225,E,2017-10-31,764500.00
23226,E,2017-11-01,767510.00
23227,E,2017-11-02,769230.00
23228,E,2017-11-03,770090.00
23229,E,2017-11-06,772670.00
23230,E,2017-11-13,769730.00
23231,E,2017-11-14,773090.00
23232,E,2017-11-15,770150.00
23233,E,2017-11-16,771830.00
23234,E,2017-11-17,771830.00
23235,E,2017-11-20,769310.00
23236,E,2017-11-21,768470.00
23237,E,2017-11-22,769310.00
23238,E,2017-11-24,769730.00
23239,E,2017-11-27,769310.00
23240,E,2017-11-28,768890.00
23241,E,2017-11-29,764690.00
23242,E,2017-11-30,764690.00
23243,E,2017-12-01,765530.00
23244,E,2017-12-04,765950.00
23245,E,2017-12-05,767630.00
23246,E,2017-12-06,768890.00
23247,E,2017-12-07,767630.00
23248,E,2017-12-08,768050.00
23249,E,2017-12-11,771440.00
23250,E,2017-12-12,773615.00
23251,E,2017-12-13,772310.00
23252,E,2017-12-14,773615.00
23253,E,2017-12-15,771875.00
23254,E,2017-12-18,771440.00
23255,E,2017-12-19,772310.00
23256,E,2017-12-20,770570.00
23257,E,2017-12-21,770570.00
23258,E,2017-12-22,772745.00
23259,E,2017-12-26,771875.00
23260,E,2017-12-27,771875.00
23261,E,2017-12-28,771440.00
23262,E,2017-12-29,772745.00
23263,E,2018-01-02,773180.00
23264,E,2018-01-03,772745.00
23265,E,2018-01-04,771440.00
23266,E,2018-01-05,771875.00
23267,E,2018-01-08,771410.00
23268,E,2018-01-09,771410.00
23269,E,2018-01-10,770570.00
23270,E,2018-01-11,768050.00
23271,E,2018-01-12,768050.00
23272,E,2018-01-16,770570.00
23273,E,2018-01-17,767210.00
23274,E,2018-01-18,767210.00
23275,E,2018-01-19,765530.00
23276,E,2018-01-22,765110.00
23277,E,2018-01-23,762590.00
23278,E,2018-01-24,765530.00
23279,E,2018-01-25,765530.00
23280,E,2018-01-26,763850.00
23281,E,2018-01-29,764270.00
23282,E,2018-01-30,766370.00
23283,E,2018-01-31,768050.00
23284,E,2018-02-01,767630.00
23285,E,2018-02-02,766370.00
23286,E,2018-02-05,753770.00
23287,E,2018-02-12,755300.00
23288,E,2018-02-13,762950.00
23289,E,2018-02-14,760910.00
23290,E,2018-02-15,758360.00
23291,E,2018-02-16,760400.00
23292,E,2018-02-20,759890.00
23293,E,2018-02-21,759890.00
23294,E,2018-02-22,761420.00
23295,E,2018-02-23,761420.00
23296,E,2018-02-26,760910.00
23297,E,2018-02-27,761930.00
23298,E,2018-02-28,761420.00
23299,E,2018-03-01,762950.00
23300,E,2018-03-02,760910.00
23301,E,2018-03-05,761420.00
23302,E,2018-03-06,760400.00
23303,E,2018-03-07,760400.00
23304,E,2018-03-08,759890.00
23305,E,2018-03-09,757850.00
23306,E,2018-03-12,766610.00
23307,E,2018-03-13,763355.00
23308,E,2018-03-14,758240.00
23309,E,2018-03-15,761495.00
23310,E,2018-03-16,764750.00
23311,E,2018-03-19,761495.00
23312,E,2018-03-20,763820.00
23313,E,2018-03-21,765215.00
23314,E,2018-03-22,763820.00
23315,E,2018-04-09,763820.00
23316,E,2018-04-10,764780.00
23317,E,2018-04-11,763820.00
23318,E,2018-04-12,765740.00
23319,E,2018-04-13,765740.00
23320,E,2018-04-16,767660.00
23321,E,2018-04-17,766220.00
23322,E,2018-04-18,765740.00
23323,E,2018-04-19,766220.00
23324,E,2018-04-20,766700.00
23325,E,2018-04-23,767660.00
23326,E,2018-04-24,767180.00
23327,E,2018-04-25,769100.00
23328,E,2018-04-26,767660.00
23329,E,2018-04-27,769580.00
23330,E,2018-04-30,771500.00
23331,E,2018-05-01,771500.00
23332,E,2018-05-02,771020.00
23333,E,2018-05-03,773420.00
23334,E,2018-05-04,770060.00
23335,E,2018-05-07,767660.00
23336,E,2018-05-14,766385.00
23337,E,2018-05-15,768510.00
23338,E,2018-05-16,767235.00
23339,E,2018-05-17,765960.00
23340,E,2018-05-18,764685.00
23341,E,2018-05-21,763835.00
23342,E,2018-05-22,765535.00
23343,E,2018-05-23,766810.00
23344,E,2018-05-24,767235.00
23345,E,2018-05-25,766385.00
23346,E,2018-05-29,764260.00
23347,E,2018-05-30,761710.00
23348,E,2018-05-31,763410.00
23349,E,2018-06-01,762985.00
23350,E,2018-06-04,763835.00
23351,E,2018-06-05,760435.00
23352,E,2018-06-06,759585.00
23353,E,2018-06-07,759585.00
23354,E,2018-06-08,759160.00
23355,E,2018-06-11,760900.00
23356,E,2018-06-12,759160.00
23357,E,2018-06-13,760030.00
23358,E,2018-06-14,758725.00
23359,E,2018-06-15,759160.00
23360,E,2018-06-18,756985.00
23361,E,2018-06-19,757420.00
23362,E,2018-06-20,754375.00
23363,E,2018-06-21,753070.00
23364,E,2018-06-22,754375.00
23365,E,2018-06-25,753505.00
23366,E,2018-06-26,755245.00
23367,E,2018-06-27,754810.00
23368,E,2018-06-28,753505.00
23369,E,2018-06-29,757855.00
23370,E,2018-07-02,756985.00
23371,E,2018-07-03,755245.00
23372,E,2018-07-05,757420.00
23373,E,2018-07-06,757855.00
23374,E,2018-07-09,757855.00
23375,E,2018-07-16,757400.00
23376,E,2018-07-17,758310.00
23377,E,2018-07-18,760130.00
23378,E,2018-07-19,759220.00
23379,E,2018-07-20,759220.00
23380,E,2018-07-23,761495.00
23381,E,2018-07-24,761495.00
23382,E,2018-07-25,763315.00
23383,E,2018-07-26,761950.00
23384,E,2018-07-27,762860.00
23385,E,2018-07-30,762405.00
23386,E,2018-07-31,763770.00
23387,E,2018-08-01,766500.00
23388,E,2018-08-02,766045.00
23389,E,2018-08-03,768775.00
23390,E,2018-08-06,770140.00
23391,E,2018-08-07,771505.00
23392,E,2018-08-08,772870.00
23393,E,2018-08-09,772415.00
23394,E,2018-08-10,773780.00
23395,E,2018-08-13,776480.00
23396,E,2018-08-14,773295.00
23397,E,2018-08-15,776490.00
23398,E,2018-08-16,773305.00
23399,E,2018-08-17,775985.00
23400,E,2018-08-20,775985.00
23401,E,2018-08-21,772870.00
23402,E,2018-08-22,772870.00
23403,E,2018-08-23,773315.00
23404,E,2018-08-24,771535.00
23405,E,2018-08-27,772425.00
23406,E,2018-08-28,771980.00
23407,E,2018-08-29,772870.00
23408,E,2018-08-30,772870.00
23409,E,2018-08-31,771090.00
23410,E,2018-09-04,772425.00
23411,E,2018-09-05,773315.00
23412,E,2018-09-06,774205.00
23413,E,2018-09-07,775540.00
23414,E,2018-09-10,774650.00
23415,E,2018-09-11,775125.00
23416,E,2018-09-12,776935.00
23417,E,2018-09-13,780970.00
23418,E,2018-09-14,779650.00
23419,E,2018-09-17,780570.00
23420,E,2018-09-18,781030.00
23421,E,2018-09-19,783330.00
23422,E,2018-09-20,781950.00
23423,E,2018-09-21,783330.00
23424,E,2018-09-24,786090.00
23425,E,2018-09-25,785170.00
23426,E,2018-09-26,786550.00
23427,E,2018-09-27,790690.00
23428,E,2018-09-28,788390.00
23429,E,2018-10-01,789770.00
23430,E,2018-10-02,787930.00
23431,E,2018-10-15,791020.00
23432,E,2018-10-16,794110.00
23433,E,2018-10-17,793595.00
23434,E,2018-10-18,791020.00
23435,E,2018-10-19,788960.00
23436,E,2018-10-22,789990.00
23437,E,2018-10-23,787415.00
23438,E,2018-10-24,778660.00
23439,E,2018-11-12,776135.00
23440,E,2018-11-13,775630.00
23441,E,2018-11-14,774620.00
23442,E,2018-12-10,773540.00
23443,E,2018-12-11,776240.00
23444,E,2018-12-12,778400.00
23445,E,2018-12-13,776780.00
23446,E,2018-12-14,769760.00
23447,E,2019-01-07,770280.00
23448,E,2019-01-08,773400.00
23449,E,2019-01-09,773920.00
23450,E,2019-01-10,774440.00
23451,E,2019-01-11,774440.00
23452,E,2019-01-14,777040.00
23453,E,2019-01-15,779120.00
23454,E,2019-01-16,777560.00
23455,E,2019-01-17,778600.00
23456,E,2019-01-18,779120.00
23457,E,2019-01-22,777560.00
23458,E,2019-01-23,779120.00
23459,E,2019-01-24,778080.00
23460,E,2019-01-25,777040.00
23461,E,2019-01-28,777560.00
23462,E,2019-01-29,779640.00
23463,E,2019-01-30,779120.00
23464,E,2019-01-31,778080.00
23465,E,2019-03-11,780040.00
23466,E,2019-03-12,780040.00
23467,E,2019-03-13,782490.00
23468,E,2019-03-14,782980.00
23469,E,2019-03-15,782000.00
23470,E,2019-03-18,782980.00
23471,E,2019-03-19,782490.00
23472,E,2019-03-20,784450.00
23473,E,2019-03-21,783960.00
23474,E,2019-03-22,781020.00
23475,E,2019-03-25,780040.00
23476,E,2019-03-26,782000.00
23477,E,2019-03-27,783960.00
23478,E,2019-03-28,784940.00
23479,E,2019-03-29,784450.00
23480,E,2019-04-01,785920.00
23481,E,2019-04-02,785920.00
23482,E,2019-04-03,785430.00
23483,E,2019-04-04,785920.00
23484,E,2019-04-05,783960.00
23485,E,2019-04-08,784450.00
23486,E,2019-04-15,784450.00
23487,E,2019-04-16,785845.00
23488,E,2019-04-17,784450.00
23489,E,2019-04-18,786310.00
23490,E,2019-04-22,785845.00
23491,E,2019-04-23,788170.00
23492,E,2019-04-24,789100.00
23493,E,2019-04-25,788635.00
23494,E,2019-04-26,789100.00
23495,E,2019-04-29,789565.00
23496,E,2019-04-30,789100.00
23497,E,2019-05-01,790960.00
23498,E,2019-05-02,789100.00
23499,E,2019-05-03,788170.00
23500,E,2019-05-06,785845.00
23501,E,2019-05-07,782125.00
23502,E,2019-05-08,782125.00
23503,E,2019-05-09,781195.00
23504,E,2019-05-10,786310.00
23505,E,2019-05-13,769675.00
23506,E,2019-06-10,768205.00
23507,E,2019-06-11,769185.00
23508,E,2019-06-12,768695.00
23509,E,2019-06-13,769675.00
23510,E,2019-06-14,769675.00
23511,E,2019-06-17,771145.00
23512,E,2019-06-18,771635.00
23513,E,2019-06-19,772615.00
23514,E,2019-06-20,773595.00
23515,E,2019-06-21,773595.00
23516,E,2019-06-24,774575.00
23517,E,2019-06-25,774085.00
23518,E,2019-06-26,773595.00
23519,E,2019-06-27,774085.00
23520,E,2019-06-28,773595.00
23521,E,2019-07-01,775065.00
23522,E,2019-07-02,776045.00
23523,E,2019-07-03,774575.00
23524,E,2019-07-05,775065.00
23525,E,2019-07-08,777025.00
23526,E,2019-07-15,777945.00
23527,E,2019-07-16,778865.00
23528,E,2019-07-17,778405.00
23529,E,2019-07-18,777945.00
23530,E,2019-07-19,780705.00
23531,E,2019-07-22,779785.00
23532,E,2019-07-23,779325.00
23533,E,2019-07-24,781165.00
23534,E,2019-07-25,782545.00
23535,E,2019-07-26,781165.00
23536,E,2019-07-29,781625.00
23537,E,2019-07-30,778405.00
23538,E,2019-07-31,778865.00
23539,E,2019-08-01,774725.00
23540,E,2019-08-02,770585.00
23541,E,2019-08-05,759545.00
23542,E,2019-08-12,753045.00
23543,E,2019-08-13,756545.00
23544,E,2019-08-14,752545.00
23545,E,2019-09-09,751555.00
23546,E,2019-09-10,753040.00
23547,E,2019-09-11,754030.00
23548,E,2019-09-12,753040.00
23549,E,2019-09-13,754030.00
23550,E,2019-09-16,754030.00
23551,E,2019-09-17,754030.00
23552,E,2019-09-18,753535.00
23553,E,2019-09-19,755515.00
23554,E,2019-09-20,754525.00
23555,E,2019-09-23,754525.00
23556,E,2019-09-24,753535.00
23557,E,2019-09-25,756010.00
23558,E,2019-09-26,755020.00
23559,E,2019-09-27,754030.00
23560,E,2019-09-30,756505.00
23561,E,2019-10-01,756505.00
23562,E,2019-10-02,751555.00
23563,E,2019-10-03,752050.00
23564,E,2019-10-04,757495.00
23565,E,2019-10-07,757990.00
23566,E,2019-10-08,757495.00
23567,E,2019-10-09,755020.00
23568,E,2019-10-10,758485.00
23569,E,2019-10-11,762445.00
23570,E,2019-10-14,761030.00
23571,E,2019-10-15,767395.00
23572,E,2019-10-16,766415.00
23573,E,2019-10-17,766385.00
23574,E,2019-10-18,766385.00
23575,E,2019-10-21,767840.00
23576,E,2019-10-22,767840.00
23577,E,2019-10-23,767355.00
23578,E,2019-10-24,768325.00
23579,E,2019-10-25,769295.00
23580,E,2019-10-28,768325.00
23581,E,2019-10-29,767840.00
23582,E,2019-10-30,768810.00
23583,E,2019-10-31,770750.00
23584,E,2019-11-01,768810.00
23585,E,2019-11-04,767840.00
23586,E,2019-11-05,767840.00
23587,E,2019-11-06,769295.00
23588,E,2019-11-07,768810.00
23589,E,2019-11-08,768325.00
23590,E,2019-11-11,768790.00
23591,E,2019-11-12,769255.00
23592,E,2019-11-13,768325.00
23593,E,2019-11-14,768325.00
23594,E,2019-11-15,771580.00
23595,E,2019-11-18,771580.00
23596,E,2019-11-19,771115.00
23597,E,2019-11-20,769720.00
23598,E,2019-11-21,771580.00
23599,E,2019-11-22,773440.00
23600,E,2019-11-25,772510.00
23601,E,2019-11-26,772975.00
23602,E,2019-11-27,771580.00
23603,E,2019-11-29,772045.00
23604,E,2019-12-02,771580.00
23605,E,2019-12-03,768790.00
23606,E,2019-12-04,770185.00
23607,E,2019-12-05,772045.00
23608,E,2019-12-06,772045.00
23609,E,2019-12-09,771580.00
23610,E,2019-12-16,772510.00
23611,E,2019-12-17,774370.00
23612,E,2019-12-18,772975.00
23613,E,2019-12-19,771580.00
23614,E,2019-12-20,772510.00
23615,E,2019-12-23,771580.00
23616,E,2019-12-24,770650.00
23617,E,2019-12-26,770650.00
23618,E,2019-12-27,772045.00
23619,E,2019-12-30,772045.00
23620,E,2019-12-31,771580.00
23621,E,2020-01-02,774835.00
23622,E,2020-01-03,772975.00
23623,E,2020-01-06,772975.00
23624,E,2020-01-07,775300.00
23625,E,2020-01-08,775300.00
23626,E,2020-01-09,777160.00
23627,E,2020-01-10,779020.00
23628,E,2020-01-13,779485.00
23629,E,2020-01-14,779020.00
23630,E,2020-01-15,778090.00
23631,E,2020-01-16,777160.00
23632,E,2020-01-17,776695.00
23633,E,2020-01-21,779020.00
23634,E,2020-01-22,778090.00
23635,E,2020-01-23,778555.00
23636,E,2020-01-24,777625.00
23637,E,2020-01-27,775300.00
23638,E,2020-01-28,777160.00
23639,E,2020-01-29,778090.00
23640,E,2020-01-30,779020.00
23641,E,2020-01-31,769255.00
23642,E,2020-02-10,769725.00
23643,E,2020-02-11,770195.00
23644,E,2020-02-12,771135.00
23645,E,2020-02-13,770195.00
23646,E,2020-02-14,770665.00
23647,E,2020-02-18,770195.00
23648,E,2020-02-19,771135.00
23649,E,2020-02-20,770665.00
23650,E,2020-02-21,771135.00
23651,E,2020-02-24,761735.00
23652,E,2020-02-25,751395.00
23653,E,2020-03-09,729165.00
23654,E,2020-04-14,729165.00
23655,E,2020-04-15,721300.00
23656,E,2020-04-16,718880.00
23657,E,2020-04-17,726140.00
23658,E,2020-04-20,721300.00
23659,E,2020-04-21,724325.00
23660,E,2020-04-22,730375.00
23661,E,2020-04-23,728560.00
23662,E,2020-04-24,733400.00
23663,E,2020-04-27,740055.00
23664,E,2020-04-28,740660.00
23665,E,2020-04-29,746105.00
23666,E,2020-04-30,741265.00
23667,E,2020-05-01,733400.00
23668,E,2020-05-04,737030.00
23669,E,2020-05-05,737635.00
23670,E,2020-05-06,735820.00
23671,E,2020-05-07,738240.00
23672,E,2020-05-08,742475.00
23673,E,2020-05-11,744290.00
23674,E,2020-05-12,739450.00
23675,E,2020-06-15,746380.00
23676,E,2020-06-16,744490.00
23677,E,2020-07-13,743300.00
23678,E,2020-07-14,745085.00
23679,E,2020-07-15,750440.00
23680,E,2020-07-16,749250.00
23681,E,2020-07-17,750440.00
23682,E,2020-07-20,752225.00
23683,E,2020-07-21,754010.00
23684,E,2020-07-22,755795.00
23685,E,2020-07-23,755200.00
23686,E,2020-07-24,754605.00
23687,E,2020-07-27,756390.00
23688,E,2020-07-28,756390.00
23689,E,2020-07-29,758770.00
23690,E,2020-07-30,758770.00
23691,E,2020-07-31,755200.00
23692,E,2020-08-03,758770.00
23693,E,2020-08-04,761745.00
23694,E,2020-08-05,763530.00
23695,E,2020-08-06,763530.00
23696,E,2020-08-07,763530.00
23697,E,2020-08-10,765195.00
23698,E,2020-08-11,764630.00
23699,E,2020-08-12,765760.00
23700,E,2020-08-13,766325.00
23701,E,2020-08-14,765195.00
23702,E,2020-08-17,769715.00
23703,E,2020-08-18,767455.00
23704,E,2020-08-19,766325.00
23705,E,2020-08-20,768020.00
23706,E,2020-08-21,768020.00
23707,E,2020-08-24,769150.00
23708,E,2020-08-25,770845.00
23709,E,2020-08-26,769715.00
23710,E,2020-08-27,770280.00
23711,E,2020-08-28,771410.00
23712,E,2020-08-31,770845.00
23713,E,2020-09-01,770845.00
23714,E,2020-09-02,770280.00
23715,E,2020-09-03,761805.00
23716,E,2020-09-04,762935.00
23717,E,2020-09-08,760110.00
23718,E,2020-09-14,765459.05
23719,E,2020-09-15,764864.05
23720,E,2020-09-16,766655.00
23721,E,2020-09-17,766060.00
23722,E,2020-09-18,765465.00
23723,E,2020-09-21,757135.00
23724,E,2020-09-22,758325.00
23725,E,2020-09-23,751780.00
23726,E,2020-10-12,754705.00
23727,E,2020-10-13,752365.00
23728,E,2020-10-14,752950.00
23729,E,2020-10-15,754705.00
23730,E,2020-10-16,754705.00
23731,E,2020-10-19,751195.00
23732,E,2020-10-20,752365.00
23733,E,2020-10-21,752365.00
23734,E,2020-10-22,751780.00
23735,E,2020-10-23,755875.00
23736,E,2020-10-26,745345.00
23737,E,2020-10-27,747685.00
23738,E,2020-11-09,752285.00
23739,E,2020-11-10,756310.00
23740,E,2020-11-11,754010.00
23741,E,2020-11-12,752860.00
23742,E,2020-11-13,755735.00
23743,E,2020-11-16,757460.00
23744,E,2020-11-17,756885.00
23745,E,2020-11-18,756885.00
23746,E,2020-11-19,758610.00
23747,E,2020-11-20,758035.00
23748,E,2020-11-23,759185.00
23749,E,2020-11-24,761485.00
23750,E,2020-11-25,759760.00
23751,E,2020-11-27,760335.00
23752,E,2020-11-30,758610.00
23753,E,2020-12-01,761485.00
23754,E,2020-12-02,760335.00
23755,E,2020-12-03,762635.00
23756,E,2020-12-04,763210.00
23757,E,2020-12-07,762060.00
23758,E,2020-12-14,762650.00
23759,E,2020-12-15,766780.00
23760,E,2020-12-16,767370.00
23761,E,2020-12-17,769140.00
23762,E,2020-12-18,767370.00
23763,E,2020-12-21,766190.00
23764,E,2020-12-22,768550.00
23765,E,2020-12-23,770320.00
23766,E,2020-12-24,769140.00
23767,E,2020-12-28,771500.00
23768,E,2020-12-29,767370.00
23769,E,2020-12-30,767960.00
23770,E,2020-12-31,767960.00
23771,E,2021-01-04,765600.00
23772,E,2021-01-05,769730.00
23773,E,2021-01-06,775630.00
23774,E,2021-01-07,776220.00
23775,E,2021-01-08,775040.00
23776,E,2021-01-11,775680.00
23777,DPE,2006-11-10,98025.00
23778,DPE,2006-11-13,96840.00
23779,DPE,2006-11-14,95457.50
23780,DPE,2006-11-15,92297.50
23781,DPE,2006-11-16,93680.00
23782,DPE,2006-11-17,94667.50
23783,DPE,2006-11-20,93680.00
23784,DPE,2006-11-21,93285.00
23785,DPE,2006-11-22,93680.00
23786,DPE,2006-11-24,93680.00
23787,DPE,2006-11-27,99210.00
23788,DPE,2006-11-28,99012.50
23789,DPE,2006-11-29,96642.50
23790,DPE,2006-11-30,95852.50
23791,DPE,2006-12-01,98617.50
23792,DPE,2006-12-04,94865.00
23793,DPE,2006-12-07,94460.00
23794,DPE,2006-12-08,96080.00
23795,DPE,2006-12-11,96485.00
23796,DPE,2006-12-12,97295.00
23797,DPE,2006-12-13,98915.00
23798,DPE,2006-12-14,98105.00
23799,DPE,2006-12-15,97700.00
23800,DPE,2006-12-18,101345.00
23801,DPE,2006-12-19,101345.00
23802,DPE,2006-12-20,101345.00
23803,DPE,2006-12-21,103370.00
23804,DPE,2006-12-22,103370.00
23805,DPE,2006-12-26,103775.00
23806,DPE,2006-12-27,101750.00
23807,DPE,2006-12-28,102560.00
23808,DPE,2006-12-29,105800.00
23809,DPE,2007-01-03,108635.00
23810,DPE,2007-01-04,107405.00
23811,DPE,2007-01-05,113085.00
23812,DPE,2007-01-08,115135.00
23813,DPE,2007-01-09,115955.00
23814,DPE,2007-01-10,116775.00
23815,DPE,2007-01-11,116365.00
23816,DPE,2007-01-12,117595.00
23817,DPE,2007-01-16,118825.00
23818,DPE,2007-01-17,119645.00
23819,DPE,2007-01-18,122515.00
23820,DPE,2007-01-19,121695.00
23821,DPE,2007-01-22,126615.00
23822,DPE,2007-01-23,124975.00
23823,DPE,2007-01-24,123540.00
23824,DPE,2007-01-25,126615.00
23825,DPE,2007-01-26,125385.00
23826,DPE,2007-01-29,124770.00
23827,DPE,2007-01-30,121900.00
23828,DPE,2007-01-31,120465.00
23829,DPE,2007-02-01,118005.00
23830,DPE,2007-02-02,116775.00
23831,DPE,2007-02-05,118825.00
23832,DPE,2007-02-06,117800.00
23833,DPE,2007-02-07,113700.00
23834,DPE,2007-02-08,113905.00
23835,DPE,2007-02-12,115485.00
23836,DPE,2007-02-13,113510.00
23837,DPE,2007-02-14,113905.00
23838,DPE,2007-02-15,112720.00
23839,DPE,2007-02-16,114300.00
23840,DPE,2007-02-20,110350.00
23841,DPE,2007-02-21,110547.50
23842,DPE,2007-02-22,111337.50
23843,DPE,2007-02-23,111930.00
23844,DPE,2007-02-26,112720.00
23845,DPE,2007-02-27,118645.00
23846,DPE,2007-02-28,120620.00
23847,DPE,2007-03-01,121410.00
23848,DPE,2007-03-02,119040.00
23849,DPE,2007-03-05,118645.00
23850,DPE,2007-03-08,119065.00
23851,DPE,2007-03-09,119905.00
23852,DPE,2007-03-12,119065.00
23853,DPE,2007-03-13,122005.00
23854,DPE,2007-03-14,118645.00
23855,DPE,2007-03-15,117805.00
23856,DPE,2007-03-16,119065.00
23857,DPE,2007-03-19,119065.00
23858,DPE,2007-03-20,119485.00
23859,DPE,2007-03-21,116125.00
23860,DPE,2007-03-22,116125.00
23861,DPE,2007-03-23,115285.00
23862,DPE,2007-03-26,116125.00
23863,DPE,2007-03-27,117805.00
23864,DPE,2007-03-28,119065.00
23865,DPE,2007-03-29,116965.00
23866,DPE,2007-03-30,117385.00
23867,DPE,2007-04-02,117385.00
23868,DPE,2007-04-03,115285.00
23869,DPE,2007-04-04,115495.00
23870,DPE,2007-04-05,114865.00
23871,DPE,2007-04-09,115915.00
23872,DPE,2007-04-10,116125.00
23873,DPE,2007-04-11,117805.00
23874,DPE,2007-04-12,116545.00
23875,DPE,2007-04-13,116125.00
23876,DPE,2007-04-16,113185.00
23877,DPE,2007-04-17,116125.00
23878,DPE,2007-04-18,115285.00
23879,DPE,2007-04-19,117385.00
23880,DPE,2007-04-20,114865.00
23881,DPE,2007-04-23,115285.00
23882,DPE,2007-04-24,116965.00
23883,DPE,2007-04-25,113605.00
23884,DPE,2007-04-26,114655.00
23885,DPE,2007-04-27,116125.00
23886,DPE,2007-04-30,121585.00
23887,DPE,2007-05-01,122005.00
23888,DPE,2007-05-02,117175.00
23889,DPE,2007-05-03,115705.00
23890,DPE,2007-05-04,115705.00
23891,DPE,2007-05-07,115075.00
23892,DPE,2007-05-08,115495.00
23893,DPE,2007-05-09,114865.00
23894,DPE,2007-05-10,122215.00
23895,DPE,2007-05-11,115705.00
23896,DPE,2007-05-14,122005.00
23897,DPE,2007-05-15,128095.00
23898,DPE,2007-05-16,127255.00
23899,DPE,2007-05-17,132085.00
23900,DPE,2007-05-18,125785.00
23901,DPE,2007-05-21,116335.00
23902,DPE,2007-05-22,111085.00
23903,DPE,2007-05-23,112975.00
23904,DPE,2007-05-24,118015.00
23905,DPE,2007-05-25,115915.00
23906,DPE,2007-05-29,114235.00
23907,DPE,2007-05-30,112765.00
23908,DPE,2007-05-31,111715.00
23909,DPE,2007-06-01,110035.00
23910,DPE,2007-06-04,108775.00
23911,DPE,2007-06-05,112555.00
23912,DPE,2007-06-06,113815.00
23913,DPE,2007-06-07,118855.00
23914,DPE,2007-06-08,119485.00
23915,DPE,2007-06-11,121165.00
23916,DPE,2007-06-12,124315.00
23917,DPE,2007-06-13,122215.00
23918,DPE,2007-06-14,119905.00
23919,DPE,2007-06-15,111715.00
23920,DPE,2007-06-18,113395.00
23921,DPE,2007-06-19,113815.00
23922,DPE,2007-06-20,123685.00
23923,DPE,2007-06-21,122005.00
23924,DPE,2007-06-22,127045.00
23925,DPE,2007-06-25,129145.00
23926,DPE,2007-06-26,129985.00
23927,DPE,2007-06-27,131245.00
23928,DPE,2007-06-28,131245.00
23929,DPE,2007-06-29,129145.00
23930,DPE,2007-07-02,128725.00
23931,DPE,2007-07-03,129145.00
23932,DPE,2007-07-05,129985.00
23933,DPE,2007-07-06,129565.00
23934,DPE,2007-07-09,129565.00
23935,DPE,2007-07-10,132085.00
23936,DPE,2007-07-11,134605.00
23937,DPE,2007-07-12,128725.00
23938,DPE,2007-07-13,128725.00
23939,DPE,2007-07-16,132505.00
23940,DPE,2007-07-17,131055.00
23941,DPE,2007-07-18,136305.00
23942,DPE,2007-07-19,131035.00
23943,DPE,2007-07-20,141385.00
23944,DPE,2007-07-23,141825.00
23945,DPE,2007-07-24,142705.00
23946,DPE,2007-08-10,140305.00
23947,DPE,2007-08-13,143665.00
23948,DPE,2007-08-14,142225.00
23949,DPE,2007-08-15,145105.00
23950,DPE,2007-08-16,145105.00
23951,DPE,2007-08-17,141745.00
23952,DPE,2007-08-20,144145.00
23953,DPE,2007-08-21,147025.00
23954,DPE,2007-08-22,147505.00
23955,DPE,2007-08-23,147505.00
23956,DPE,2007-08-24,147985.00
23957,DPE,2007-08-27,149905.00
23958,DPE,2007-08-28,147505.00
23959,DPE,2007-08-29,147985.00
23960,DPE,2007-08-30,147985.00
23961,DPE,2007-08-31,148465.00
23962,DPE,2007-09-04,149425.00
23963,DPE,2007-09-05,148945.00
23964,DPE,2007-09-06,148955.00
23965,DPE,2007-09-07,142675.00
23966,DPE,2007-09-10,145555.00
23967,DPE,2007-09-11,151835.00
23968,DPE,2007-09-12,152310.00
23969,DPE,2007-09-13,152320.00
23970,DPE,2007-09-14,153750.00
23971,DPE,2007-09-17,154235.00
23972,DPE,2007-09-18,161490.00
23973,DPE,2007-09-19,159080.00
23974,DPE,2007-09-20,163415.00
23975,DPE,2007-09-21,162940.00
23976,DPE,2007-09-24,173535.00
23977,DPE,2007-09-25,174020.00
23978,DPE,2007-09-26,174505.00
23979,DPE,2007-09-27,175475.00
23980,DPE,2007-09-28,175960.00
23981,DPE,2007-10-01,173050.00
23982,DPE,2007-10-02,171595.00
23983,DPE,2007-10-03,172080.00
23984,DPE,2007-10-04,171110.00
23985,DPE,2007-10-05,168685.00
23986,DPE,2007-10-08,169655.00
23987,DPE,2007-10-09,170140.00
23988,DPE,2007-10-11,168805.00
23989,DPE,2007-10-12,169250.00
23990,DPE,2007-10-15,171030.00
23991,DPE,2007-10-16,170140.00
23992,DPE,2007-10-17,171920.00
23993,DPE,2007-10-18,171030.00
23994,DPE,2007-10-19,167915.00
23995,DPE,2007-10-22,170140.00
23996,DPE,2007-10-23,172365.00
23997,DPE,2007-10-24,173700.00
23998,DPE,2007-10-25,172365.00
23999,DPE,2007-10-26,173255.00
24000,DPE,2007-10-29,173700.00
24001,DPE,2007-10-30,172365.00
24002,DPE,2007-10-31,175035.00
24003,DPE,2007-11-01,170140.00
24004,DPE,2007-11-08,173900.00
24005,DPE,2007-11-09,168730.00
24006,DPE,2007-11-12,170140.00
24007,DPE,2007-11-13,170140.00
24008,DPE,2007-11-14,168730.00
24009,DPE,2007-11-15,166380.00
24010,DPE,2007-11-16,168730.00
24011,DPE,2007-11-19,169200.00
24012,DPE,2007-11-20,168260.00
24013,DPE,2007-11-21,168260.00
24014,DPE,2007-11-23,169670.00
24015,DPE,2007-11-26,168260.00
24016,DPE,2007-12-10,170120.00
24017,DPE,2007-12-11,167795.00
24018,DPE,2007-12-12,167795.00
24019,DPE,2007-12-13,168725.00
24020,DPE,2007-12-14,165935.00
24021,DPE,2007-12-17,165935.00
24022,DPE,2007-12-18,168725.00
24023,DPE,2007-12-19,172910.00
24024,DPE,2007-12-20,174770.00
24025,DPE,2007-12-21,175700.00
24026,DPE,2007-12-24,175235.00
24027,DPE,2007-12-26,176630.00
24028,DPE,2007-12-27,177095.00
24029,DPE,2007-12-28,176630.00
24030,DPE,2007-12-31,177095.00
24031,DPE,2008-01-02,179885.00
24032,DPE,2008-01-03,178490.00
24033,DPE,2008-01-04,170585.00
24034,DPE,2008-01-10,171505.00
24035,DPE,2008-01-11,170125.00
24036,DPE,2008-01-14,171965.00
24037,DPE,2008-01-15,171965.00
24038,DPE,2008-01-16,172885.00
24039,DPE,2008-01-17,171505.00
24040,DPE,2008-01-18,171965.00
24041,DPE,2008-01-22,173805.00
24042,DPE,2008-01-23,178865.00
24043,DPE,2008-01-24,175645.00
24044,DPE,2008-01-25,174725.00
24045,DPE,2008-01-28,174725.00
24046,DPE,2008-01-29,175185.00
24047,DPE,2008-01-30,177025.00
24048,DPE,2008-01-31,176105.00
24049,DPE,2008-02-01,177025.00
24050,DPE,2008-02-04,176565.00
24051,DPE,2008-02-05,174725.00
24052,DPE,2008-02-06,174725.00
24053,DPE,2008-02-07,177975.00
24054,DPE,2008-02-08,179340.00
24055,DPE,2008-02-11,183050.00
24056,DPE,2008-02-12,186360.00
24057,DPE,2008-02-13,185915.00
24058,DPE,2008-02-14,188645.00
24059,DPE,2008-02-15,191925.00
24060,DPE,2008-02-19,196080.00
24061,DPE,2008-02-20,197030.00
24062,DPE,2008-02-21,196555.00
24063,DPE,2008-02-22,197505.00
24064,DPE,2008-02-25,198930.00
24065,DPE,2008-02-26,199880.00
24066,DPE,2008-02-27,198930.00
24067,DPE,2008-02-28,198930.00
24068,DPE,2008-02-29,198455.00
24069,DPE,2008-03-03,199405.00
24070,DPE,2008-03-04,204630.00
24071,DPE,2008-03-05,205580.00
24072,DPE,2008-03-06,202300.00
24073,DPE,2008-03-07,202345.00
24074,DPE,2008-03-10,199480.00
24075,DPE,2008-03-11,205460.00
24076,DPE,2008-03-12,202700.00
24077,DPE,2008-03-13,203160.00
24078,DPE,2008-03-14,200400.00
24079,DPE,2008-03-17,202700.00
24080,DPE,2008-03-18,209140.00
24081,DPE,2008-03-19,203160.00
24082,DPE,2008-03-20,204080.00
24083,DPE,2008-03-24,205460.00
24084,DPE,2008-03-25,205920.00
24085,DPE,2008-03-26,205920.00
24086,DPE,2008-03-27,207300.00
24087,DPE,2008-03-28,208220.00
24088,DPE,2008-03-31,209600.00
24089,DPE,2008-04-01,210060.00
24090,DPE,2008-04-02,208220.00
24091,DPE,2008-04-03,208680.00
24092,DPE,2008-04-04,210060.00
24093,DPE,2008-04-07,212590.00
24094,DPE,2008-04-08,213050.00
24095,DPE,2008-04-10,214400.00
24096,DPE,2008-04-11,211700.00
24097,DPE,2008-04-14,213950.00
24098,DPE,2008-04-15,214850.00
24099,DPE,2008-04-16,217550.00
24100,DPE,2008-04-17,217550.00
24101,DPE,2008-04-18,218000.00
24102,DPE,2008-04-21,218450.00
24103,DPE,2008-04-22,219350.00
24104,DPE,2008-04-23,220250.00
24105,DPE,2008-04-24,222050.00
24106,DPE,2008-04-25,221150.00
24107,DPE,2008-04-28,221150.00
24108,DPE,2008-04-29,222950.00
24109,DPE,2008-04-30,222950.00
24110,DPE,2008-05-01,220700.00
24111,DPE,2008-05-02,221375.00
24112,DPE,2008-05-05,222050.00
24113,DPE,2008-05-06,221825.00
24114,DPE,2008-05-07,225650.00
24115,DPE,2008-05-08,226755.00
24116,DPE,2008-05-09,227185.00
24117,DPE,2008-05-12,223995.00
24118,DPE,2008-05-13,221580.00
24119,DPE,2008-05-14,222010.00
24120,DPE,2008-05-15,222010.00
24121,DPE,2008-05-16,222440.00
24122,DPE,2008-05-19,223300.00
24123,DPE,2008-05-20,222440.00
24124,DPE,2008-05-21,223730.00
24125,DPE,2008-05-22,223300.00
24126,DPE,2008-05-23,225020.00
24127,DPE,2008-05-27,225020.00
24128,DPE,2008-05-28,225880.00
24129,DPE,2008-05-29,223300.00
24130,DPE,2008-05-30,223300.00
24131,DPE,2008-06-02,225450.00
24132,DPE,2008-06-03,225450.00
24133,DPE,2008-06-04,223730.00
24134,DPE,2008-06-05,220935.00
24135,DPE,2008-06-06,224160.00
24136,DPE,2008-06-09,227180.00
24137,DPE,2008-06-10,228460.00
24138,DPE,2008-06-11,232320.00
24139,DPE,2008-06-12,237110.00
24140,DPE,2008-06-13,237140.00
24141,DPE,2008-06-16,236095.00
24142,DPE,2008-06-17,238265.00
24143,DPE,2008-06-18,241695.00
24144,DPE,2008-06-19,243015.00
24145,DPE,2008-06-20,242135.00
24146,DPE,2008-06-23,242575.00
24147,DPE,2008-06-24,241695.00
24148,DPE,2008-06-25,245215.00
24149,DPE,2008-06-26,245215.00
24150,DPE,2008-06-27,244775.00
24151,DPE,2008-07-10,242135.00
24152,DPE,2008-07-11,243895.00
24153,DPE,2008-07-14,243015.00
24154,DPE,2008-07-15,243895.00
24155,DPE,2008-07-16,244775.00
24156,DPE,2008-07-17,244775.00
24157,DPE,2008-07-18,245215.00
24158,DPE,2008-07-21,246535.00
24159,DPE,2008-07-22,245655.00
24160,DPE,2008-07-23,244775.00
24161,DPE,2008-07-24,247415.00
24162,DPE,2008-07-25,246535.00
24163,DPE,2008-07-28,248295.00
24164,DPE,2008-07-29,248515.00
24165,DPE,2008-07-30,248295.00
24166,DPE,2008-07-31,248075.00
24167,DPE,2008-08-01,247855.00
24168,DPE,2008-08-04,251815.00
24169,DPE,2008-08-05,247415.00
24170,DPE,2008-08-06,246755.00
24171,DPE,2008-08-08,244605.00
24172,DPE,2008-08-11,245465.00
24173,DPE,2008-08-12,245035.00
24174,DPE,2008-08-13,244605.00
24175,DPE,2008-08-14,244175.00
24176,DPE,2008-08-15,245465.00
24177,DPE,2008-08-18,245035.00
24178,DPE,2008-08-19,246755.00
24179,DPE,2008-08-20,247185.00
24180,DPE,2008-08-21,248905.00
24181,DPE,2008-08-22,248045.00
24182,DPE,2008-08-25,249765.00
24183,DPE,2008-08-26,250625.00
24184,DPE,2008-08-27,251485.00
24185,DPE,2008-08-28,249550.00
24186,DPE,2008-08-29,249765.00
24187,DPE,2008-09-02,251055.00
24188,DPE,2008-09-03,250625.00
24189,DPE,2008-09-04,254065.00
24190,DPE,2008-09-05,254925.00
24191,DPE,2008-09-08,253205.00
24192,DPE,2008-09-09,255785.00
24193,DPE,2008-09-10,256215.00
24194,DPE,2008-09-11,256645.00
24195,DPE,2008-09-12,254445.00
24196,DPE,2008-09-15,251285.00
24197,DPE,2008-09-16,256240.00
24198,DPE,2008-09-17,248580.00
24199,DPE,2008-09-18,247615.00
24200,DPE,2008-09-19,243165.00
24201,DPE,2008-09-22,243620.00
24202,DPE,2008-09-23,243165.00
24203,DPE,2008-09-24,241345.00
24204,DPE,2008-09-25,244530.00
24205,DPE,2008-09-26,244530.00
24206,DPE,2008-09-29,232245.00
24207,DPE,2008-10-09,230065.00
24208,DPE,2008-11-06,229555.00
24209,DPE,2008-11-07,229045.00
24210,DPE,2008-11-10,228535.00
24211,DPE,2008-11-11,229555.00
24212,DPE,2008-11-12,221395.00
24213,DPE,2008-12-12,218970.00
24214,DPE,2008-12-15,217515.00
24215,DPE,2008-12-16,221395.00
24216,DPE,2008-12-17,223335.00
24217,DPE,2008-12-18,226245.00
24218,DPE,2008-12-19,227215.00
24219,DPE,2008-12-22,229155.00
24220,DPE,2008-12-23,227700.00
24221,DPE,2008-12-24,228185.00
24222,DPE,2008-12-26,230125.00
24223,DPE,2008-12-29,230125.00
24224,DPE,2008-12-30,231580.00
24225,DPE,2008-12-31,231095.00
24226,DPE,2009-01-02,232065.00
24227,DPE,2009-01-05,231580.00
24228,DPE,2009-01-06,229882.50
24229,DPE,2009-01-07,232065.00
24230,DPE,2009-01-08,229700.00
24231,DPE,2009-01-09,234005.00
24232,DPE,2009-01-12,231745.00
24233,DPE,2009-01-13,233610.00
24234,DPE,2009-01-14,233200.00
24235,DPE,2009-01-15,235625.00
24236,DPE,2009-02-05,236075.00
24237,DPE,2009-02-06,236075.00
24238,DPE,2009-02-09,236975.00
24239,DPE,2009-02-10,236525.00
24240,DPE,2009-02-11,237425.00
24241,DPE,2009-02-12,238775.00
24242,DPE,2009-02-13,240125.00
24243,DPE,2009-02-17,237875.00
24244,DPE,2009-02-18,240575.00
24245,DPE,2009-02-19,241025.00
24246,DPE,2009-02-20,240575.00
24247,DPE,2009-03-06,239735.00
24248,DPE,2009-03-09,240155.00
24249,DPE,2009-03-10,242255.00
24250,DPE,2009-03-11,243095.00
24251,DPE,2009-03-12,240575.00
24252,DPE,2009-03-13,239735.00
24253,DPE,2009-03-16,241835.00
24254,DPE,2009-03-17,240785.00
24255,DPE,2009-03-18,237845.00
24256,DPE,2009-03-19,236585.00
24257,DPE,2009-03-20,238055.00
24258,DPE,2009-03-23,235115.00
24259,DPE,2009-04-15,234675.00
24260,DPE,2009-04-16,237755.00
24261,DPE,2009-04-17,239075.00
24262,DPE,2009-04-20,237315.00
24263,DPE,2009-04-21,238635.00
24264,DPE,2009-04-22,237755.00
24265,DPE,2009-04-23,238635.00
24266,DPE,2009-04-24,239075.00
24267,DPE,2009-04-27,239075.00
24268,DPE,2009-04-28,240395.00
24269,DPE,2009-04-29,238635.00
24270,DPE,2009-04-30,240835.00
24271,DPE,2009-05-01,240395.00
24272,DPE,2009-05-04,240395.00
24273,DPE,2009-05-05,240395.00
24274,DPE,2009-05-06,239735.00
24275,DPE,2009-05-07,243035.00
24276,DPE,2009-05-08,242375.00
24277,DPE,2009-05-11,243255.00
24278,DPE,2009-05-12,244135.00
24279,DPE,2009-05-13,242815.00
24280,DPE,2009-05-14,244135.00
24281,DPE,2009-05-15,245015.00
24282,DPE,2009-05-18,248535.00
24283,DPE,2009-05-19,248975.00
24284,DPE,2009-05-20,248535.00
24285,DPE,2009-05-21,248975.00
24286,DPE,2009-05-22,249855.00
24287,DPE,2009-05-26,248535.00
24288,DPE,2009-05-27,250295.00
24289,DPE,2009-05-28,251175.00
24290,DPE,2009-05-29,251175.00
24291,DPE,2009-06-01,245895.00
24292,DPE,2009-06-02,245455.00
24293,DPE,2009-06-03,246775.00
24294,DPE,2009-06-04,245015.00
24295,DPE,2009-06-05,245235.00
24296,DPE,2009-06-08,247215.00
24297,DPE,2009-06-09,246115.00
24298,DPE,2009-06-11,246540.00
24299,DPE,2009-06-12,247815.00
24300,DPE,2009-06-15,247815.00
24301,DPE,2009-06-16,249090.00
24302,DPE,2009-06-17,249940.00
24303,DPE,2009-06-18,251215.00
24304,DPE,2009-06-19,252065.00
24305,DPE,2009-06-22,250790.00
24306,DPE,2009-06-23,252915.00
24307,DPE,2009-06-24,255040.00
24308,DPE,2009-06-25,258865.00
24309,DPE,2009-06-26,260140.00
24310,DPE,2009-06-29,262690.00
24311,DPE,2009-06-30,262690.00
24312,DPE,2009-07-01,260565.00
24313,DPE,2009-07-02,261415.00
24314,DPE,2009-07-06,264390.00
24315,DPE,2009-07-09,263985.00
24316,DPE,2009-07-10,265200.00
24317,DPE,2009-07-13,264795.00
24318,DPE,2009-07-14,264390.00
24319,DPE,2009-07-15,259935.00
24320,DPE,2009-07-16,259125.00
24321,DPE,2009-07-17,260340.00
24322,DPE,2009-07-20,259125.00
24323,DPE,2009-07-21,260745.00
24324,DPE,2009-07-22,259935.00
24325,DPE,2009-07-23,255682.50
24326,DPE,2009-08-06,254482.50
24327,DPE,2009-08-07,254882.50
24328,DPE,2009-08-10,255282.50
24329,DPE,2009-08-11,256082.50
24330,DPE,2009-08-12,254482.50
24331,DPE,2009-08-13,254882.50
24332,DPE,2009-08-14,257282.50
24333,DPE,2009-08-17,256882.50
24334,DPE,2009-08-18,256082.50
24335,DPE,2009-08-19,257282.50
24336,DPE,2009-08-20,258882.50
24337,DPE,2009-08-21,257282.50
24338,DPE,2009-08-24,256482.50
24339,DPE,2009-08-25,257282.50
24340,DPE,2009-08-26,257682.50
24341,DPE,2009-08-27,258082.50
24342,DPE,2009-08-28,258882.50
24343,DPE,2009-08-31,261282.50
24344,DPE,2009-09-01,262882.50
24345,DPE,2009-09-02,264082.50
24346,DPE,2009-09-03,264082.50
24347,DPE,2009-09-04,264882.50
24348,DPE,2009-09-08,264482.50
24349,DPE,2009-09-09,261082.50
24350,DPE,2009-09-10,257282.50
24351,DPE,2009-09-11,257282.50
24352,DPE,2009-09-14,254482.50
24353,DPE,2009-09-15,252882.50
24354,DPE,2009-09-18,251282.50
24355,DPE,2009-09-21,252082.50
24356,DPE,2009-09-22,253282.50
24357,DPE,2009-09-23,254482.50
24358,DPE,2009-09-24,254082.50
24359,DPE,2009-09-25,254882.50
24360,DPE,2009-09-28,256482.50
24361,DPE,2009-09-29,256082.50
24362,DPE,2009-09-30,256482.50
24363,DPE,2009-10-01,252482.50
24364,DPE,2009-10-02,253682.50
24365,DPE,2009-10-05,258882.50
24366,DPE,2009-10-06,261282.50
24367,DPE,2009-10-07,262482.50
24368,DPE,2009-10-08,261282.50
24369,DPE,2009-10-09,262082.50
24370,DPE,2009-10-12,263282.50
24371,DPE,2009-10-13,264477.50
24372,DPE,2009-10-14,260062.50
24373,DPE,2009-10-15,264082.50
24374,DPE,2009-10-16,270107.50
24375,DPE,2009-10-19,268897.50
24376,DPE,2009-10-20,270517.50
24377,DPE,2009-10-21,272137.50
24378,DPE,2009-10-22,271732.50
24379,DPE,2009-10-23,272542.50
24380,DPE,2009-10-26,274567.50
24381,DPE,2009-10-27,274162.50
24382,DPE,2009-10-28,269707.50
24383,DPE,2009-11-05,270557.50
24384,DPE,2009-11-06,272257.50
24385,DPE,2009-11-09,271832.50
24386,DPE,2009-11-10,272682.50
24387,DPE,2009-11-11,271832.50
24388,DPE,2009-11-12,272257.50
24389,DPE,2009-11-13,274382.50
24390,DPE,2009-11-16,270132.50
24391,DPE,2009-11-17,270982.50
24392,DPE,2009-11-18,272257.50
24393,DPE,2009-11-19,275657.50
24394,DPE,2009-11-20,276082.50
24395,DPE,2009-11-23,275232.50
24396,DPE,2009-11-24,276507.50
24397,DPE,2009-11-25,276507.50
24398,DPE,2009-11-27,280332.50
24399,DPE,2009-11-30,279057.50
24400,DPE,2009-12-01,278207.50
24401,DPE,2009-12-02,275657.50
24402,DPE,2009-12-03,276507.50
24403,DPE,2009-12-04,272682.50
24404,DPE,2009-12-07,271620.00
24405,DPE,2009-12-08,273957.50
24406,DPE,2009-12-09,274595.00
24407,DPE,2009-12-10,275870.00
24408,DPE,2009-12-11,274550.00
24409,DPE,2009-12-14,271165.00
24410,DPE,2009-12-15,272395.00
24411,DPE,2009-12-16,271985.00
24412,DPE,2009-12-17,272805.00
24413,DPE,2009-12-18,273215.00
24414,DPE,2009-12-21,272395.00
24415,DPE,2009-12-22,271575.00
24416,DPE,2009-12-23,269525.00
24417,DPE,2009-12-24,268705.00
24418,DPE,2009-12-28,268295.00
24419,DPE,2009-12-29,268910.00
24420,DPE,2009-12-30,269525.00
24421,DPE,2009-12-31,269525.00
24422,DPE,2010-01-04,267270.00
24423,DPE,2010-01-05,266450.00
24424,DPE,2010-01-06,266860.00
24425,DPE,2010-01-07,267240.00
24426,DPE,2010-01-08,265980.00
24427,DPE,2010-01-11,266245.00
24428,DPE,2010-01-12,269800.00
24429,DPE,2010-01-13,267825.00
24430,DPE,2010-01-14,268615.00
24431,DPE,2010-01-15,270985.00
24432,DPE,2010-01-19,268615.00
24433,DPE,2010-01-20,271380.00
24434,DPE,2010-01-21,274145.00
24435,DPE,2010-01-22,274935.00
24436,DPE,2010-01-25,276910.00
24437,DPE,2010-01-26,276910.00
24438,DPE,2010-01-27,280070.00
24439,DPE,2010-01-28,283230.00
24440,DPE,2010-02-04,283230.00
24441,DPE,2010-02-05,285180.00
24442,DPE,2010-02-08,284400.00
24443,DPE,2010-02-09,284010.00
24444,DPE,2010-02-10,283620.00
24445,DPE,2010-02-11,284790.00
24446,DPE,2010-02-12,285180.00
24447,DPE,2010-02-16,284010.00
24448,DPE,2010-02-17,282060.00
24449,DPE,2010-02-18,280110.00
24450,DPE,2010-02-19,279720.00
24451,DPE,2010-02-22,278940.00
24452,DPE,2010-02-23,282060.00
24453,DPE,2010-02-24,280500.00
24454,DPE,2010-02-25,280305.00
24455,DPE,2010-02-26,280305.00
24456,DPE,2010-03-01,275820.00
24457,DPE,2010-03-02,274260.00
24458,DPE,2010-03-03,274065.00
24459,DPE,2010-03-04,272700.00
24460,DPE,2010-03-05,269580.00
24461,DPE,2010-03-15,270340.00
24462,DPE,2010-03-16,269200.00
24463,DPE,2010-03-17,267300.00
24464,DPE,2010-03-18,269200.00
24465,DPE,2010-03-19,271860.00
24466,DPE,2010-03-22,269200.00
24467,DPE,2010-03-23,268440.00
24468,DPE,2010-03-24,269960.00
24469,DPE,2010-03-25,269580.00
24470,DPE,2010-03-26,270720.00
24471,DPE,2010-03-29,271860.00
24472,DPE,2010-03-30,273000.00
24473,DPE,2010-03-31,272620.00
24474,DPE,2010-04-01,272620.00
24475,DPE,2010-04-05,269960.00
24476,DPE,2010-04-06,267490.00
24477,DPE,2010-04-07,269960.00
24478,DPE,2010-04-08,266900.00
24479,DPE,2010-04-09,267700.00
24480,DPE,2010-04-12,264810.00
24481,DPE,2010-04-13,264070.00
24482,DPE,2010-04-14,254270.00
24483,DPE,2010-04-15,254270.00
24484,DPE,2010-04-16,254660.00
24485,DPE,2010-04-19,256610.00
24486,DPE,2010-04-20,255050.00
24487,DPE,2010-04-21,253880.00
24488,DPE,2010-04-22,252320.00
24489,DPE,2010-04-23,251150.00
24490,DPE,2010-04-26,251540.00
24491,DPE,2010-04-27,254660.00
24492,DPE,2010-04-28,254270.00
24493,DPE,2010-04-29,251540.00
24494,DPE,2010-04-30,253100.00
24495,DPE,2010-05-03,249590.00
24496,DPE,2010-05-04,255830.00
24497,DPE,2010-05-05,256220.00
24498,DPE,2010-05-06,254450.00
24499,DPE,2010-05-07,239820.00
24500,DPE,2010-06-10,243215.00
24501,DPE,2010-06-11,244185.00
24502,DPE,2010-06-14,242730.00
24503,DPE,2010-06-15,245155.00
24504,DPE,2010-06-16,238850.00
24505,DPE,2010-06-17,244185.00
24506,DPE,2010-06-18,244185.00
24507,DPE,2010-06-21,249520.00
24508,DPE,2010-06-22,246125.00
24509,DPE,2010-06-23,246610.00
24510,DPE,2010-06-24,246610.00
24511,DPE,2010-06-25,246610.00
24512,DPE,2010-06-28,246610.00
24513,DPE,2010-06-29,248065.00
24514,DPE,2010-06-30,249035.00
24515,DPE,2010-07-01,251945.00
24516,DPE,2010-07-02,253885.00
24517,DPE,2010-07-06,254370.00
24518,DPE,2010-07-07,259220.00
24519,DPE,2010-07-08,260190.00
24520,DPE,2010-07-13,253590.00
24521,DPE,2010-07-14,257990.00
24522,DPE,2010-07-15,258870.00
24523,DPE,2010-07-16,260190.00
24524,DPE,2010-07-19,260630.00
24525,DPE,2010-07-20,261070.00
24526,DPE,2010-07-21,260630.00
24527,DPE,2010-07-22,259310.00
24528,DPE,2010-07-23,259750.00
24529,DPE,2010-07-26,256670.00
24530,DPE,2010-07-27,257990.00
24531,DPE,2010-07-28,260630.00
24532,DPE,2010-07-29,261070.00
24533,DPE,2010-07-30,260630.00
24534,DPE,2010-08-02,260190.00
24535,DPE,2010-08-03,260630.00
24536,DPE,2010-08-04,261510.00
24537,DPE,2010-08-05,261510.00
24538,DPE,2010-08-06,266790.00
24539,DPE,2010-08-09,265910.00
24540,DPE,2010-08-10,266790.00
24541,DPE,2010-08-11,266790.00
24542,DPE,2010-08-12,267230.00
24543,DPE,2010-09-15,264710.00
24544,DPE,2010-09-16,266390.00
24545,DPE,2010-09-17,262190.00
24546,DPE,2010-09-20,263030.00
24547,DPE,2010-09-21,262190.00
24548,DPE,2010-09-22,264710.00
24549,DPE,2010-09-23,264710.00
24550,DPE,2010-09-24,264710.00
24551,DPE,2010-09-27,265970.00
24552,DPE,2010-09-28,265130.00
24553,DPE,2010-09-29,265550.00
24554,DPE,2010-09-30,264710.00
24555,DPE,2010-10-01,265130.00
24556,DPE,2010-10-04,265970.00
24557,DPE,2010-10-05,264710.00
24558,DPE,2010-10-06,265130.00
24559,DPE,2010-10-07,260730.00
24560,DPE,2010-10-08,263895.00
24561,DPE,2010-10-11,267900.00
24562,DPE,2010-10-12,262560.00
24563,DPE,2010-10-13,265230.00
24564,DPE,2010-10-14,259890.00
24565,DPE,2010-10-15,263895.00
24566,DPE,2010-10-18,264340.00
24567,DPE,2010-10-19,265675.00
24568,DPE,2010-10-20,265230.00
24569,DPE,2010-10-21,266120.00
24570,DPE,2010-10-22,267455.00
24571,DPE,2010-10-25,268345.00
24572,DPE,2010-10-26,267010.00
24573,DPE,2010-10-27,267900.00
24574,DPE,2010-10-28,268345.00
24575,DPE,2010-10-29,268345.00
24576,DPE,2010-11-01,269235.00
24577,DPE,2010-11-02,268345.00
24578,DPE,2010-11-03,268345.00
24579,DPE,2010-11-04,265452.50
24580,DPE,2010-11-05,265897.50
24581,DPE,2010-11-12,264197.50
24582,DPE,2010-11-15,264622.50
24583,DPE,2010-11-16,264197.50
24584,DPE,2010-11-17,264197.50
24585,DPE,2010-11-18,267172.50
24586,DPE,2010-11-19,267597.50
24587,DPE,2010-11-22,267597.50
24588,DPE,2010-11-23,268872.50
24589,DPE,2010-11-24,266322.50
24590,DPE,2010-11-26,265472.50
24591,DPE,2010-11-29,265472.50
24592,DPE,2010-11-30,265047.50
24593,DPE,2010-12-01,264622.50
24594,DPE,2010-12-02,266747.50
24595,DPE,2010-12-03,267172.50
24596,DPE,2010-12-06,266535.00
24597,DPE,2010-12-07,267385.00
24598,DPE,2010-12-08,266747.50
24599,DPE,2010-12-09,266337.50
24600,DPE,2010-12-10,262917.50
24601,DPE,2010-12-13,266565.00
24602,DPE,2010-12-14,265902.50
24603,DPE,2010-12-15,267192.50
24604,DPE,2010-12-16,266332.50
24605,DPE,2010-12-17,268052.50
24606,DPE,2010-12-20,267192.50
24607,DPE,2010-12-21,267192.50
24608,DPE,2010-12-22,265472.50
24609,DPE,2010-12-23,264612.50
24610,DPE,2010-12-27,263752.50
24611,DPE,2010-12-28,261172.50
24612,DPE,2010-12-29,264182.50
24613,DPE,2010-12-30,263322.50
24614,DPE,2010-12-31,262462.50
24615,DPE,2011-01-03,261602.50
24616,DPE,2011-01-04,266762.50
24617,DPE,2011-01-05,266332.50
24618,DPE,2011-01-06,266762.50
24619,DPE,2011-01-07,264972.50
24620,DPE,2011-01-10,266732.50
24621,DPE,2011-01-11,267857.50
24622,DPE,2011-01-12,267857.50
24623,DPE,2011-01-13,270937.50
24624,DPE,2011-01-14,268297.50
24625,DPE,2011-01-18,268737.50
24626,DPE,2011-01-19,272697.50
24627,DPE,2011-01-20,271377.50
24628,DPE,2011-01-21,270497.50
24629,DPE,2011-01-24,275777.50
24630,DPE,2011-01-25,277537.50
24631,DPE,2011-01-26,274017.50
24632,DPE,2011-01-27,274897.50
24633,DPE,2011-01-28,277977.50
24634,DPE,2011-01-31,277097.50
24635,DPE,2011-02-01,274017.50
24636,DPE,2011-02-02,275337.50
24637,DPE,2011-02-03,276197.50
24638,DPE,2011-02-04,277487.50
24639,DPE,2011-02-07,275327.50
24640,DPE,2011-02-08,274477.50
24641,DPE,2011-02-09,273597.50
24642,DPE,2011-02-10,271427.50
24643,DPE,2011-02-11,269867.50
24644,DPE,2011-02-14,272017.50
24645,DPE,2011-02-15,269867.50
24646,DPE,2011-02-16,270297.50
24647,DPE,2011-02-17,269437.50
24648,DPE,2011-02-18,267717.50
24649,DPE,2011-02-22,267287.50
24650,DPE,2011-02-23,272877.50
24651,DPE,2011-02-24,275027.50
24652,DPE,2011-02-25,273737.50
24653,DPE,2011-02-28,272017.50
24654,DPE,2011-03-01,272877.50
24655,DPE,2011-03-02,272017.50
24656,DPE,2011-03-03,269867.50
24657,DPE,2011-03-04,271587.50
24658,DPE,2011-03-07,273737.50
24659,DPE,2011-03-08,270297.50
24660,DPE,2011-03-09,271587.50
24661,DPE,2011-03-10,267062.50
24662,DPE,2011-03-11,274567.50
24663,DPE,2011-03-14,274447.50
24664,DPE,2011-03-15,270012.50
24665,DPE,2011-03-16,269182.50
24666,DPE,2011-03-17,272222.50
24667,DPE,2011-03-18,281892.50
24668,DPE,2011-03-21,282947.50
24669,DPE,2011-03-22,284822.50
24670,DPE,2011-03-23,288152.50
24671,DPE,2011-03-24,280462.50
24672,DPE,2011-03-25,278757.50
24673,DPE,2011-03-28,279817.50
24674,DPE,2011-03-29,280262.50
24675,DPE,2011-03-30,282042.50
24676,DPE,2011-03-31,282042.50
24677,DPE,2011-04-01,281597.50
24678,DPE,2011-04-04,282932.50
24679,DPE,2011-04-05,282042.50
24680,DPE,2011-04-06,284267.50
24681,DPE,2011-04-07,283822.50
24682,DPE,2011-04-08,286947.50
24683,DPE,2011-04-11,290992.50
24684,DPE,2011-04-12,292327.50
24685,DPE,2011-04-13,299527.50
24686,DPE,2011-04-14,303592.50
24687,DPE,2011-04-15,301822.50
24688,DPE,2011-04-18,313937.50
24689,DPE,2011-04-19,316212.50
24690,DPE,2011-04-20,313027.50
24691,DPE,2011-04-21,311662.50
24692,DPE,2011-04-25,312572.50
24693,DPE,2011-04-26,309842.50
24694,DPE,2011-04-27,311662.50
24695,DPE,2011-04-28,311207.50
24696,DPE,2011-04-29,308932.50
24697,DPE,2011-05-02,311662.50
24698,DPE,2011-05-03,312572.50
24699,DPE,2011-05-04,318032.50
24700,DPE,2011-05-05,315747.50
24701,DPE,2011-05-06,320712.50
24702,DPE,2011-05-09,322937.50
24703,DPE,2011-05-10,318487.50
24704,DPE,2011-05-11,322937.50
24705,DPE,2011-05-12,321157.50
24706,DPE,2011-05-13,321157.50
24707,DPE,2011-05-16,322937.50
24708,DPE,2011-05-17,326052.50
24709,DPE,2011-05-18,329612.50
24710,DPE,2011-05-19,326497.50
24711,DPE,2011-05-20,326942.50
24712,DPE,2011-05-23,328722.50
24713,DPE,2011-05-24,330502.50
24714,DPE,2011-05-25,331392.50
24715,DPE,2011-05-26,332727.50
24716,DPE,2011-05-27,331837.50
24717,DPE,2011-05-31,329612.50
24718,DPE,2011-06-01,334952.50
24719,DPE,2011-06-02,333617.50
24720,DPE,2011-06-03,338957.50
24721,DPE,2011-06-09,338087.50
24722,DPE,2011-06-10,342002.50
24723,DPE,2011-06-13,342002.50
24724,DPE,2011-06-14,341567.50
24725,DPE,2011-06-15,340262.50
24726,DPE,2011-06-16,337217.50
24727,DPE,2011-06-17,338087.50
24728,DPE,2011-06-20,339827.50
24729,DPE,2011-06-21,339392.50
24730,DPE,2011-06-22,340697.50
24731,DPE,2011-06-23,338522.50
24732,DPE,2011-06-24,339392.50
24733,DPE,2011-06-27,339392.50
24734,DPE,2011-06-28,337652.50
24735,DPE,2011-06-29,338087.50
24736,DPE,2011-06-30,337652.50
24737,DPE,2011-07-01,339175.00
24738,DPE,2011-07-05,338522.50
24739,DPE,2011-07-06,338522.50
24740,DPE,2011-07-07,335042.50
24741,DPE,2011-07-11,333767.50
24742,DPE,2011-07-12,332917.50
24743,DPE,2011-07-13,331217.50
24744,DPE,2011-07-14,333342.50
24745,DPE,2011-07-15,333342.50
24746,DPE,2011-07-18,334192.50
24747,DPE,2011-07-19,335467.50
24748,DPE,2011-07-20,337167.50
24749,DPE,2011-07-21,336742.50
24750,DPE,2011-07-22,336742.50
24751,DPE,2011-07-25,339292.50
24752,DPE,2011-07-26,336742.50
24753,DPE,2011-07-27,332067.50
24754,DPE,2011-08-11,331037.50
24755,DPE,2011-08-12,336702.50
24756,DPE,2011-08-15,345457.50
24757,DPE,2011-08-16,331552.50
24758,DPE,2011-08-17,337732.50
24759,DPE,2011-08-18,329492.50
24760,DPE,2011-08-19,335157.50
24761,DPE,2011-08-22,336187.50
24762,DPE,2011-08-23,335672.50
24763,DPE,2011-08-24,338762.50
24764,DPE,2011-08-25,334642.50
24765,DPE,2011-08-26,337732.50
24766,DPE,2011-08-29,339792.50
24767,DPE,2011-08-30,339792.50
24768,DPE,2011-08-31,340822.50
24769,DPE,2011-09-01,341852.50
24770,DPE,2011-09-02,342367.50
24771,DPE,2011-09-06,341337.50
24772,DPE,2011-09-07,342367.50
24773,DPE,2011-09-08,344942.50
24774,DPE,2011-09-09,331822.50
24775,DPE,2011-09-12,336247.50
24776,DPE,2011-09-13,331822.50
24777,DPE,2011-09-14,341867.50
24778,DPE,2011-09-15,346367.50
24779,DPE,2011-09-16,344867.50
24780,DPE,2011-09-19,344867.50
24781,DPE,2011-09-20,344367.50
24782,DPE,2011-09-21,345367.50
24783,DPE,2011-09-22,328867.50
24784,DPE,2011-10-10,330927.50
24785,DPE,2011-10-11,330927.50
24786,DPE,2011-10-12,334532.50
24787,DPE,2011-10-13,332987.50
24788,DPE,2011-10-14,335562.50
24789,DPE,2011-10-17,331957.50
24790,DPE,2011-10-18,334017.50
24791,DPE,2011-10-19,330927.50
24792,DPE,2011-10-20,334017.50
24793,DPE,2011-10-21,335562.50
24794,DPE,2011-10-24,336077.50
24795,DPE,2011-10-25,335047.50
24796,DPE,2011-10-26,336592.50
24797,DPE,2011-10-27,338137.50
24798,DPE,2011-10-28,336077.50
24799,DPE,2011-10-31,337107.50
24800,DPE,2011-11-01,334017.50
24801,DPE,2011-11-02,336077.50
24802,DPE,2011-11-03,336077.50
24803,DPE,2011-11-04,337622.50
24804,DPE,2011-11-07,336592.50
24805,DPE,2011-11-08,337622.50
24806,DPE,2011-11-10,332177.50
24807,DPE,2011-11-11,334157.50
24808,DPE,2011-11-14,334652.50
24809,DPE,2011-11-15,336137.50
24810,DPE,2011-11-16,337127.50
24811,DPE,2011-11-17,331682.50
24812,DPE,2011-11-18,334652.50
24813,DPE,2011-11-21,334157.50
24814,DPE,2011-11-22,334652.50
24815,DPE,2011-11-23,332672.50
24816,DPE,2011-12-08,322332.50
24817,DPE,2011-12-09,326562.50
24818,DPE,2011-12-12,327502.50
24819,DPE,2011-12-13,324682.50
24820,DPE,2011-12-14,325152.50
24821,DPE,2012-01-05,323292.50
24822,DPE,2012-01-06,326082.50
24823,DPE,2012-01-09,327477.50
24824,DPE,2012-01-10,327012.50
24825,DPE,2012-01-11,328407.50
24826,DPE,2012-01-12,327477.50
24827,DPE,2012-01-13,327012.50
24828,DPE,2012-01-17,326082.50
24829,DPE,2012-01-18,327012.50
24830,DPE,2012-01-19,327942.50
24831,DPE,2012-01-20,328407.50
24832,DPE,2012-01-23,329802.50
24833,DPE,2012-01-24,331662.50
24834,DPE,2012-01-25,329802.50
24835,DPE,2012-01-26,330267.50
24836,DPE,2012-01-27,330267.50
24837,DPE,2012-01-30,330267.50
24838,DPE,2012-01-31,332127.50
24839,DPE,2012-02-01,328872.50
24840,DPE,2012-02-02,328640.00
24841,DPE,2012-02-03,326082.50
24842,DPE,2012-02-09,324322.50
24843,DPE,2012-02-10,325642.50
24844,DPE,2012-02-13,323882.50
24845,DPE,2012-02-14,324762.50
24846,DPE,2012-02-15,321682.50
24847,DPE,2012-02-16,324762.50
24848,DPE,2012-02-17,324762.50
24849,DPE,2012-02-21,326082.50
24850,DPE,2012-02-22,326962.50
24851,DPE,2012-02-23,327842.50
24852,DPE,2012-02-24,328722.50
24853,DPE,2012-02-27,327402.50
24854,DPE,2012-02-28,328722.50
24855,DPE,2012-02-29,330042.50
24856,DPE,2012-03-01,331362.50
24857,DPE,2012-03-02,337522.50
24858,DPE,2012-03-05,336202.50
24859,DPE,2012-03-06,336202.50
24860,DPE,2012-03-13,337082.50
24861,DPE,2012-03-14,336202.50
24862,DPE,2012-03-15,335322.50
24863,DPE,2012-03-16,337962.50
24864,DPE,2012-03-19,337082.50
24865,DPE,2012-03-20,338842.50
24866,DPE,2012-03-21,339282.50
24867,DPE,2012-03-22,339282.50
24868,DPE,2012-03-23,340602.50
24869,DPE,2012-03-26,338402.50
24870,DPE,2012-03-27,338402.50
24871,DPE,2012-03-28,339722.50
24872,DPE,2012-03-29,339282.50
24873,DPE,2012-03-30,339722.50
24874,DPE,2012-04-02,339722.50
24875,DPE,2012-04-03,339722.50
24876,DPE,2012-04-04,345002.50
24877,DPE,2012-04-05,346772.50
24878,DPE,2012-04-09,348082.50
24879,DPE,2012-04-10,343602.50
24880,DPE,2012-04-11,348932.50
24881,DPE,2012-04-12,345392.50
24882,DPE,2012-04-13,350292.50
24883,DPE,2012-04-16,352092.50
24884,DPE,2012-04-17,351232.50
24885,DPE,2012-04-18,356082.50
24886,DPE,2012-04-19,358332.50
24887,DPE,2012-04-20,358332.50
24888,DPE,2012-04-23,360582.50
24889,DPE,2012-04-24,360132.50
24890,DPE,2012-04-25,362382.50
24891,DPE,2012-04-26,363732.50
24892,DPE,2012-04-27,361032.50
24893,DPE,2012-04-30,361932.50
24894,DPE,2012-05-01,364632.50
24895,DPE,2012-05-02,364182.50
24896,DPE,2012-05-03,365982.50
24897,DPE,2012-05-04,369582.50
24898,DPE,2012-05-07,372282.50
24899,DPE,2012-05-10,373182.50
24900,DPE,2012-05-11,371382.50
24901,DPE,2012-05-14,373182.50
24902,DPE,2012-05-15,371382.50
24903,DPE,2012-05-16,370482.50
24904,DPE,2012-05-17,371382.50
24905,DPE,2012-05-18,367782.50
24906,DPE,2012-06-08,366872.50
24907,DPE,2012-06-11,368237.50
24908,DPE,2012-06-12,367327.50
24909,DPE,2012-06-13,365962.50
24910,DPE,2012-06-14,367782.50
24911,DPE,2012-07-12,365632.50
24912,DPE,2012-07-13,366922.50
24913,DPE,2012-07-16,367352.50
24914,DPE,2012-07-17,368642.50
24915,DPE,2012-07-18,369932.50
24916,DPE,2012-07-19,369932.50
24917,DPE,2012-07-20,370362.50
24918,DPE,2012-07-23,369072.50
24919,DPE,2012-07-24,369072.50
24920,DPE,2012-07-25,369502.50
24921,DPE,2012-07-26,374232.50
24922,DPE,2012-07-27,373372.50
24923,DPE,2012-07-30,374662.50
24924,DPE,2012-07-31,373802.50
24925,DPE,2012-08-01,375952.50
24926,DPE,2012-08-02,378102.50
24927,DPE,2012-08-03,378532.50
24928,DPE,2012-08-06,380252.50
24929,DPE,2012-08-07,378532.50
24930,DPE,2012-08-08,379822.50
24931,DPE,2012-08-09,381937.50
24932,DPE,2012-08-10,381962.50
24933,DPE,2012-08-13,384107.50
24934,DPE,2012-08-14,382412.50
24935,DPE,2012-08-15,383677.50
24936,DPE,2012-08-16,377017.50
24937,DPE,2012-08-17,374222.50
24938,DPE,2012-08-20,376577.50
24939,DPE,2012-08-21,376592.50
24940,DPE,2012-08-22,379372.50
24941,DPE,2012-08-23,384952.50
24942,DPE,2012-08-24,382827.50
24943,DPE,2012-08-27,385377.50
24944,DPE,2012-08-28,384102.50
24945,DPE,2012-08-29,382402.50
24946,DPE,2012-08-30,383252.50
24947,DPE,2012-08-31,385802.50
24948,DPE,2012-09-04,381977.50
24949,DPE,2012-09-05,383252.50
24950,DPE,2012-09-06,382827.50
24951,DPE,2012-09-07,383540.00
24952,DPE,2012-09-10,386135.00
24953,DPE,2012-09-11,382917.50
24954,DPE,2012-09-12,383797.50
24955,DPE,2012-09-13,381597.50
24956,DPE,2012-09-14,382037.50
24957,DPE,2012-09-17,381597.50
24958,DPE,2012-09-18,383357.50
24959,DPE,2012-09-19,383357.50
24960,DPE,2012-09-20,384677.50
24961,DPE,2012-09-21,383357.50
24962,DPE,2012-09-24,384677.50
24963,DPE,2012-09-25,387757.50
24964,DPE,2012-09-26,389517.50
24965,DPE,2012-09-27,386877.50
24966,DPE,2012-09-28,387317.50
24967,DPE,2012-10-01,389517.50
24968,DPE,2012-10-02,389957.50
24969,DPE,2012-10-03,391277.50
24970,DPE,2012-10-04,388857.50
24971,DPE,2012-10-05,390617.50
24972,DPE,2012-10-08,393037.50
24973,DPE,2012-10-09,397877.50
24974,DPE,2012-10-10,400957.50
24975,DPE,2012-10-11,402187.50
24976,DPE,2012-10-12,401777.50
24977,DPE,2012-10-15,402597.50
24978,DPE,2012-10-16,402597.50
24979,DPE,2012-10-17,403007.50
24980,DPE,2012-10-18,404237.50
24981,DPE,2012-10-19,404237.50
24982,DPE,2012-10-22,406697.50
24983,DPE,2012-10-23,405877.50
24984,DPE,2012-10-24,407107.50
24985,DPE,2012-10-25,405877.50
24986,DPE,2012-10-26,408747.50
24987,DPE,2012-10-31,410797.50
24988,DPE,2012-11-01,411617.50
24989,DPE,2012-11-02,413667.50
24990,DPE,2012-11-05,413667.50
24991,DPE,2012-11-06,412847.50
24992,DPE,2012-11-07,415307.50
24993,DPE,2012-11-08,418997.50
24994,DPE,2012-11-09,421457.50
24995,DPE,2012-11-12,420227.50
24996,DPE,2012-11-13,421867.50
24997,DPE,2012-11-14,419817.50
24998,DPE,2012-11-15,420227.50
24999,DPE,2012-12-06,418567.50
25000,DPE,2012-12-07,421887.50
25001,DPE,2012-12-10,420227.50
25002,DPE,2012-12-11,419812.50
25003,DPE,2012-12-12,421472.50
25004,DPE,2012-12-13,422302.50
25005,DPE,2012-12-14,424792.50
25006,DPE,2012-12-17,422302.50
25007,DPE,2012-12-18,418152.50
25008,DPE,2012-12-19,417322.50
25009,DPE,2012-12-20,416907.50
25010,DPE,2012-12-21,418152.50
25011,DPE,2012-12-24,419397.50
25012,DPE,2012-12-26,418982.50
25013,DPE,2012-12-27,418982.50
25014,DPE,2012-12-28,419397.50
25015,DPE,2012-12-31,421472.50
25016,DPE,2013-01-02,413795.00
25017,DPE,2013-01-03,414417.50
25018,DPE,2013-01-04,411957.50
25019,DPE,2013-01-07,414827.50
25020,DPE,2013-01-08,414417.50
25021,DPE,2013-01-09,414417.50
25022,DPE,2013-01-10,415237.50
25023,DPE,2013-01-11,414007.50
25024,DPE,2013-01-14,414827.50
25025,DPE,2013-01-15,413187.50
25026,DPE,2013-01-16,415237.50
25027,DPE,2013-01-17,412367.50
25028,DPE,2013-01-18,414827.50
25029,DPE,2013-01-22,414622.50
25030,DPE,2013-01-23,416057.50
25031,DPE,2013-01-24,414622.50
25032,DPE,2013-01-25,413392.50
25033,DPE,2013-01-28,412162.50
25034,DPE,2013-01-29,412572.50
25035,DPE,2013-01-30,417492.50
25036,DPE,2013-01-31,414827.50
25037,DPE,2013-02-01,410522.50
25038,DPE,2013-02-04,416672.50
25039,DPE,2013-02-05,411547.50
25040,DPE,2013-02-08,411947.50
25041,DPE,2013-02-11,411547.50
25042,DPE,2013-02-12,411947.50
25043,DPE,2013-02-13,410347.50
25044,DPE,2013-02-14,410747.50
25045,DPE,2013-02-15,409547.50
25046,DPE,2013-02-19,409147.50
25047,DPE,2013-02-20,411947.50
25048,DPE,2013-02-21,414747.50
25049,DPE,2013-02-22,413547.50
25050,DPE,2013-02-25,413947.50
25051,DPE,2013-02-26,415547.50
25052,DPE,2013-02-27,414347.50
25053,DPE,2013-02-28,413547.50
25054,DPE,2013-03-01,413547.50
25055,DPE,2013-03-04,414347.50
25056,DPE,2013-03-05,410747.50
25057,DPE,2013-03-06,410147.50
25058,DPE,2013-03-07,408147.50
25059,DPE,2013-03-08,404347.50
25060,DPE,2013-03-11,405947.50
25061,DPE,2013-03-12,405167.50
25062,DPE,2013-03-13,407117.50
25063,DPE,2013-03-14,402827.50
25064,DPE,2013-03-15,403607.50
25065,DPE,2013-03-18,404777.50
25066,DPE,2013-03-19,404387.50
25067,DPE,2013-03-20,403997.50
25068,DPE,2013-03-21,405167.50
25069,DPE,2013-03-22,403607.50
25070,DPE,2013-03-25,404387.50
25071,DPE,2013-03-26,403997.50
25072,DPE,2013-03-27,404387.50
25073,DPE,2013-03-28,404387.50
25074,DPE,2013-04-01,410627.50
25075,DPE,2013-04-02,411797.50
25076,DPE,2013-04-03,416087.50
25077,DPE,2013-04-04,415307.50
25078,DPE,2013-04-05,415697.50
25079,DPE,2013-04-08,416477.50
25080,DPE,2013-04-09,414917.50
25081,DPE,2013-04-10,410432.50
25082,DPE,2013-04-11,411212.50
25083,DPE,2013-04-12,414527.50
25084,DPE,2013-04-15,423107.50
25085,DPE,2013-04-16,424727.50
25086,DPE,2013-04-17,422702.50
25087,DPE,2013-04-18,422702.50
25088,DPE,2013-04-19,426347.50
25089,DPE,2013-04-22,424322.50
25090,DPE,2013-04-23,425132.50
25091,DPE,2013-04-24,424322.50
25092,DPE,2013-04-25,423107.50
25093,DPE,2013-04-26,423512.50
25094,DPE,2013-04-29,422702.50
25095,DPE,2013-04-30,423512.50
25096,DPE,2013-05-01,425942.50
25097,DPE,2013-05-02,424322.50
25098,DPE,2013-05-03,421487.50
25099,DPE,2013-05-06,422297.50
25100,DPE,2013-05-07,420272.50
25101,DPE,2013-05-08,421082.50
25102,DPE,2013-05-09,419867.50
25103,DPE,2013-05-10,419260.00
25104,DPE,2013-05-13,420070.00
25105,DPE,2013-05-14,415757.50
25106,DPE,2013-05-15,414497.50
25107,DPE,2013-05-16,416177.50
25108,DPE,2013-05-17,416177.50
25109,DPE,2013-05-20,415757.50
25110,DPE,2013-05-21,415337.50
25111,DPE,2013-05-22,417857.50
25112,DPE,2013-05-23,417437.50
25113,DPE,2013-05-24,417857.50
25114,DPE,2013-05-28,416177.50
25115,DPE,2013-05-29,417857.50
25116,DPE,2013-05-30,417437.50
25117,DPE,2013-05-31,416597.50
25118,DPE,2013-06-03,417017.50
25119,DPE,2013-06-04,417017.50
25120,DPE,2013-06-05,419537.50
25121,DPE,2013-06-06,417317.50
25122,DPE,2013-06-07,422597.50
25123,DPE,2013-06-10,421757.50
25124,DPE,2013-06-11,421277.50
25125,DPE,2013-06-12,420347.50
25126,DPE,2013-06-13,419537.50
25127,DPE,2013-06-14,423017.50
25128,DPE,2013-06-17,423467.50
25129,DPE,2013-06-18,420677.50
25130,DPE,2013-06-19,427007.50
25131,DPE,2013-06-20,430247.50
25132,DPE,2013-06-21,434987.50
25133,DPE,2013-06-24,438377.50
25134,DPE,2013-06-25,439727.50
25135,DPE,2013-06-26,441977.50
25136,DPE,2013-06-27,438827.50
25137,DPE,2013-06-28,439277.50
25138,DPE,2013-07-01,440177.50
25139,DPE,2013-07-02,440177.50
25140,DPE,2013-07-03,440177.50
25141,DPE,2013-07-05,439277.50
25142,DPE,2013-07-08,437027.50
25143,DPE,2013-07-09,436127.50
25144,DPE,2013-07-17,435707.50
25145,DPE,2013-07-18,435287.50
25146,DPE,2013-07-19,435287.50
25147,DPE,2013-07-22,436547.50
25148,DPE,2013-07-23,436547.50
25149,DPE,2013-07-24,437807.50
25150,DPE,2013-07-25,436127.50
25151,DPE,2013-07-26,437387.50
25152,DPE,2013-07-29,439907.50
25153,DPE,2013-07-30,437387.50
25154,DPE,2013-07-31,437807.50
25155,DPE,2013-08-01,437807.50
25156,DPE,2013-08-02,438647.50
25157,DPE,2013-08-05,438647.50
25158,DPE,2013-08-06,442007.50
25159,DPE,2013-08-07,442847.50
25160,DPE,2013-08-08,443262.50
25161,DPE,2013-08-09,440292.50
25162,DPE,2013-08-12,436917.50
25163,DPE,2013-08-13,440722.50
25164,DPE,2013-08-14,440712.50
25165,DPE,2013-08-15,446597.50
25166,DPE,2013-08-16,452082.50
25167,DPE,2013-08-19,455867.50
25168,DPE,2013-08-20,457567.50
25169,DPE,2013-08-21,455017.50
25170,DPE,2013-08-22,455867.50
25171,DPE,2013-08-23,457992.50
25172,DPE,2013-08-26,459267.50
25173,DPE,2013-08-27,457567.50
25174,DPE,2013-08-28,457142.50
25175,DPE,2013-08-29,458842.50
25176,DPE,2013-08-30,452467.50
25177,DPE,2013-09-03,459267.50
25178,DPE,2013-09-04,462667.50
25179,DPE,2013-09-05,460117.50
25180,DPE,2013-09-06,462667.50
25181,DPE,2013-09-09,459267.50
25182,DPE,2013-09-10,459692.50
25183,DPE,2013-09-11,460542.50
25184,DPE,2013-09-12,460967.50
25185,DPE,2013-09-13,460967.50
25186,DPE,2013-09-16,462677.50
25187,DPE,2013-09-17,455200.00
25188,DPE,2013-09-18,453287.50
25189,DPE,2013-09-19,456727.50
25190,DPE,2013-09-20,457157.50
25191,DPE,2013-09-23,457587.50
25192,DPE,2013-09-24,455867.50
25193,DPE,2013-09-25,455867.50
25194,DPE,2013-09-26,457587.50
25195,DPE,2013-09-27,456727.50
25196,DPE,2013-09-30,457157.50
25197,DPE,2013-10-01,456297.50
25198,DPE,2013-10-02,455867.50
25199,DPE,2013-10-03,457157.50
25200,DPE,2013-10-04,456297.50
25201,DPE,2013-10-07,456727.50
25202,DPE,2013-10-08,458447.50
25203,DPE,2013-10-09,458447.50
25204,DPE,2013-10-10,460702.50
25205,DPE,2013-10-11,459877.50
25206,DPE,2013-10-14,459877.50
25207,DPE,2013-10-15,463597.50
25208,DPE,2013-10-16,459412.50
25209,DPE,2013-10-17,463597.50
25210,DPE,2013-10-18,458947.50
25211,DPE,2013-10-21,460807.50
25212,DPE,2013-10-22,460807.50
25213,DPE,2013-10-23,461737.50
25214,DPE,2013-10-24,460342.50
25215,DPE,2013-10-25,460575.00
25216,DPE,2013-10-28,460575.00
25217,DPE,2013-10-29,459412.50
25218,DPE,2013-10-30,462435.00
25219,DPE,2013-10-31,462667.50
25220,DPE,2013-11-01,465922.50
25221,DPE,2013-11-04,463132.50
25222,DPE,2013-11-05,463830.00
25223,DPE,2013-11-06,467085.00
25224,DPE,2013-11-07,470177.50
25225,DPE,2013-11-08,466550.00
25226,DPE,2013-11-11,466247.50
25227,DPE,2013-11-12,465085.00
25228,DPE,2013-11-13,465085.00
25229,DPE,2013-11-14,465515.00
25230,DPE,2013-11-15,465515.00
25231,DPE,2013-11-18,466375.00
25232,DPE,2013-11-19,466375.00
25233,DPE,2013-11-20,467665.00
25234,DPE,2013-11-21,465515.00
25235,DPE,2013-11-22,465945.00
25236,DPE,2013-11-25,466805.00
25237,DPE,2013-11-26,464655.00
25238,DPE,2013-11-27,463795.00
25239,DPE,2013-11-29,462075.00
25240,DPE,2013-12-02,466375.00
25241,DPE,2013-12-03,468525.00
25242,DPE,2013-12-04,467665.00
25243,DPE,2013-12-05,467665.00
25244,DPE,2013-12-06,466805.00
25245,DPE,2013-12-09,468095.00
25246,DPE,2013-12-10,468955.00
25247,DPE,2013-12-11,476265.00
25248,DPE,2013-12-12,473670.00
25249,DPE,2013-12-13,475390.00
25250,DPE,2013-12-16,471120.00
25251,DPE,2013-12-17,474205.00
25252,DPE,2013-12-18,466805.00
25253,DPE,2013-12-19,471255.00
25254,DPE,2013-12-20,472590.00
25255,DPE,2013-12-23,466805.00
25256,DPE,2013-12-24,465470.00
25257,DPE,2013-12-26,464580.00
25258,DPE,2013-12-27,465915.00
25259,DPE,2013-12-30,465915.00
25260,DPE,2013-12-31,465470.00
25261,DPE,2014-01-02,467695.00
25262,DPE,2014-01-03,467695.00
25263,DPE,2014-01-06,469920.00
25264,DPE,2014-01-07,467695.00
25265,DPE,2014-01-08,467472.50
25266,DPE,2014-01-09,470112.50
25267,DPE,2014-01-10,468372.50
25268,DPE,2014-01-13,470547.50
25269,DPE,2014-01-14,470547.50
25270,DPE,2014-01-15,469242.50
25271,DPE,2014-01-16,471417.50
25272,DPE,2014-01-17,470112.50
25273,DPE,2014-01-21,469677.50
25274,DPE,2014-01-22,468807.50
25275,DPE,2014-01-23,470547.50
25276,DPE,2014-01-24,472287.50
25277,DPE,2014-01-27,474027.50
25278,DPE,2014-01-28,477507.50
25279,DPE,2014-01-29,473157.50
25280,DPE,2014-01-30,475767.50
25281,DPE,2014-01-31,470982.50
25282,DPE,2014-02-03,469677.50
25283,DPE,2014-02-06,476607.50
25284,DPE,2014-02-07,478587.50
25285,DPE,2014-02-10,480072.50
25286,DPE,2014-02-11,478092.50
25287,DPE,2014-02-12,478092.50
25288,DPE,2014-02-13,477102.50
25289,DPE,2014-02-14,477597.50
25290,DPE,2014-02-18,474132.50
25291,DPE,2014-02-19,478092.50
25292,DPE,2014-02-20,472152.50
25293,DPE,2014-02-21,476607.50
25294,DPE,2014-02-24,471657.50
25295,DPE,2014-02-25,475617.50
25296,DPE,2014-02-26,472152.50
25297,DPE,2014-02-27,473637.50
25298,DPE,2014-02-28,475122.50
25299,DPE,2014-03-03,477597.50
25300,DPE,2014-03-04,471905.00
25301,DPE,2014-03-06,472835.00
25302,DPE,2014-03-07,475625.00
25303,DPE,2014-03-10,477485.00
25304,DPE,2014-03-11,472370.00
25305,DPE,2014-03-12,476090.00
25306,DPE,2014-03-13,473300.00
25307,DPE,2014-03-14,470510.00
25308,DPE,2014-03-17,475160.00
25309,DPE,2014-03-18,474695.00
25310,DPE,2014-03-19,477485.00
25311,DPE,2014-03-20,477020.00
25312,DPE,2014-03-21,477020.00
25313,DPE,2014-03-24,476555.00
25314,DPE,2014-03-25,480740.00
25315,DPE,2014-03-26,480275.00
25316,DPE,2014-04-11,473835.00
25317,DPE,2014-04-14,476135.00
25318,DPE,2014-04-15,476135.00
25319,DPE,2014-04-16,478895.00
25320,DPE,2014-04-17,480735.00
25321,DPE,2014-04-21,483495.00
25322,DPE,2014-04-22,484415.00
25323,DPE,2014-04-23,484875.00
25324,DPE,2014-04-24,483495.00
25325,DPE,2014-04-25,481655.00
25326,DPE,2014-04-28,483495.00
25327,DPE,2014-04-29,483495.00
25328,DPE,2014-04-30,487175.00
25329,DPE,2014-05-01,485335.00
25330,DPE,2014-05-02,488095.00
25331,DPE,2014-05-05,487635.00
25332,DPE,2014-05-06,490395.00
25333,DPE,2014-05-07,488555.00
25334,DPE,2014-05-08,485335.00
25335,DPE,2014-05-09,498215.00
25336,DPE,2014-05-12,497295.00
25337,DPE,2014-05-13,502815.00
25338,DPE,2014-05-14,504655.00
25339,DPE,2014-05-15,505115.00
25340,DPE,2014-05-16,506035.00
25341,DPE,2014-05-19,506955.00
25342,DPE,2014-05-20,506955.00
25343,DPE,2014-05-21,508335.00
25344,DPE,2014-05-22,509255.00
25345,DPE,2014-05-23,510175.00
25346,DPE,2014-05-27,505575.00
25347,DPE,2014-05-28,506955.00
25348,DPE,2014-05-29,506955.00
25349,DPE,2014-05-30,507875.00
25350,DPE,2014-06-02,508795.00
25351,DPE,2014-06-03,509715.00
25352,DPE,2014-06-04,508795.00
25353,DPE,2014-06-05,507645.00
25354,DPE,2014-06-06,505115.00
25355,DPE,2014-06-09,502585.00
25356,DPE,2014-06-10,503505.00
25357,DPE,2014-06-11,503940.00
25358,DPE,2014-06-12,502635.00
25359,DPE,2014-06-13,504375.00
25360,DPE,2014-06-16,504810.00
25361,DPE,2014-06-17,503940.00
25362,DPE,2014-06-18,504810.00
25363,DPE,2014-06-19,503505.00
25364,DPE,2014-06-20,506115.00
25365,DPE,2014-06-23,506985.00
25366,DPE,2014-06-24,506985.00
25367,DPE,2014-06-25,506985.00
25368,DPE,2014-06-26,507855.00
25369,DPE,2014-06-27,508290.00
25370,DPE,2014-06-30,507420.00
25371,DPE,2014-07-01,504810.00
25372,DPE,2014-07-02,506985.00
25373,DPE,2014-07-03,506115.00
25374,DPE,2014-07-07,510900.00
25375,DPE,2014-07-08,512640.00
25376,DPE,2014-07-09,513075.00
25377,DPE,2014-07-10,512640.00
25378,DPE,2014-07-11,514845.00
25379,DPE,2014-07-14,510735.00
25380,DPE,2014-07-15,521415.00
25381,DPE,2014-07-16,518715.00
25382,DPE,2014-07-17,518715.00
25383,DPE,2014-07-18,520965.00
25384,DPE,2014-07-21,520515.00
25385,DPE,2014-07-22,522765.00
25386,DPE,2014-07-23,523215.00
25387,DPE,2014-07-24,526815.00
25388,DPE,2014-07-25,523215.00
25389,DPE,2014-07-28,525015.00
25390,DPE,2014-07-29,522315.00
25391,DPE,2014-07-30,528615.00
25392,DPE,2014-07-31,522765.00
25393,DPE,2014-08-01,525015.00
25394,DPE,2014-08-08,524550.00
25395,DPE,2014-08-11,525480.00
25396,DPE,2014-08-12,526875.00
25397,DPE,2014-08-13,528270.00
25398,DPE,2014-08-14,531525.00
25399,DPE,2014-08-15,528735.00
25400,DPE,2014-08-18,528735.00
25401,DPE,2014-08-19,528735.00
25402,DPE,2014-08-20,527805.00
25403,DPE,2014-08-21,529665.00
25404,DPE,2014-08-22,529665.00
25405,DPE,2014-08-25,529200.00
25406,DPE,2014-08-26,527340.00
25407,DPE,2014-08-27,527340.00
25408,DPE,2014-08-28,530130.00
25409,DPE,2014-08-29,529200.00
25410,DPE,2014-09-02,528270.00
25411,DPE,2014-09-03,530595.00
25412,DPE,2014-09-04,529665.00
25413,DPE,2014-09-05,529200.00
25414,DPE,2014-09-08,529897.50
25415,DPE,2014-09-09,532920.00
25416,DPE,2014-09-15,533375.00
25417,DPE,2014-09-16,534285.00
25418,DPE,2014-09-17,536105.00
25419,DPE,2014-09-18,536105.00
25420,DPE,2014-09-19,536560.00
25421,DPE,2014-09-22,536105.00
25422,DPE,2014-09-23,534740.00
25423,DPE,2014-09-24,534285.00
25424,DPE,2014-09-25,534740.00
25425,DPE,2014-10-10,531415.00
25426,DPE,2014-10-13,533315.00
25427,DPE,2014-10-14,530465.00
25428,DPE,2014-10-15,531890.00
25429,DPE,2014-10-16,535690.00
25430,DPE,2014-10-17,535215.00
25431,DPE,2014-10-20,537115.00
25432,DPE,2014-10-21,538065.00
25433,DPE,2014-10-22,537115.00
25434,DPE,2014-10-23,537590.00
25435,DPE,2014-10-24,537115.00
25436,DPE,2014-10-27,538540.00
25437,DPE,2014-10-28,537590.00
25438,DPE,2014-10-29,536640.00
25439,DPE,2014-10-30,538540.00
25440,DPE,2014-10-31,536402.50
25441,DPE,2014-11-10,538202.50
25442,DPE,2014-11-11,538652.50
25443,DPE,2014-11-12,535502.50
25444,DPE,2014-11-13,540002.50
25445,DPE,2014-11-14,540452.50
25446,DPE,2014-11-17,540002.50
25447,DPE,2014-11-18,539552.50
25448,DPE,2014-11-19,541352.50
25449,DPE,2014-11-20,541352.50
25450,DPE,2014-11-21,541352.50
25451,DPE,2014-11-24,540902.50
25452,DPE,2014-11-25,543152.50
25453,DPE,2014-11-26,540902.50
25454,DPE,2014-11-28,541802.50
25455,DPE,2014-12-01,543602.50
25456,DPE,2014-12-02,544502.50
25457,DPE,2014-12-03,542252.50
25458,DPE,2014-12-04,545402.50
25459,DPE,2014-12-05,544052.50
25460,DPE,2014-12-08,545852.50
25461,DPE,2014-12-09,543617.50
25462,DPE,2014-12-10,543572.50
25463,DPE,2014-12-11,537182.50
25464,DPE,2014-12-12,540332.50
25465,DPE,2014-12-15,538562.50
25466,DPE,2014-12-16,541667.50
25467,DPE,2014-12-17,544442.50
25468,DPE,2014-12-18,543137.50
25469,DPE,2014-12-19,539057.50
25470,DPE,2014-12-22,540182.50
25471,DPE,2014-12-23,542507.50
25472,DPE,2014-12-24,543437.50
25473,DPE,2014-12-26,543437.50
25474,DPE,2014-12-29,542972.50
25475,DPE,2014-12-30,542042.50
25476,DPE,2014-12-31,540647.50
25477,DPE,2015-01-02,542507.50
25478,DPE,2015-01-05,543437.50
25479,DPE,2015-01-06,542922.50
25480,DPE,2015-01-07,547647.50
25481,DPE,2015-01-08,548652.50
25482,DPE,2015-01-09,547747.50
25483,DPE,2015-01-12,547722.50
25484,DPE,2015-01-13,543877.50
25485,DPE,2015-01-14,545687.50
25486,DPE,2015-01-15,547547.50
25487,DPE,2015-01-16,554672.50
25488,DPE,2015-01-20,554332.50
25489,DPE,2015-01-21,560037.50
25490,DPE,2015-01-22,561457.50
25491,DPE,2015-01-23,561457.50
25492,DPE,2015-01-26,562437.50
25493,DPE,2015-01-27,560967.50
25494,DPE,2015-01-28,561947.50
25495,DPE,2015-01-29,564887.50
25496,DPE,2015-01-30,555577.50
25497,DPE,2015-02-02,561457.50
25498,DPE,2015-02-03,563907.50
25499,DPE,2015-02-04,564397.50
25500,DPE,2015-02-05,565867.50
25501,DPE,2015-02-06,564397.50
25502,DPE,2015-02-09,567827.50
25503,DPE,2015-02-10,569297.50
25504,DPE,2015-02-11,569787.50
25505,DPE,2015-02-12,573707.50
25506,DPE,2015-02-13,573707.50
25507,DPE,2015-02-17,571257.50
25508,DPE,2015-02-18,574197.50
25509,DPE,2015-02-19,572727.50
25510,DPE,2015-02-20,574687.50
25511,DPE,2015-02-23,573217.50
25512,DPE,2015-02-24,577137.50
25513,DPE,2015-02-25,577627.50
25514,DPE,2015-02-26,575667.50
25515,DPE,2015-02-27,575667.50
25516,DPE,2015-03-02,575667.50
25517,DPE,2015-03-03,578117.50
25518,DPE,2015-03-04,577557.50
25519,DPE,2015-03-05,579027.50
25520,DPE,2015-03-06,580882.50
25521,DPE,2015-03-09,578117.50
25522,DPE,2015-03-10,574022.50
25523,DPE,2015-03-11,578572.50
25524,DPE,2015-03-12,579027.50
25525,DPE,2015-03-13,577207.50
25526,DPE,2015-03-16,578117.50
25527,DPE,2015-03-17,578572.50
25528,DPE,2015-03-18,578572.50
25529,DPE,2015-03-19,581302.50
25530,DPE,2015-03-20,577662.50
25531,DPE,2015-03-23,580847.50
25532,DPE,2015-03-24,580847.50
25533,DPE,2015-03-25,582212.50
25534,DPE,2015-03-26,582667.50
25535,DPE,2015-03-27,584487.50
25536,DPE,2015-03-30,582667.50
25537,DPE,2015-03-31,581757.50
25538,DPE,2015-04-01,582212.50
25539,DPE,2015-04-02,581302.50
25540,DPE,2015-04-06,582212.50
25541,DPE,2015-04-07,583577.50
25542,DPE,2015-04-08,584497.50
25543,DPE,2015-04-09,584032.50
25544,DPE,2015-04-10,586357.50
25545,DPE,2015-04-13,585427.50
25546,DPE,2015-04-14,586357.50
25547,DPE,2015-04-15,587287.50
25548,DPE,2015-04-16,587287.50
25549,DPE,2015-04-17,588682.50
25550,DPE,2015-04-20,588682.50
25551,DPE,2015-04-21,588682.50
25552,DPE,2015-04-22,588217.50
25553,DPE,2015-04-23,590077.50
25554,DPE,2015-04-24,590542.50
25555,DPE,2015-04-27,590077.50
25556,DPE,2015-04-28,592402.50
25557,DPE,2015-04-29,591007.50
25558,DPE,2015-04-30,591937.50
25559,DPE,2015-05-01,595657.50
25560,DPE,2015-05-04,600307.50
25561,DPE,2015-05-05,597982.50
25562,DPE,2015-05-06,594257.50
25563,DPE,2015-05-07,597987.50
25564,DPE,2015-05-08,603112.50
25565,DPE,2015-05-11,603577.50
25566,DPE,2015-05-12,607317.50
25567,DPE,2015-05-13,607787.50
25568,DPE,2015-05-14,607787.50
25569,DPE,2015-05-15,608727.50
25570,DPE,2015-05-18,608257.50
25571,DPE,2015-05-19,611077.50
25572,DPE,2015-05-20,607787.50
25573,DPE,2015-05-21,610607.50
25574,DPE,2015-05-22,609197.50
25575,DPE,2015-05-26,612957.50
25576,DPE,2015-05-27,610607.50
25577,DPE,2015-05-28,610137.50
25578,DPE,2015-05-29,609197.50
25579,DPE,2015-06-01,610607.50
25580,DPE,2015-06-02,610137.50
25581,DPE,2015-06-03,608727.50
25582,DPE,2015-06-04,610137.50
25583,DPE,2015-06-05,610607.50
25584,DPE,2015-06-08,610137.50
25585,DPE,2015-06-09,611532.50
25586,DPE,2015-06-10,612927.50
25587,DPE,2015-06-11,612927.50
25588,DPE,2015-06-12,613392.50
25589,DPE,2015-06-15,612927.50
25590,DPE,2015-06-16,609672.50
25591,DPE,2015-06-17,610602.50
25592,DPE,2015-06-18,611532.50
25593,DPE,2015-06-19,613857.50
25594,DPE,2015-06-22,614787.50
25595,DPE,2015-06-23,615252.50
25596,DPE,2015-06-24,614322.50
25597,DPE,2015-06-25,614322.50
25598,DPE,2015-06-26,613857.50
25599,DPE,2015-06-29,611067.50
25600,DPE,2015-06-30,613392.50
25601,DPE,2015-07-01,616647.50
25602,DPE,2015-07-02,616182.50
25603,DPE,2015-07-06,612927.50
25604,DPE,2015-07-07,615747.50
25605,DPE,2015-07-08,615717.50
25606,DPE,2015-07-09,619032.50
25607,DPE,2015-07-10,624822.50
25608,DPE,2015-07-13,628632.50
25609,DPE,2015-07-14,630522.50
25610,DPE,2015-07-15,630957.50
25611,DPE,2015-07-16,632937.50
25612,DPE,2015-07-17,639597.50
25613,DPE,2015-07-20,641082.50
25614,DPE,2015-07-21,640587.50
25615,DPE,2015-07-22,641577.50
25616,DPE,2015-07-23,643557.50
25617,DPE,2015-07-24,644547.50
25618,DPE,2015-07-27,641577.50
25619,DPE,2015-07-28,649497.50
25620,DPE,2015-08-04,649497.50
25621,DPE,2015-08-05,647697.50
25622,DPE,2015-08-06,648147.50
25623,DPE,2015-08-07,649947.50
25624,DPE,2015-08-10,649947.50
25625,DPE,2015-08-11,644997.50
25626,DPE,2015-08-12,648147.50
25627,DPE,2015-08-13,649047.50
25628,DPE,2015-08-14,649497.50
25629,DPE,2015-08-17,654897.50
25630,DPE,2015-08-18,653547.50
25631,DPE,2015-08-19,652197.50
25632,DPE,2015-08-20,647247.50
25633,DPE,2015-10-13,641332.50
25634,DPE,2015-10-14,648157.50
25635,DPE,2015-10-15,648157.50
25636,DPE,2015-10-16,647702.50
25637,DPE,2015-10-19,648612.50
25638,DPE,2015-10-20,648612.50
25639,DPE,2015-10-21,648157.50
25640,DPE,2015-10-22,649067.50
25641,DPE,2015-10-23,649977.50
25642,DPE,2015-10-26,651342.50
25643,DPE,2015-10-27,653162.50
25644,DPE,2015-10-28,650887.50
25645,DPE,2015-10-29,654527.50
25646,DPE,2015-10-30,653617.50
25647,DPE,2015-11-02,651342.50
25648,DPE,2015-11-03,649522.50
25649,DPE,2015-11-04,651342.50
25650,DPE,2015-11-05,648157.50
25651,DPE,2015-11-06,649067.50
25652,DPE,2015-11-09,648157.50
25653,DPE,2015-11-10,648612.50
25654,DPE,2015-11-11,651797.50
25655,DPE,2015-11-12,652252.50
25656,DPE,2015-11-13,651342.50
25657,DPE,2015-11-16,654527.50
25658,DPE,2015-11-17,653617.50
25659,DPE,2015-11-18,655892.50
25660,DPE,2015-11-19,659532.50
25661,DPE,2015-12-08,659532.50
25662,DPE,2015-12-09,658592.50
25663,DPE,2015-12-10,660002.50
25664,DPE,2015-12-11,656712.50
25665,DPE,2016-01-05,656227.50
25666,DPE,2016-01-06,659137.50
25667,DPE,2016-01-07,651862.50
25668,DPE,2016-02-03,652347.50
25669,DPE,2016-02-04,653802.50
25670,DPE,2016-02-05,647497.50
25671,DPE,2016-02-08,647012.50
25672,DPE,2016-03-09,645602.50
25673,DPE,2016-03-10,646542.50
25674,DPE,2016-03-11,647482.50
25675,DPE,2016-03-14,649362.50
25676,DPE,2016-03-15,650302.50
25677,DPE,2016-03-16,653592.50
25678,DPE,2016-03-17,652182.50
25679,DPE,2016-03-18,651712.50
25680,DPE,2016-03-21,653592.50
25681,DPE,2016-03-22,652652.50
25682,DPE,2016-03-23,654062.50
25683,DPE,2016-03-24,656412.50
25684,DPE,2016-03-28,654532.50
25685,DPE,2016-03-29,654532.50
25686,DPE,2016-03-30,652652.50
25687,DPE,2016-03-31,652652.50
25688,DPE,2016-04-01,652182.50
25689,DPE,2016-04-04,655472.50
25690,DPE,2016-04-05,655062.50
25691,DPE,2016-04-06,655002.50
25692,DPE,2016-04-07,655082.50
25693,DPE,2016-04-08,656002.50
25694,DPE,2016-04-11,659212.50
25695,DPE,2016-04-12,659132.50
25696,DPE,2016-04-13,659132.50
25697,DPE,2016-04-14,660032.50
25698,DPE,2016-04-15,659132.50
25699,DPE,2016-04-18,660482.50
25700,DPE,2016-04-19,660482.50
25701,DPE,2016-04-20,660932.50
25702,DPE,2016-04-21,661382.50
25703,DPE,2016-04-22,659582.50
25704,DPE,2016-04-25,660482.50
25705,DPE,2016-04-26,658682.50
25706,DPE,2016-04-27,659582.50
25707,DPE,2016-04-28,660932.50
25708,DPE,2016-04-29,660932.50
25709,DPE,2016-05-02,660482.50
25710,DPE,2016-05-03,662732.50
25711,DPE,2016-05-04,666812.50
25712,DPE,2016-05-05,668627.50
25713,DPE,2016-05-06,670877.50
25714,DPE,2016-05-09,672272.50
25715,DPE,2016-05-10,671867.50
25716,DPE,2016-05-11,674087.50
25717,DPE,2016-05-12,675437.50
25718,DPE,2016-05-13,678587.50
25719,DPE,2016-05-16,681377.50
25720,DPE,2016-05-17,680447.50
25721,DPE,2016-05-18,679982.50
25722,DPE,2016-05-19,679052.50
25723,DPE,2016-05-20,681842.50
25724,DPE,2016-05-23,683237.50
25725,DPE,2016-05-24,682772.50
25726,DPE,2016-05-25,685097.50
25727,DPE,2016-05-26,684167.50
25728,DPE,2016-05-27,683237.50
25729,DPE,2016-05-31,682772.50
25730,DPE,2016-06-01,682307.50
25731,DPE,2016-06-02,681842.50
25732,DPE,2016-06-03,682307.50
25733,DPE,2016-06-06,679285.00
25734,DPE,2016-06-10,675725.00
25735,DPE,2016-06-13,673055.00
25736,DPE,2016-06-14,673500.00
25737,DPE,2016-06-15,673500.00
25738,DPE,2016-06-16,676170.00
25739,DPE,2016-06-17,674390.00
25740,DPE,2016-06-20,679285.00
25741,DPE,2016-06-21,679730.00
25742,DPE,2016-06-22,677505.00
25743,DPE,2016-06-23,680620.00
25744,DPE,2016-06-24,673055.00
25745,DPE,2016-07-06,673520.00
25746,DPE,2016-07-07,672125.00
25747,DPE,2016-07-08,673985.00
25748,DPE,2016-07-11,673520.00
25749,DPE,2016-07-12,671660.00
25750,DPE,2016-07-13,672125.00
25751,DPE,2016-07-14,672590.00
25752,DPE,2016-07-15,673055.00
25753,DPE,2016-07-18,673520.00
25754,DPE,2016-07-19,673520.00
25755,DPE,2016-07-20,673055.00
25756,DPE,2016-07-21,673985.00
25757,DPE,2016-07-22,672590.00
25758,DPE,2016-07-25,672590.00
25759,DPE,2016-07-26,673055.00
25760,DPE,2016-07-27,672590.00
25761,DPE,2016-07-28,672125.00
25762,DPE,2016-07-29,672590.00
25763,DPE,2016-08-01,673055.00
25764,DPE,2016-08-02,674915.00
25765,DPE,2016-08-03,674915.00
25766,DPE,2016-08-04,673752.50
25767,DPE,2016-08-05,671427.50
25768,DPE,2016-08-09,670537.50
25769,DPE,2016-08-10,672317.50
25770,DPE,2016-08-11,672317.50
25771,DPE,2016-08-12,673207.50
25772,DPE,2016-08-15,671427.50
25773,DPE,2016-08-16,672317.50
25774,DPE,2016-08-17,673207.50
25775,DPE,2016-08-18,674542.50
25776,DPE,2016-08-19,674097.50
25777,DPE,2016-08-22,674542.50
25778,DPE,2016-08-23,673652.50
25779,DPE,2016-08-24,673207.50
25780,DPE,2016-08-25,673652.50
25781,DPE,2016-08-26,672762.50
25782,DPE,2016-08-29,673652.50
25783,DPE,2016-08-30,673207.50
25784,DPE,2016-08-31,674987.50
25785,DPE,2016-09-01,673652.50
25786,DPE,2016-09-02,672762.50
25787,DPE,2016-09-06,673207.50
25788,DPE,2016-09-07,672317.50
25789,DPE,2016-09-08,672762.50
25790,DPE,2016-09-09,673157.50
25791,DPE,2016-09-12,676757.50
25792,DPE,2016-09-13,671352.50
25793,DPE,2016-09-14,672242.50
25794,DPE,2016-09-15,672687.50
25795,DPE,2016-09-16,674022.50
25796,DPE,2016-09-19,673577.50
25797,DPE,2016-09-20,674022.50
25798,DPE,2016-09-21,672687.50
25799,DPE,2016-09-22,667347.50
25800,DPE,2016-10-04,665022.50
25801,DPE,2016-10-05,666882.50
25802,DPE,2016-10-06,668277.50
25803,DPE,2016-10-07,667347.50
25804,DPE,2016-10-10,668277.50
25805,DPE,2016-10-11,666882.50
25806,DPE,2016-10-12,667812.50
25807,DPE,2016-10-13,668277.50
25808,DPE,2016-10-14,668277.50
25809,DPE,2016-10-17,666882.50
25810,DPE,2016-10-18,668742.50
25811,DPE,2016-10-19,671532.50
25812,DPE,2016-10-20,672927.50
25813,DPE,2016-10-21,671997.50
25814,DPE,2016-10-24,675252.50
25815,DPE,2016-10-25,677577.50
25816,DPE,2016-10-26,675252.50
25817,DPE,2016-10-27,673857.50
25818,DPE,2016-11-17,672477.50
25819,DPE,2016-11-18,674317.50
25820,DPE,2016-11-21,675237.50
25821,DPE,2016-11-22,674777.50
25822,DPE,2016-11-23,672937.50
25823,DPE,2016-11-25,673397.50
25824,DPE,2016-11-28,675237.50
25825,DPE,2016-11-29,675697.50
25826,DPE,2016-11-30,677077.50
25827,DPE,2016-12-01,676157.50
25828,DPE,2016-12-02,677537.50
25829,DPE,2016-12-05,675697.50
25830,DPE,2016-12-06,674777.50
25831,DPE,2016-12-07,673857.50
25832,DPE,2016-12-08,672707.50
25833,DPE,2016-12-09,672937.50
25834,DPE,2016-12-12,674317.50
25835,DPE,2016-12-13,673377.50
25836,DPE,2016-12-14,672437.50
25837,DPE,2016-12-15,674787.50
25838,DPE,2016-12-16,677607.50
25839,DPE,2016-12-19,679957.50
25840,DPE,2016-12-20,679017.50
25841,DPE,2016-12-21,680427.50
25842,DPE,2016-12-22,677607.50
25843,DPE,2016-12-23,679487.50
25844,DPE,2016-12-27,681367.50
25845,DPE,2016-12-28,680427.50
25846,DPE,2016-12-29,680427.50
25847,DPE,2016-12-30,679957.50
25848,DPE,2017-01-03,683247.50
25849,DPE,2017-01-04,681837.50
25850,DPE,2017-01-05,685597.50
25851,DPE,2017-01-06,688887.50
25852,DPE,2017-01-09,691707.50
25853,DPE,2017-01-10,695907.50
25854,DPE,2017-01-11,695907.50
25855,DPE,2017-01-12,697302.50
25856,DPE,2017-01-13,699162.50
25857,DPE,2017-01-17,699162.50
25858,DPE,2017-01-18,701952.50
25859,DPE,2017-01-19,701487.50
25860,DPE,2017-01-20,705207.50
25861,DPE,2017-01-23,705207.50
25862,DPE,2017-01-24,706137.50
25863,DPE,2017-01-25,707532.50
25864,DPE,2017-01-26,707532.50
25865,DPE,2017-01-27,708462.50
25866,DPE,2017-01-30,706602.50
25867,DPE,2017-01-31,705207.50
25868,DPE,2017-02-01,708462.50
25869,DPE,2017-02-02,706602.50
25870,DPE,2017-02-03,707532.50
25871,DPE,2017-02-06,709392.50
25872,DPE,2017-02-07,705732.50
25873,DPE,2017-02-08,707562.50
25874,DPE,2017-02-09,711232.50
25875,DPE,2017-02-10,707532.50
25876,DPE,2017-02-13,711192.50
25877,DPE,2017-02-14,711192.50
25878,DPE,2017-02-15,711647.50
25879,DPE,2017-02-16,711647.50
25880,DPE,2017-02-17,713012.50
25881,DPE,2017-02-21,711647.50
25882,DPE,2017-02-22,712102.50
25883,DPE,2017-02-23,712102.50
25884,DPE,2017-02-24,712102.50
25885,DPE,2017-02-27,711647.50
25886,DPE,2017-02-28,712557.50
25887,DPE,2017-03-01,710737.50
25888,DPE,2017-03-02,713467.50
25889,DPE,2017-03-03,715287.50
25890,DPE,2017-03-06,717107.50
25891,DPE,2017-03-07,721222.50
25892,DPE,2017-03-08,720272.50
25893,DPE,2017-03-09,720242.50
25894,DPE,2017-03-10,726662.50
25895,DPE,2017-03-13,730847.50
25896,DPE,2017-03-14,730352.50
25897,DPE,2017-03-15,736397.50
25898,DPE,2017-03-16,735932.50
25899,DPE,2017-03-17,735932.50
25900,DPE,2017-03-20,736862.50
25901,DPE,2017-03-21,729887.50
25902,DPE,2017-04-04,727662.50
25903,DPE,2017-04-05,726772.50
25904,DPE,2017-04-06,727217.50
25905,DPE,2017-04-07,728997.50
25906,DPE,2017-04-10,728552.50
25907,DPE,2017-04-11,728997.50
25908,DPE,2017-04-12,727217.50
25909,DPE,2017-04-13,727662.50
25910,DPE,2017-04-17,732112.50
25911,DPE,2017-04-18,732112.50
25912,DPE,2017-04-19,732112.50
25913,DPE,2017-04-20,732112.50
25914,DPE,2017-04-21,732112.50
25915,DPE,2017-04-24,731222.50
25916,DPE,2017-04-25,730777.50
25917,DPE,2017-04-26,729442.50
25918,DPE,2017-04-27,730777.50
25919,DPE,2017-04-28,734782.50
25920,DPE,2017-05-01,733892.50
25921,DPE,2017-05-02,736117.50
25922,DPE,2017-05-03,738342.50
25923,DPE,2017-05-04,738787.50
25924,DPE,2017-05-05,737452.50
25925,DPE,2017-05-08,740567.50
25926,DPE,2017-05-09,739292.50
25927,DPE,2017-05-10,737452.50
25928,DPE,2017-05-11,740102.50
25929,DPE,2017-05-12,740607.50
25930,DPE,2017-05-15,741497.50
25931,DPE,2017-05-16,743157.50
25932,DPE,2017-05-17,745682.50
25933,DPE,2017-05-18,748232.50
25934,DPE,2017-05-19,748232.50
25935,DPE,2017-05-22,752907.50
25936,DPE,2017-05-23,752482.50
25937,DPE,2017-05-24,753757.50
25938,DPE,2017-05-25,754182.50
25939,DPE,2017-05-26,756307.50
25940,DPE,2017-05-30,755882.50
25941,DPE,2017-05-31,757157.50
25942,DPE,2017-06-01,756307.50
25943,DPE,2017-06-02,754182.50
25944,DPE,2017-06-05,756732.50
25945,DPE,2017-06-06,754167.50
25946,DPE,2017-06-07,755017.50
25947,DPE,2017-06-08,751627.50
25948,DPE,2017-06-09,748632.50
25949,DPE,2017-06-12,749052.50
25950,DPE,2017-06-13,746502.50
25951,DPE,2017-06-14,751662.50
25952,DPE,2017-06-15,748652.50
25953,DPE,2017-06-16,753812.50
25954,DPE,2017-06-19,754242.50
25955,DPE,2017-06-20,752952.50
25956,DPE,2017-06-21,752952.50
25957,DPE,2017-06-22,755962.50
25958,DPE,2017-06-23,752522.50
25959,DPE,2017-06-26,753382.50
25960,DPE,2017-06-27,753382.50
25961,DPE,2017-06-28,751662.50
25962,DPE,2017-06-29,752522.50
25963,DPE,2017-06-30,752522.50
25964,DPE,2017-07-03,753382.50
25965,DPE,2017-07-05,753382.50
25966,DPE,2017-07-06,754272.50
25967,DPE,2017-07-07,755957.50
25968,DPE,2017-07-10,757677.50
25969,DPE,2017-07-11,757242.50
25970,DPE,2017-07-12,755522.50
25971,DPE,2017-07-13,756797.50
25972,DPE,2017-07-14,752907.50
25973,DPE,2017-07-17,752057.50
25974,DPE,2017-07-18,753757.50
25975,DPE,2017-07-19,752057.50
25976,DPE,2017-07-20,751632.50
25977,DPE,2017-07-21,751632.50
25978,DPE,2017-07-24,752057.50
25979,DPE,2017-07-25,746107.50
25980,DPE,2017-07-26,749507.50
25981,DPE,2017-07-27,752057.50
25982,DPE,2017-07-28,755032.50
25983,DPE,2017-07-31,755882.50
25984,DPE,2017-08-01,756307.50
25985,DPE,2017-08-02,760557.50
25986,DPE,2017-08-03,762682.50
25987,DPE,2017-08-04,763957.50
25988,DPE,2017-08-07,763957.50
25989,DPE,2017-08-08,763107.50
25990,DPE,2017-08-09,762622.50
25991,DPE,2017-08-10,754812.50
25992,DPE,2017-08-11,754812.50
25993,DPE,2017-08-14,759262.50
25994,DPE,2017-08-15,762822.50
25995,DPE,2017-08-16,766382.50
25996,DPE,2017-08-17,757927.50
25997,DPE,2017-09-06,758387.50
25998,DPE,2017-09-07,762067.50
25999,DPE,2017-09-08,760687.50
26000,DPE,2017-09-11,761607.50
26001,DPE,2017-09-12,761147.50
26002,DPE,2017-09-13,761147.50
26003,DPE,2017-09-14,763907.50
26004,DPE,2017-09-15,762527.50
26005,DPE,2017-09-18,758847.50
26006,DPE,2017-09-19,762527.50
26007,DPE,2017-09-20,762527.50
26008,DPE,2017-09-21,761147.50
26009,DPE,2017-09-22,760227.50
26010,DPE,2017-09-25,758847.50
26011,DPE,2017-09-26,757467.50
26012,DPE,2017-09-27,756087.50
26013,DPE,2017-09-28,755167.50
26014,DPE,2017-09-29,756087.50
26015,DPE,2017-10-02,756087.50
26016,DPE,2017-10-05,755657.50
26017,DPE,2017-10-06,755657.50
26018,DPE,2017-10-09,756947.50
26019,DPE,2017-10-10,758237.50
26020,DPE,2017-10-11,759097.50
26021,DPE,2017-10-12,759527.50
26022,DPE,2017-10-13,759097.50
26023,DPE,2017-10-16,763827.50
26024,DPE,2017-10-17,764257.50
26025,DPE,2017-10-18,761247.50
26026,DPE,2017-10-19,763827.50
26027,DPE,2017-10-20,765977.50
26028,DPE,2017-10-23,767697.50
26029,DPE,2017-10-24,765117.50
26030,DPE,2017-10-25,765547.50
26031,DPE,2017-10-26,766837.50
26032,DPE,2017-10-27,767267.50
26033,DPE,2017-10-30,768987.50
26034,DPE,2017-10-31,766837.50
26035,DPE,2017-11-01,769847.50
26036,DPE,2017-11-02,771567.50
26037,DPE,2017-11-03,772427.50
26038,DPE,2017-11-06,775007.50
26039,DPE,2017-11-08,775007.50
26040,DPE,2017-11-09,775877.50
26041,DPE,2017-11-10,777617.50
26042,DPE,2017-11-13,775007.50
26043,DPE,2017-11-14,778487.50
26044,DPE,2017-11-15,775442.50
26045,DPE,2017-11-16,777182.50
26046,DPE,2017-11-17,777182.50
26047,DPE,2017-11-20,774572.50
26048,DPE,2017-11-21,773702.50
26049,DPE,2017-11-22,774572.50
26050,DPE,2017-11-24,775007.50
26051,DPE,2017-11-27,774572.50
26052,DPE,2017-11-28,774137.50
26053,DPE,2017-11-29,769787.50
26054,DPE,2017-11-30,769787.50
26055,DPE,2017-12-01,770657.50
26056,DPE,2017-12-04,771092.50
26057,DPE,2017-12-05,771072.50
26058,DPE,2017-12-06,772817.50
26059,DPE,2017-12-07,774592.50
26060,DPE,2017-12-08,774587.50
26061,DPE,2017-12-11,777637.50
26062,DPE,2017-12-12,783357.50
26063,DPE,2017-12-13,780277.50
26064,DPE,2017-12-14,781157.50
26065,DPE,2017-12-15,780717.50
26066,DPE,2017-12-18,778957.50
26067,DPE,2017-12-19,779837.50
26068,DPE,2017-12-20,779397.50
26069,DPE,2017-12-21,779397.50
26070,DPE,2017-12-22,779837.50
26071,DPE,2017-12-26,780277.50
26072,DPE,2017-12-27,779837.50
26073,DPE,2017-12-28,780717.50
26074,DPE,2017-12-29,783357.50
26075,DPE,2018-01-02,782477.50
26076,DPE,2018-01-03,781597.50
26077,DPE,2018-01-04,781157.50
26078,DPE,2018-01-05,782477.50
26079,DPE,2018-01-08,781997.50
26080,DPE,2018-01-09,781997.50
26081,DPE,2018-01-10,781157.50
26082,DPE,2018-01-11,778637.50
26083,DPE,2018-01-12,778637.50
26084,DPE,2018-01-16,781157.50
26085,DPE,2018-01-17,777797.50
26086,DPE,2018-01-18,777797.50
26087,DPE,2018-01-19,776117.50
26088,DPE,2018-01-22,775697.50
26089,DPE,2018-01-23,773177.50
26090,DPE,2018-01-24,776117.50
26091,DPE,2018-01-25,776117.50
26092,DPE,2018-01-26,774437.50
26093,DPE,2018-01-29,774857.50
26094,DPE,2018-01-30,776957.50
26095,DPE,2018-01-31,778637.50
26096,DPE,2018-02-01,778217.50
26097,DPE,2018-02-02,776957.50
26098,DPE,2018-02-05,764357.50
26099,DPE,2018-02-06,764867.50
26100,DPE,2018-02-07,770987.50
26101,DPE,2018-02-08,763847.50
26102,DPE,2018-02-09,759257.50
26103,DPE,2018-02-12,781697.50
26104,DPE,2018-02-13,770987.50
26105,DPE,2018-02-14,779657.50
26106,DPE,2018-02-15,776087.50
26107,DPE,2018-02-16,774047.50
26108,DPE,2018-02-20,776087.50
26109,DPE,2018-02-21,773537.50
26110,DPE,2018-02-22,774557.50
26111,DPE,2018-02-23,775577.50
26112,DPE,2018-02-26,773537.50
26113,DPE,2018-02-27,774557.50
26114,DPE,2018-02-28,775577.50
26115,DPE,2018-03-01,778127.50
26116,DPE,2018-03-02,778637.50
26117,DPE,2018-03-05,774047.50
26118,DPE,2018-03-06,774047.50
26119,DPE,2018-03-07,772007.50
26120,DPE,2018-03-08,774047.50
26121,DPE,2018-03-09,774857.50
26122,DPE,2018-03-12,771497.50
26123,DPE,2018-03-13,774347.50
26124,DPE,2018-03-14,776247.50
26125,DPE,2018-03-15,775772.50
26126,DPE,2018-03-16,776247.50
26127,DPE,2018-03-19,776722.50
26128,DPE,2018-03-20,777197.50
26129,DPE,2018-03-21,776722.50
26130,DPE,2018-03-22,773872.50
26131,DPE,2018-03-23,770547.50
26132,DPE,2018-04-03,771557.50
26133,DPE,2018-04-04,776102.50
26134,DPE,2018-04-05,774587.50
26135,DPE,2018-04-06,774587.50
26136,DPE,2018-04-09,774587.50
26137,DPE,2018-04-10,774082.50
26138,DPE,2018-04-11,774587.50
26139,DPE,2018-04-12,776102.50
26140,DPE,2018-04-13,776607.50
26141,DPE,2018-04-16,776102.50
26142,DPE,2018-04-17,775092.50
26143,DPE,2018-04-18,774082.50
26144,DPE,2018-04-19,776102.50
26145,DPE,2018-04-20,776102.50
26146,DPE,2018-04-23,776607.50
26147,DPE,2018-04-24,777617.50
26148,DPE,2018-04-25,778122.50
26149,DPE,2018-04-26,779132.50
26150,DPE,2018-04-27,779132.50
26151,DPE,2018-04-30,780647.50
26152,DPE,2018-05-01,780647.50
26153,DPE,2018-05-02,779132.50
26154,DPE,2018-05-03,781657.50
26155,DPE,2018-05-04,778122.50
26156,DPE,2018-05-07,776355.00
26157,DPE,2018-05-15,775505.00
26158,DPE,2018-05-16,774655.00
26159,DPE,2018-05-17,773380.00
26160,DPE,2018-05-18,771680.00
26161,DPE,2018-05-21,770830.00
26162,DPE,2018-05-22,772105.00
26163,DPE,2018-05-23,772530.00
26164,DPE,2018-05-24,772105.00
26165,DPE,2018-05-25,772530.00
26166,DPE,2018-05-29,771680.00
26167,DPE,2018-05-30,769980.00
26168,DPE,2018-05-31,771255.00
26169,DPE,2018-06-01,769130.00
26170,DPE,2018-06-04,769130.00
26171,DPE,2018-06-05,766155.00
26172,DPE,2018-06-06,766580.00
26173,DPE,2018-06-07,765305.00
26174,DPE,2018-06-08,764010.00
26175,DPE,2018-06-11,766585.00
26176,DPE,2018-06-12,764865.00
26177,DPE,2018-06-13,765725.00
26178,DPE,2018-06-14,764435.00
26179,DPE,2018-06-15,764865.00
26180,DPE,2018-06-18,762715.00
26181,DPE,2018-06-19,763145.00
26182,DPE,2018-06-20,760135.00
26183,DPE,2018-06-21,758845.00
26184,DPE,2018-06-22,760135.00
26185,DPE,2018-06-25,759275.00
26186,DPE,2018-06-26,760995.00
26187,DPE,2018-06-27,760565.00
26188,DPE,2018-06-28,759275.00
26189,DPE,2018-06-29,763575.00
26190,DPE,2018-07-02,762715.00
26191,DPE,2018-07-03,760995.00
26192,DPE,2018-07-05,763145.00
26193,DPE,2018-07-06,763575.00
26194,DPE,2018-07-09,763575.00
26195,DPE,2018-07-11,763105.00
26196,DPE,2018-07-12,764045.00
26197,DPE,2018-07-13,766395.00
26198,DPE,2018-07-16,766395.00
26199,DPE,2018-07-17,767335.00
26200,DPE,2018-07-18,769215.00
26201,DPE,2018-07-19,768275.00
26202,DPE,2018-07-20,768275.00
26203,DPE,2018-07-23,770625.00
26204,DPE,2018-07-24,770625.00
26205,DPE,2018-07-25,772505.00
26206,DPE,2018-07-26,771095.00
26207,DPE,2018-07-27,772035.00
26208,DPE,2018-07-30,771565.00
26209,DPE,2018-07-31,772975.00
26210,DPE,2018-08-01,775795.00
26211,DPE,2018-08-02,775325.00
26212,DPE,2018-08-03,778145.00
26213,DPE,2018-08-06,779555.00
26214,DPE,2018-08-07,780965.00
26215,DPE,2018-08-08,782375.00
26216,DPE,2018-08-13,783710.00
26217,DPE,2018-08-14,783710.00
26218,DPE,2018-08-15,783265.00
26219,DPE,2018-08-16,783265.00
26220,DPE,2018-08-17,785490.00
26221,DPE,2018-08-20,785490.00
26222,DPE,2018-08-21,782375.00
26223,DPE,2018-08-22,782375.00
26224,DPE,2018-08-23,782820.00
26225,DPE,2018-08-24,781040.00
26226,DPE,2018-08-27,781930.00
26227,DPE,2018-08-28,781485.00
26228,DPE,2018-08-29,782375.00
26229,DPE,2018-08-30,782375.00
26230,DPE,2018-08-31,780595.00
26231,DPE,2018-09-04,781930.00
26232,DPE,2018-09-05,783285.00
26233,DPE,2018-09-06,784175.00
26234,DPE,2018-09-07,785510.00
26235,DPE,2018-09-10,785550.00
26236,DPE,2018-09-11,786965.00
26237,DPE,2018-09-12,789715.00
26238,DPE,2018-09-13,793760.00
26239,DPE,2018-09-14,792910.00
26240,DPE,2018-09-17,793375.00
26241,DPE,2018-09-18,795235.00
26242,DPE,2018-09-19,797095.00
26243,DPE,2018-09-20,795700.00
26244,DPE,2018-09-21,802210.00
26245,DPE,2018-09-24,800350.00
26246,DPE,2018-09-25,800815.00
26247,DPE,2018-09-26,800350.00
26248,DPE,2018-09-27,801745.00
26249,DPE,2018-09-28,802675.00
26250,DPE,2018-10-01,792445.00
26251,DPE,2018-10-09,792935.00
26252,DPE,2018-10-10,784115.00
26253,DPE,2018-11-06,785165.00
26254,DPE,2018-11-07,790415.00
26255,DPE,2018-11-08,789365.00
26256,DPE,2018-11-09,787790.00
26257,DPE,2018-11-12,785690.00
26258,DPE,2018-11-13,785165.00
26259,DPE,2018-11-14,784115.00
26260,DPE,2018-12-06,783065.00
26261,DPE,2018-12-07,776240.00
26262,DPE,2018-12-10,776765.00
26263,DPE,2018-12-11,776765.00
26264,DPE,2018-12-12,783065.00
26265,DPE,2018-12-13,779915.00
26266,DPE,2019-01-04,786455.00
26267,DPE,2019-01-07,789180.00
26268,DPE,2019-01-08,790815.00
26269,DPE,2019-01-09,791360.00
26270,DPE,2019-01-10,789725.00
26271,DPE,2019-01-11,792450.00
26272,DPE,2019-01-14,791905.00
26273,DPE,2019-01-15,792995.00
26274,DPE,2019-01-16,791905.00
26275,DPE,2019-01-17,792450.00
26276,DPE,2019-01-18,792450.00
26277,DPE,2019-01-22,792450.00
26278,DPE,2019-01-23,791905.00
26279,DPE,2019-01-24,790815.00
26280,DPE,2019-01-25,791360.00
26281,DPE,2019-01-28,791905.00
26282,DPE,2019-01-29,791360.00
26283,DPE,2019-01-30,792995.00
26284,DPE,2019-03-05,792530.00
26285,DPE,2019-03-06,788345.00
26286,DPE,2019-03-07,786020.00
26287,DPE,2019-04-09,785545.00
26288,DPE,2019-04-10,785545.00
26289,DPE,2019-04-11,786020.00
26290,DPE,2019-04-12,786970.00
26291,DPE,2019-04-15,787445.00
26292,DPE,2019-04-16,788870.00
26293,DPE,2019-04-17,787445.00
26294,DPE,2019-04-18,789345.00
26295,DPE,2019-04-22,788870.00
26296,DPE,2019-04-23,791245.00
26297,DPE,2019-04-24,792195.00
26298,DPE,2019-04-25,791720.00
26299,DPE,2019-04-26,792195.00
26300,DPE,2019-04-29,792670.00
26301,DPE,2019-04-30,792195.00
26302,DPE,2019-05-01,794095.00
26303,DPE,2019-05-02,792195.00
26304,DPE,2019-05-03,791245.00
26305,DPE,2019-05-06,788870.00
26306,DPE,2019-05-07,785070.00
26307,DPE,2019-05-08,786615.00
26308,DPE,2019-05-09,785150.00
26309,DPE,2019-05-10,792950.00
26310,DPE,2019-05-13,778180.00
26311,DPE,2019-06-06,779190.00
26312,DPE,2019-06-07,780705.00
26313,DPE,2019-06-10,779695.00
26314,DPE,2019-06-11,780705.00
26315,DPE,2019-06-12,780200.00
26316,DPE,2019-06-13,781210.00
26317,DPE,2019-06-14,781210.00
26318,DPE,2019-06-17,782725.00
26319,DPE,2019-06-18,783230.00
26320,DPE,2019-06-19,784240.00
26321,DPE,2019-06-20,785250.00
26322,DPE,2019-06-21,785250.00
26323,DPE,2019-06-24,786260.00
26324,DPE,2019-06-25,785755.00
26325,DPE,2019-06-26,785250.00
26326,DPE,2019-06-27,785755.00
26327,DPE,2019-06-28,785250.00
26328,DPE,2019-07-01,786765.00
26329,DPE,2019-07-02,787775.00
26330,DPE,2019-07-03,786260.00
26331,DPE,2019-07-05,786765.00
26332,DPE,2019-07-08,788785.00
26333,DPE,2019-07-09,788305.00
26334,DPE,2019-07-10,790225.00
26335,DPE,2019-07-11,791665.00
26336,DPE,2019-07-12,791665.00
26337,DPE,2019-07-15,791665.00
26338,DPE,2019-07-16,792625.00
26339,DPE,2019-07-17,793105.00
26340,DPE,2019-07-18,792625.00
26341,DPE,2019-07-19,794545.00
26342,DPE,2019-07-22,794545.00
26343,DPE,2019-07-23,794545.00
26344,DPE,2019-07-24,794545.00
26345,DPE,2019-07-25,797425.00
26346,DPE,2019-07-26,796465.00
26347,DPE,2019-07-29,796465.00
26348,DPE,2019-07-30,794065.00
26349,DPE,2019-07-31,791185.00
26350,DPE,2019-08-01,790225.00
26351,DPE,2019-08-02,786385.00
26352,DPE,2019-08-05,777745.00
26353,DPE,2019-08-06,776170.00
26354,DPE,2019-08-07,779845.00
26355,DPE,2019-08-08,781945.00
26356,DPE,2019-08-09,780370.00
26357,DPE,2019-08-12,780895.00
26358,DPE,2019-08-13,780895.00
26359,DPE,2019-08-14,778795.00
26360,DPE,2019-08-15,775645.00
26361,DPE,2019-08-16,780895.00
26362,DPE,2019-08-19,787195.00
26363,DPE,2019-08-20,782995.00
26364,DPE,2019-08-21,784045.00
26365,DPE,2019-08-22,786145.00
26366,DPE,2019-08-23,778795.00
26367,DPE,2019-08-26,779845.00
26368,DPE,2019-08-27,778270.00
26369,DPE,2019-08-28,780895.00
26370,DPE,2019-08-29,785095.00
26371,DPE,2019-08-30,783520.00
26372,DPE,2019-09-03,788245.00
26373,DPE,2019-09-04,788235.00
26374,DPE,2019-09-05,796595.00
26375,DPE,2019-09-06,799210.00
26376,DPE,2019-09-09,796595.00
26377,DPE,2019-09-10,797115.00
26378,DPE,2019-09-11,796595.00
26379,DPE,2019-09-12,798675.00
26380,DPE,2019-09-13,797635.00
26381,DPE,2019-09-16,797635.00
26382,DPE,2019-09-17,797635.00
26383,DPE,2019-09-18,799715.00
26384,DPE,2019-09-19,798155.00
26385,DPE,2019-09-20,799715.00
26386,DPE,2019-09-23,799715.00
26387,DPE,2019-09-24,797635.00
26388,DPE,2019-09-25,798675.00
26389,DPE,2019-09-26,799715.00
26390,DPE,2019-09-27,797635.00
26391,DPE,2019-09-30,799715.00
26392,DPE,2019-10-01,799195.00
26393,DPE,2019-10-02,797635.00
26394,DPE,2019-10-03,799715.00
26395,DPE,2019-10-04,799715.00
26396,DPE,2019-10-07,800755.00
26397,DPE,2019-10-08,792545.00
26398,DPE,2019-10-09,789535.00
26399,DPE,2019-10-10,796675.00
26400,DPE,2019-10-11,796685.00
26401,DPE,2019-10-14,802805.00
26402,DPE,2019-10-15,805865.00
26403,DPE,2019-10-16,806885.00
26404,DPE,2019-10-17,807395.00
26405,DPE,2019-10-18,806885.00
26406,DPE,2019-10-21,807905.00
26407,DPE,2019-10-22,808415.00
26408,DPE,2019-10-23,809945.00
26409,DPE,2019-10-24,809435.00
26410,DPE,2019-10-25,810455.00
26411,DPE,2019-10-28,809435.00
26412,DPE,2019-10-29,807905.00
26413,DPE,2019-10-30,808925.00
26414,DPE,2019-10-31,810455.00
26415,DPE,2019-11-01,809435.00
26416,DPE,2019-11-04,808415.00
26417,DPE,2019-11-05,808415.00
26418,DPE,2019-11-06,809945.00
26419,DPE,2019-11-07,808455.00
26420,DPE,2019-11-08,809395.00
26421,DPE,2019-11-11,810335.00
26422,DPE,2019-11-12,810805.00
26423,DPE,2019-11-13,810335.00
26424,DPE,2019-11-14,809865.00
26425,DPE,2019-11-15,812215.00
26426,DPE,2019-11-18,811745.00
26427,DPE,2019-11-19,813155.00
26428,DPE,2019-11-20,812215.00
26429,DPE,2019-11-21,813155.00
26430,DPE,2019-11-22,813155.00
26431,DPE,2019-11-25,812215.00
26432,DPE,2019-11-26,813625.00
26433,DPE,2019-11-27,812215.00
26434,DPE,2019-11-29,812685.00
26435,DPE,2019-12-02,812685.00
26436,DPE,2019-12-03,810335.00
26437,DPE,2019-12-04,810805.00
26438,DPE,2019-12-05,811275.00
26439,DPE,2019-12-06,811275.00
26440,DPE,2019-12-09,811745.00
26441,DPE,2019-12-10,811255.00
26442,DPE,2019-12-11,811255.00
26443,DPE,2019-12-12,812235.00
26444,DPE,2019-12-13,816155.00
26445,DPE,2019-12-16,817135.00
26446,DPE,2019-12-17,818115.00
26447,DPE,2019-12-18,817135.00
26448,DPE,2019-12-19,817135.00
26449,DPE,2019-12-20,817625.00
26450,DPE,2019-12-23,815665.00
26451,DPE,2019-12-24,815665.00
26452,DPE,2019-12-26,815175.00
26453,DPE,2019-12-27,816155.00
26454,DPE,2019-12-30,815665.00
26455,DPE,2019-12-31,815665.00
26456,DPE,2020-01-02,820075.00
26457,DPE,2020-01-03,817625.00
26458,DPE,2020-01-06,818115.00
26459,DPE,2020-01-07,820075.00
26460,DPE,2020-01-08,819095.00
26461,DPE,2020-01-09,821515.00
26462,DPE,2020-01-10,825405.00
26463,DPE,2020-01-13,825375.00
26464,DPE,2020-01-14,827275.00
26465,DPE,2020-01-15,826325.00
26466,DPE,2020-01-16,825375.00
26467,DPE,2020-01-17,824900.00
26468,DPE,2020-01-21,827275.00
26469,DPE,2020-01-22,826325.00
26470,DPE,2020-01-23,826800.00
26471,DPE,2020-01-24,825850.00
26472,DPE,2020-01-27,823475.00
26473,DPE,2020-01-28,825375.00
26474,DPE,2020-01-29,826325.00
26475,DPE,2020-01-30,827275.00
26476,DPE,2020-01-31,817300.00
26477,DPE,2020-02-07,815400.00
26478,DPE,2020-02-10,815875.00
26479,DPE,2020-02-11,815875.00
26480,DPE,2020-02-12,820625.00
26481,DPE,2020-02-13,819675.00
26482,DPE,2020-02-14,820625.00
26483,DPE,2020-02-18,819675.00
26484,DPE,2020-02-19,821100.00
26485,DPE,2020-02-20,820625.00
26486,DPE,2020-02-21,818725.00
26487,DPE,2020-02-24,813025.00
26488,DPE,2020-03-04,814720.00
26489,DPE,2020-03-05,813025.00
26490,DPE,2020-03-06,801160.00
26491,DPE,2020-04-14,801160.00
26492,DPE,2020-04-15,793295.00
26493,DPE,2020-04-16,790875.00
26494,DPE,2020-04-17,798135.00
26495,DPE,2020-04-20,793295.00
26496,DPE,2020-04-21,796320.00
26497,DPE,2020-04-22,802370.00
26498,DPE,2020-04-23,800555.00
26499,DPE,2020-04-24,805395.00
26500,DPE,2020-04-27,812050.00
26501,DPE,2020-04-28,812655.00
26502,DPE,2020-04-29,818100.00
26503,DPE,2020-04-30,813260.00
26504,DPE,2020-05-01,805395.00
26505,DPE,2020-05-04,809025.00
26506,DPE,2020-05-05,809630.00
26507,DPE,2020-05-06,807815.00
26508,DPE,2020-05-07,812110.00
26509,DPE,2020-05-08,819470.00
26510,DPE,2020-05-11,823745.00
26511,DPE,2020-05-12,821870.00
26512,DPE,2020-05-13,813745.00
26513,DPE,2020-06-10,809510.00
26514,DPE,2020-07-08,810720.00
26515,DPE,2020-07-09,808905.00
26516,DPE,2020-07-10,810115.00
26517,DPE,2020-07-13,809510.00
26518,DPE,2020-07-14,811325.00
26519,DPE,2020-07-15,816770.00
26520,DPE,2020-07-16,815560.00
26521,DPE,2020-07-17,816770.00
26522,DPE,2020-07-20,818585.00
26523,DPE,2020-07-21,820400.00
26524,DPE,2020-07-22,822215.00
26525,DPE,2020-07-23,821610.00
26526,DPE,2020-07-24,821005.00
26527,DPE,2020-07-27,822820.00
26528,DPE,2020-07-28,822820.00
26529,DPE,2020-07-29,825240.00
26530,DPE,2020-07-30,825240.00
26531,DPE,2020-07-31,821610.00
26532,DPE,2020-08-03,825240.00
26533,DPE,2020-08-04,828265.00
26534,DPE,2020-08-05,830080.00
26535,DPE,2020-08-06,830080.00
26536,DPE,2020-08-07,830080.00
26537,DPE,2020-08-10,829475.00
26538,DPE,2020-08-12,830035.00
26539,DPE,2020-08-13,829475.00
26540,DPE,2020-08-14,830595.00
26541,DPE,2020-08-17,833389.40
26542,DPE,2020-08-18,832275.00
26543,DPE,2020-08-19,832275.00
26544,DPE,2020-08-20,830595.00
26545,DPE,2020-08-21,830595.00
26546,DPE,2020-08-24,832275.00
26547,DPE,2020-08-25,834515.00
26548,DPE,2020-08-26,832275.00
26549,DPE,2020-08-27,832835.00
26550,DPE,2020-08-28,834515.00
26551,DPE,2020-08-31,835075.00
26552,DPE,2020-09-01,835069.40
26553,DPE,2020-09-02,835075.00
26554,DPE,2020-09-03,822755.00
26555,DPE,2020-09-04,823875.00
26556,DPE,2020-09-09,826900.00
26557,DPE,2020-09-10,826900.00
26558,DPE,2020-09-11,822060.00
26559,DPE,2020-09-14,828715.00
26560,DPE,2020-09-15,829320.00
26561,DPE,2020-09-16,831740.00
26562,DPE,2020-09-17,831740.00
26563,DPE,2020-09-18,830530.00
26564,DPE,2020-09-21,821455.00
26565,DPE,2020-09-22,821455.00
26566,DPE,2020-09-23,817220.00
26567,DPE,2020-10-14,817220.00
26568,DPE,2020-10-15,818960.00
26569,DPE,2020-10-16,818960.00
26570,DPE,2020-10-19,815480.00
26571,DPE,2020-10-20,816640.00
26572,DPE,2020-10-21,816640.00
26573,DPE,2020-10-22,816060.00
26574,DPE,2020-10-23,820120.00
26575,DPE,2020-10-26,809680.00
26576,DPE,2020-10-27,812000.00
26577,DPE,2020-11-05,818545.00
26578,DPE,2020-11-06,819735.00
26579,DPE,2020-11-09,826875.00
26580,DPE,2020-11-10,823305.00
26581,DPE,2020-11-11,825090.00
26582,DPE,2020-11-12,822710.00
26583,DPE,2020-11-13,826280.00
26584,DPE,2020-11-16,826875.00
26585,DPE,2020-11-17,826875.00
26586,DPE,2020-11-18,826875.00
26587,DPE,2020-11-19,826875.00
26588,DPE,2020-11-20,825685.00
26589,DPE,2020-11-23,829255.00
26590,DPE,2020-11-24,828660.00
26591,DPE,2020-11-25,829850.00
26592,DPE,2020-11-27,835800.00
26593,DPE,2020-12-08,837570.00
26594,DPE,2020-12-09,838750.00
26595,DPE,2020-12-10,838750.00
26596,DPE,2020-12-11,838160.00
26597,DPE,2020-12-14,838750.00
26598,DPE,2020-12-15,841110.00
26599,DPE,2020-12-16,841110.00
26600,DPE,2020-12-17,842880.00
26601,DPE,2020-12-18,841700.00
26602,DPE,2020-12-21,843470.00
26603,DPE,2020-12-22,842290.00
26604,DPE,2020-12-23,845240.00
26605,DPE,2020-12-24,844060.00
26606,DPE,2020-12-28,846420.00
26607,DPE,2020-12-29,841700.00
26608,DPE,2020-12-30,843470.00
26609,DPE,2020-12-31,844644.10
26610,DPE,2021-01-04,841110.00
26611,DPE,2021-01-05,851955.00
26612,DPE,2021-01-06,855620.00
26613,DPE,2021-01-07,864080.00
26614,DPE,2021-01-08,859900.00
26615,DPE,2021-01-11,859235.00
26616,DPE,2021-01-12,860465.00
26617,DPE,2021-01-13,861695.00
26618,DPE,2021-01-14,864155.00
26619,DPE,2021-01-15,861695.00
26620,DPE,2021-01-19,863540.00
26621,DPE,2021-01-20,864155.00
26622,DPE,2021-01-21,862925.00
26623,DPE,2021-01-22,864155.00
26624,DPE,2021-01-25,861695.00
26625,DPE,2021-01-26,862925.00
26626,DPE,2021-01-27,859850.00
26627,DPE,2021-01-28,860465.00
26628,DPE,2021-01-29,859235.00
26629,RUT,2006-11-01,100000.00
26630,RUT,2006-11-02,99825.77
26631,RUT,2006-11-03,100081.13
26632,RUT,2006-11-06,101718.36
26633,RUT,2006-11-07,101873.97
26634,RUT,2006-11-08,102207.80
26635,RUT,2006-11-09,101260.84
26636,RUT,2006-11-10,102151.94
26637,RUT,2006-11-13,102642.71
26638,RUT,2006-11-14,104216.10
26639,RUT,2006-11-15,105250.84
26640,RUT,2006-11-16,105209.61
26641,RUT,2006-11-17,104778.69
26642,RUT,2006-11-20,105051.34
26643,RUT,2006-11-21,105292.07
26644,RUT,2006-11-22,105431.72
26645,RUT,2006-11-24,105373.20
26646,RUT,2006-11-27,102803.64
26647,RUT,2006-11-28,102980.53
26648,RUT,2006-11-29,104270.63
26649,RUT,2006-11-30,104877.11
26650,RUT,2006-12-01,103637.55
26651,RUT,2006-12-04,105852.00
26652,RUT,2006-12-05,106020.91
26653,RUT,2006-12-06,105887.91
26654,RUT,2006-12-07,105491.57
26655,RUT,2006-12-08,105479.60
26656,RUT,2006-12-11,105429.06
26657,RUT,2006-12-12,104842.53
26658,RUT,2006-12-13,104871.79
26659,RUT,2006-12-14,105921.16
26660,RUT,2006-12-15,105397.14
26661,RUT,2006-12-18,103926.16
26662,RUT,2006-12-19,103964.73
26663,RUT,2006-12-20,104462.15
26664,RUT,2006-12-21,104120.34
26665,RUT,2006-12-22,103978.03
26666,RUT,2006-12-26,104837.21
26667,RUT,2006-12-27,105910.52
26668,RUT,2006-12-28,105898.55
26669,RUT,2006-12-29,104998.14
26670,RUT,2007-01-03,104466.14
26671,RUT,2007-01-04,105244.19
26672,RUT,2007-01-05,103277.12
26673,RUT,2007-01-08,103481.94
26674,RUT,2007-01-09,103537.80
26675,RUT,2007-01-10,103658.83
26676,RUT,2007-01-11,104909.03
26677,RUT,2007-01-12,105583.34
26678,RUT,2007-01-16,105108.53
26679,RUT,2007-01-17,104951.59
26680,RUT,2007-01-18,103664.15
26681,RUT,2007-01-19,104400.97
26682,RUT,2007-01-22,103563.07
26683,RUT,2007-01-23,104347.77
26684,RUT,2007-01-24,105516.84
26685,RUT,2007-01-25,104121.67
26686,RUT,2007-01-26,104757.41
26687,RUT,2007-01-29,105322.66
26688,RUT,2007-01-30,106058.15
26689,RUT,2007-01-31,106665.96
26690,RUT,2007-02-01,107414.75
26691,RUT,2007-02-02,107668.78
26692,RUT,2007-02-05,107241.85
26693,RUT,2007-02-06,107620.90
26694,RUT,2007-02-07,108393.63
26695,RUT,2007-02-08,108468.11
26696,RUT,2007-02-09,107277.76
26697,RUT,2007-02-12,107058.31
26698,RUT,2007-02-13,107897.54
26699,RUT,2007-02-14,108260.63
26700,RUT,2007-02-15,108601.11
26701,RUT,2007-02-16,108775.34
26702,RUT,2007-02-20,109868.60
26703,RUT,2007-02-21,109948.40
26704,RUT,2007-02-22,110082.73
26705,RUT,2007-02-23,110028.20
26706,RUT,2007-02-26,109454.97
26707,RUT,2007-02-27,105721.66
26708,RUT,2007-02-28,105753.58
26709,RUT,2007-03-01,105309.36
26710,RUT,2007-03-02,103515.19
26711,RUT,2007-03-05,101508.22
26712,RUT,2007-03-06,103618.93
26713,RUT,2007-03-07,103419.43
26714,RUT,2007-03-08,104017.93
26715,RUT,2007-03-09,104197.48
26716,RUT,2007-03-12,104773.37
26717,RUT,2007-03-13,102459.17
26718,RUT,2007-03-14,102871.47
26719,RUT,2007-03-15,103988.67
26720,RUT,2007-03-16,103515.19
26721,RUT,2007-03-19,104568.55
26722,RUT,2007-03-20,105353.25
26723,RUT,2007-03-21,107151.41
26724,RUT,2007-03-22,107352.24
26725,RUT,2007-03-23,107715.33
26726,RUT,2007-03-26,107463.96
26727,RUT,2007-03-27,106693.89
26728,RUT,2007-03-28,106036.87
26729,RUT,2007-03-29,106197.80
26730,RUT,2007-03-30,106153.91
26731,RUT,2007-04-02,106727.14
26732,RUT,2007-04-03,108003.94
26733,RUT,2007-04-04,107829.71
26734,RUT,2007-04-05,108136.94
26735,RUT,2007-04-09,108107.68
26736,RUT,2007-04-10,108371.02
26737,RUT,2007-04-11,107413.42
26738,RUT,2007-04-12,108276.59
26739,RUT,2007-04-13,108754.06
26740,RUT,2007-04-16,110495.03
26741,RUT,2007-04-17,110194.45
26742,RUT,2007-04-18,109932.44
26743,RUT,2007-04-19,108893.71
26744,RUT,2007-04-20,110122.63
26745,RUT,2007-04-23,110086.72
26746,RUT,2007-04-24,109775.50
26747,RUT,2007-04-25,110751.72
26748,RUT,2007-04-26,110876.74
26749,RUT,2007-04-27,110254.30
26750,RUT,2007-04-30,108438.85
26751,RUT,2007-05-01,108453.48
26752,RUT,2007-05-02,110102.68
26753,RUT,2007-05-03,110222.38
26754,RUT,2007-05-04,110423.21
26755,RUT,2007-05-07,110621.38
26756,RUT,2007-05-08,110326.12
26757,RUT,2007-05-09,111049.64
26758,RUT,2007-05-10,109117.15
26759,RUT,2007-05-11,110250.31
26760,RUT,2007-05-14,109321.97
26761,RUT,2007-05-15,108474.76
26762,RUT,2007-05-16,108843.17
26763,RUT,2007-05-17,108583.82
26764,RUT,2007-05-18,109565.36
26765,RUT,2007-05-21,110834.18
26766,RUT,2007-05-22,111811.73
26767,RUT,2007-05-23,111578.98
26768,RUT,2007-05-24,109324.63
26769,RUT,2007-05-25,110319.47
26770,RUT,2007-05-29,111261.11
26771,RUT,2007-05-30,112068.42
26772,RUT,2007-05-31,112490.03
26773,RUT,2007-06-01,113394.43
26774,RUT,2007-06-04,113691.02
26775,RUT,2007-06-05,112801.25
26776,RUT,2007-06-06,111976.65
26777,RUT,2007-06-07,110110.66
26778,RUT,2007-06-08,111182.64
26779,RUT,2007-06-11,110767.68
26780,RUT,2007-06-12,109135.77
26781,RUT,2007-06-13,110786.30
26782,RUT,2007-06-14,111383.47
26783,RUT,2007-06-15,112720.12
26784,RUT,2007-06-18,112708.15
26785,RUT,2007-06-19,112944.89
26786,RUT,2007-06-20,111372.83
26787,RUT,2007-06-21,111696.02
26788,RUT,2007-06-22,110647.98
26789,RUT,2007-06-25,109915.15
26790,RUT,2007-06-26,109845.99
26791,RUT,2007-06-27,111391.45
26792,RUT,2007-06-28,111638.83
26793,RUT,2007-06-29,111044.32
26794,RUT,2007-07-02,112306.49
26795,RUT,2007-07-03,112810.56
26796,RUT,2007-07-05,112881.05
26797,RUT,2007-07-06,113398.42
26798,RUT,2007-07-09,113510.14
26799,RUT,2007-07-10,111412.73
26800,RUT,2007-07-11,111564.35
26801,RUT,2007-07-12,113603.24
26802,RUT,2007-07-13,113911.80
26803,RUT,2007-07-16,112645.64
26804,RUT,2007-07-17,113180.30
26805,RUT,2007-07-18,111973.99
26806,RUT,2007-07-19,113359.85
26807,RUT,2007-07-20,111355.54
26808,RUT,2007-07-23,111283.72
26809,RUT,2007-07-24,107708.68
26810,RUT,2007-07-25,108054.48
26811,RUT,2007-07-26,105024.74
26812,RUT,2007-07-27,104245.36
26813,RUT,2007-07-30,104428.90
26814,RUT,2007-07-31,103605.63
26815,RUT,2007-08-01,102727.83
26816,RUT,2007-08-02,103939.46
26817,RUT,2007-08-03,100849.87
26818,RUT,2007-08-06,101596.00
26819,RUT,2007-08-07,103313.03
26820,RUT,2007-08-08,104705.54
26821,RUT,2007-08-09,104595.15
26822,RUT,2007-08-10,104741.45
26823,RUT,2007-08-13,104192.16
26824,RUT,2007-08-14,101907.22
26825,RUT,2007-08-15,100465.50
26826,RUT,2007-08-16,101170.40
26827,RUT,2007-08-17,104660.32
26828,RUT,2007-08-20,104704.21
26829,RUT,2007-08-21,104921.00
26830,RUT,2007-08-22,106277.60
26831,RUT,2007-08-23,104882.43
26832,RUT,2007-08-24,106010.27
26833,RUT,2007-08-27,105451.67
26834,RUT,2007-08-28,102397.99
26835,RUT,2007-08-29,104454.17
26836,RUT,2007-08-30,104008.62
26837,RUT,2007-08-31,105820.08
26838,RUT,2007-09-04,106632.71
26839,RUT,2007-09-05,105205.62
26840,RUT,2007-09-06,105309.36
26841,RUT,2007-09-07,103065.65
26842,RUT,2007-09-10,102832.90
26843,RUT,2007-09-11,103594.99
26844,RUT,2007-09-12,103555.09
26845,RUT,2007-09-13,103923.50
26846,RUT,2007-09-14,104021.92
26847,RUT,2007-09-17,103265.15
26848,RUT,2007-09-18,107026.39
26849,RUT,2007-09-19,108801.94
26850,RUT,2007-09-20,107815.08
26851,RUT,2007-09-21,108238.02
26852,RUT,2007-09-24,107112.84
26853,RUT,2007-09-25,106715.17
26854,RUT,2007-09-26,107481.25
26855,RUT,2007-09-27,108131.62
26856,RUT,2007-09-28,107026.39
26857,RUT,2007-10-01,109264.78
26858,RUT,2007-10-02,110588.13
26859,RUT,2007-10-03,109669.10
26860,RUT,2007-10-04,110214.40
26861,RUT,2007-10-05,112273.24
26862,RUT,2007-10-08,111682.72
26863,RUT,2007-10-09,112335.75
26864,RUT,2007-10-10,112249.30
26865,RUT,2007-10-11,111053.63
26866,RUT,2007-10-12,111723.95
26867,RUT,2007-10-15,110058.79
26868,RUT,2007-10-16,109706.34
26869,RUT,2007-10-17,109244.83
26870,RUT,2007-10-18,109618.56
26871,RUT,2007-10-19,106659.31
26872,RUT,2007-10-22,107451.99
26873,RUT,2007-10-23,108633.03
26874,RUT,2007-10-24,107624.89
26875,RUT,2007-10-25,107385.49
26876,RUT,2007-10-26,109078.58
26877,RUT,2007-10-29,109020.06
26878,RUT,2007-10-30,108453.48
26879,RUT,2007-10-31,109731.61
26880,RUT,2007-11-01,106121.99
26881,RUT,2007-11-02,105913.18
26882,RUT,2007-11-05,105265.47
26883,RUT,2007-11-06,106187.16
26884,RUT,2007-11-07,103903.55
26885,RUT,2007-11-08,103785.18
26886,RUT,2007-11-09,102867.48
26887,RUT,2007-11-12,102437.89
26888,RUT,2007-11-13,104924.99
26889,RUT,2007-11-14,103908.87
26890,RUT,2007-11-15,102197.16
26891,RUT,2007-11-16,101859.34
26892,RUT,2007-11-19,99797.84
26893,RUT,2007-11-20,99624.94
26894,RUT,2007-11-21,98651.38
26895,RUT,2007-11-23,100418.95
26896,RUT,2007-11-26,98138.00
26897,RUT,2007-11-27,98712.56
26898,RUT,2007-11-28,102080.12
26899,RUT,2007-11-29,101847.37
26900,RUT,2007-11-30,102214.45
26901,RUT,2007-12-03,101570.73
26902,RUT,2007-12-04,100231.42
26903,RUT,2007-12-05,101602.65
26904,RUT,2007-12-06,104381.02
26905,RUT,2007-12-07,104225.41
26906,RUT,2007-12-10,105043.36
26907,RUT,2007-12-11,102433.90
26908,RUT,2007-12-12,101643.88
26909,RUT,2007-12-13,102130.66
26910,RUT,2007-12-14,100698.25
26911,RUT,2007-12-17,98987.87
26912,RUT,2007-12-18,100293.93
26913,RUT,2007-12-19,100750.12
26914,RUT,2007-12-20,101385.86
26915,RUT,2007-12-21,104103.05
26916,RUT,2007-12-24,105653.83
26917,RUT,2007-12-26,105882.59
26918,RUT,2007-12-27,103177.37
26919,RUT,2007-12-28,102699.90
26920,RUT,2007-12-31,102225.09
26921,RUT,2008-01-02,100356.44
26922,RUT,2008-01-03,99219.29
26923,RUT,2008-01-04,96329.20
26924,RUT,2008-01-07,95762.62
26925,RUT,2008-01-08,94669.36
26926,RUT,2008-01-09,94396.71
26927,RUT,2008-01-10,95959.46
26928,RUT,2008-01-11,94020.32
26929,RUT,2008-01-14,94968.61
26930,RUT,2008-01-15,93133.21
26931,RUT,2008-01-16,93351.33
26932,RUT,2008-01-17,90759.16
26933,RUT,2008-01-18,89507.63
26934,RUT,2008-01-22,89804.22
26935,RUT,2008-01-23,92016.01
26936,RUT,2008-01-24,92485.50
26937,RUT,2008-01-25,91831.14
26938,RUT,2008-01-28,93324.73
26939,RUT,2008-01-29,93653.24
26940,RUT,2008-01-30,93465.71
26941,RUT,2008-01-31,95283.82
26942,RUT,2008-02-01,97254.88
26943,RUT,2008-02-04,96345.16
26944,RUT,2008-02-05,93698.46
26945,RUT,2008-02-06,92278.02
26946,RUT,2008-02-07,92977.60
26947,RUT,2008-02-08,93138.53
26948,RUT,2008-02-11,92911.10
26949,RUT,2008-02-12,93561.47
26950,RUT,2008-02-13,95935.52
26951,RUT,2008-02-14,94088.15
26952,RUT,2008-02-15,93224.98
26953,RUT,2008-02-19,93561.47
26954,RUT,2008-02-20,94133.37
26955,RUT,2008-02-21,92654.41
26956,RUT,2008-02-22,92029.31
26957,RUT,2008-02-25,94499.12
26958,RUT,2008-02-26,95418.15
26959,RUT,2008-02-27,95301.11
26960,RUT,2008-02-28,94101.45
26961,RUT,2008-02-29,91207.37
26962,RUT,2008-03-03,90700.64
26963,RUT,2008-03-04,90846.94
26964,RUT,2008-03-05,90788.42
26965,RUT,2008-03-06,88748.20
26966,RUT,2008-03-07,88019.36
26967,RUT,2008-03-10,85818.21
26968,RUT,2008-03-11,89003.56
26969,RUT,2008-03-12,89087.35
26970,RUT,2008-03-13,90396.07
26971,RUT,2008-03-14,88135.07
26972,RUT,2008-03-17,87496.67
26973,RUT,2008-03-18,90592.91
26974,RUT,2008-03-19,89144.54
26975,RUT,2008-03-20,90360.16
26976,RUT,2008-03-24,93057.40
26977,RUT,2008-03-25,93651.91
26978,RUT,2008-03-26,93209.02
26979,RUT,2008-03-27,92280.68
26980,RUT,2008-03-28,90924.08
26981,RUT,2008-03-31,91793.90
26982,RUT,2008-04-01,94187.90
26983,RUT,2008-04-02,94577.59
26984,RUT,2008-04-03,94761.13
26985,RUT,2008-04-04,94813.00
26986,RUT,2008-04-07,94793.05
26987,RUT,2008-04-08,94785.07
26988,RUT,2008-04-09,93098.63
26989,RUT,2008-04-10,93741.02
26990,RUT,2008-04-11,91360.32
26991,RUT,2008-04-14,91331.06
26992,RUT,2008-04-15,91817.84
26993,RUT,2008-04-16,94628.13
26994,RUT,2008-04-17,94314.25
26995,RUT,2008-04-18,95674.84
26996,RUT,2008-04-21,95669.52
26997,RUT,2008-04-22,93486.99
26998,RUT,2008-04-23,93980.42
26999,RUT,2008-04-24,95082.99
27000,RUT,2008-04-25,96072.51
27001,RUT,2008-04-28,96532.69
27002,RUT,2008-04-29,95744.00
27003,RUT,2008-04-30,95212.00
27004,RUT,2008-05-01,96821.30
27005,RUT,2008-05-02,96588.55
27006,RUT,2008-05-05,96225.46
27007,RUT,2008-05-06,97100.60
27008,RUT,2008-05-07,95403.52
27009,RUT,2008-05-08,95364.95
27010,RUT,2008-05-09,95795.87
27011,RUT,2008-05-12,97379.90
27012,RUT,2008-05-13,97866.68
27013,RUT,2008-05-14,97857.37
27014,RUT,2008-05-15,98852.21
27015,RUT,2008-05-16,98562.27
27016,RUT,2008-05-19,98002.34
27017,RUT,2008-05-20,97447.73
27018,RUT,2008-05-21,96600.52
27019,RUT,2008-05-22,97143.16
27020,RUT,2008-05-23,96468.85
27021,RUT,2008-05-27,97510.24
27022,RUT,2008-05-28,97850.72
27023,RUT,2008-05-29,99091.61
27024,RUT,2008-05-30,99428.10
27025,RUT,2008-06-02,98273.66
27026,RUT,2008-06-03,98260.36
27027,RUT,2008-06-04,98655.37
27028,RUT,2008-06-05,101079.96
27029,RUT,2008-06-06,98840.24
27030,RUT,2008-06-09,97817.47
27031,RUT,2008-06-10,97394.53
27032,RUT,2008-06-11,95939.51
27033,RUT,2008-06-12,95622.97
27034,RUT,2008-06-13,96950.31
27035,RUT,2008-06-16,98369.42
27036,RUT,2008-06-17,98099.43
27037,RUT,2008-06-18,97104.59
27038,RUT,2008-06-19,97778.90
27039,RUT,2008-06-20,96182.90
27040,RUT,2008-06-23,95813.16
27041,RUT,2008-06-24,94582.91
27042,RUT,2008-06-25,94914.08
27043,RUT,2008-06-26,93162.47
27044,RUT,2008-06-27,92985.58
27045,RUT,2008-06-30,92369.79
27046,RUT,2008-07-01,91744.69
27047,RUT,2008-07-02,89519.60
27048,RUT,2008-07-03,88548.70
27049,RUT,2008-07-07,88322.60
27050,RUT,2008-07-08,90236.47
27051,RUT,2008-07-09,88494.17
27052,RUT,2008-07-10,88910.46
27053,RUT,2008-07-11,89187.10
27054,RUT,2008-07-14,88741.55
27055,RUT,2008-07-15,88284.03
27056,RUT,2008-07-16,91057.08
27057,RUT,2008-07-17,92208.86
27058,RUT,2008-07-18,92215.51
27059,RUT,2008-07-21,92799.38
27060,RUT,2008-07-22,95012.50
27061,RUT,2008-07-23,95495.29
27062,RUT,2008-07-24,93344.68
27063,RUT,2008-07-25,94163.96
27064,RUT,2008-07-28,92550.67
27065,RUT,2008-07-29,94840.93
27066,RUT,2008-07-30,95589.72
27067,RUT,2008-07-31,95190.72
27068,RUT,2008-08-01,95479.33
27069,RUT,2008-08-04,93610.68
27070,RUT,2008-08-05,95878.33
27071,RUT,2008-08-06,96564.61
27072,RUT,2008-08-07,94777.09
27073,RUT,2008-08-08,97606.00
27074,RUT,2008-08-11,99590.36
27075,RUT,2008-08-12,98928.02
27076,RUT,2008-08-13,99244.56
27077,RUT,2008-08-14,100192.85
27078,RUT,2008-08-15,100050.54
27079,RUT,2008-08-18,98297.60
27080,RUT,2008-08-19,96849.23
27081,RUT,2008-08-20,97192.37
27082,RUT,2008-08-21,96846.57
27083,RUT,2008-08-22,98144.65
27084,RUT,2008-08-25,95803.85
27085,RUT,2008-08-26,95922.22
27086,RUT,2008-08-27,97184.39
27087,RUT,2008-08-28,99333.67
27088,RUT,2008-08-29,98306.91
27089,RUT,2008-09-02,97668.51
27090,RUT,2008-09-03,98455.87
27091,RUT,2008-09-04,95974.09
27092,RUT,2008-09-05,95653.56
27093,RUT,2008-09-08,97389.21
27094,RUT,2008-09-09,94677.34
27095,RUT,2008-09-10,95362.29
27096,RUT,2008-09-11,95036.44
27097,RUT,2008-09-12,95515.24
27098,RUT,2008-09-15,92470.87
27099,RUT,2008-09-16,93776.93
27100,RUT,2008-09-17,90792.41
27101,RUT,2008-09-18,95662.87
27102,RUT,2008-09-19,99043.73
27103,RUT,2008-09-22,96080.49
27104,RUT,2008-09-23,94762.46
27105,RUT,2008-09-24,93129.22
27106,RUT,2008-09-25,94102.78
27107,RUT,2008-09-26,93353.99
27108,RUT,2008-09-29,88210.88
27109,RUT,2008-09-30,90111.45
27110,RUT,2008-10-01,89032.82
27111,RUT,2008-10-02,84967.01
27112,RUT,2008-10-03,82917.48
27113,RUT,2008-10-06,78795.81
27114,RUT,2008-10-07,75349.78
27115,RUT,2008-10-08,74501.24
27116,RUT,2008-10-09,67293.97
27117,RUT,2008-10-10,68622.64
27118,RUT,2008-10-13,74203.32
27119,RUT,2008-10-14,73905.40
27120,RUT,2008-10-15,69007.01
27121,RUT,2008-10-16,70153.47
27122,RUT,2008-10-17,71307.91
27123,RUT,2008-10-20,71785.38
27124,RUT,2008-10-21,71096.44
27125,RUT,2008-10-22,65952.00
27126,RUT,2008-10-23,64483.68
27127,RUT,2008-10-24,63395.74
27128,RUT,2008-10-27,61285.03
27129,RUT,2008-10-28,62797.24
27130,RUT,2008-10-29,66738.03
27131,RUT,2008-10-30,67434.95
27132,RUT,2008-10-31,70051.06
27133,RUT,2008-11-03,71596.52
27134,RUT,2008-11-04,72381.22
27135,RUT,2008-11-05,68955.14
27136,RUT,2008-11-06,66456.07
27137,RUT,2008-11-07,66425.48
27138,RUT,2008-11-10,65481.18
27139,RUT,2008-11-11,64417.18
27140,RUT,2008-11-12,61023.02
27141,RUT,2008-11-13,63555.34
27142,RUT,2008-11-14,62061.75
27143,RUT,2008-11-17,60709.14
27144,RUT,2008-11-18,58648.97
27145,RUT,2008-11-19,55836.02
27146,RUT,2008-11-20,51718.34
27147,RUT,2008-11-21,52483.09
27148,RUT,2008-11-24,58215.39
27149,RUT,2008-11-25,58385.63
27150,RUT,2008-11-26,61719.94
27151,RUT,2008-11-28,62927.58
27152,RUT,2008-12-01,56794.95
27153,RUT,2008-12-02,57463.94
27154,RUT,2008-12-03,59928.43
27155,RUT,2008-12-04,58220.71
27156,RUT,2008-12-05,60735.74
27157,RUT,2008-12-08,63808.04
27158,RUT,2008-12-09,62524.59
27159,RUT,2008-12-10,62809.21
27160,RUT,2008-12-11,60048.13
27161,RUT,2008-12-12,61706.64
27162,RUT,2008-12-15,60336.74
27163,RUT,2008-12-16,63671.05
27164,RUT,2008-12-17,64715.10
27165,RUT,2008-12-18,63310.62
27166,RUT,2008-12-19,64340.04
27167,RUT,2008-12-22,61972.64
27168,RUT,2008-12-23,62275.88
27169,RUT,2008-12-24,62575.13
27170,RUT,2008-12-26,63248.11
27171,RUT,2008-12-29,61975.30
27172,RUT,2008-12-30,63579.28
27173,RUT,2008-12-31,66703.45
27174,RUT,2009-01-02,67472.19
27175,RUT,2009-01-05,66897.63
27176,RUT,2009-01-06,68395.21
27177,RUT,2009-01-07,65926.73
27178,RUT,2009-01-08,66402.87
27179,RUT,2009-01-09,64427.82
27180,RUT,2009-01-12,62278.54
27181,RUT,2009-01-13,63003.39
27182,RUT,2009-01-14,60380.63
27183,RUT,2009-01-15,60506.98
27184,RUT,2009-01-16,61650.78
27185,RUT,2009-01-20,58348.39
27186,RUT,2009-01-21,60034.83
27187,RUT,2009-01-22,59393.77
27188,RUT,2009-01-23,58934.92
27189,RUT,2009-01-26,59716.96
27190,RUT,2009-01-27,60584.12
27191,RUT,2009-01-28,62548.53
27192,RUT,2009-01-29,60433.83
27193,RUT,2009-01-30,59024.03
27194,RUT,2009-02-02,59831.34
27195,RUT,2009-02-03,60194.43
27196,RUT,2009-02-04,59970.99
27197,RUT,2009-02-05,60642.64
27198,RUT,2009-02-06,62452.77
27199,RUT,2009-02-09,62186.77
27200,RUT,2009-02-10,59436.33
27201,RUT,2009-02-11,59302.00
27202,RUT,2009-02-12,59812.72
27203,RUT,2009-02-13,59868.58
27204,RUT,2009-02-17,57604.92
27205,RUT,2009-02-18,56442.50
27206,RUT,2009-02-19,55601.94
27207,RUT,2009-02-20,54525.97
27208,RUT,2009-02-23,52859.48
27209,RUT,2009-02-24,54738.77
27210,RUT,2009-02-25,54101.70
27211,RUT,2009-02-26,52593.48
27212,RUT,2009-02-27,52060.15
27213,RUT,2009-03-02,49090.26
27214,RUT,2009-03-03,48087.44
27215,RUT,2009-03-04,49687.43
27216,RUT,2009-03-05,46532.67
27217,RUT,2009-03-06,46213.47
27218,RUT,2009-03-09,45698.76
27219,RUT,2009-03-10,48502.40
27220,RUT,2009-03-11,49257.84
27221,RUT,2009-03-12,51786.17
27222,RUT,2009-03-13,52457.82
27223,RUT,2009-03-16,51336.63
27224,RUT,2009-03-17,53028.39
27225,RUT,2009-03-18,54782.66
27226,RUT,2009-03-19,54970.19
27227,RUT,2009-03-20,53617.58
27228,RUT,2009-03-23,56885.39
27229,RUT,2009-03-24,55998.28
27230,RUT,2009-03-25,55661.79
27231,RUT,2009-03-26,58698.18
27232,RUT,2009-03-27,57534.43
27233,RUT,2009-03-30,55202.94
27234,RUT,2009-03-31,56430.53
27235,RUT,2009-04-01,56905.34
27236,RUT,2009-04-02,59808.73
27237,RUT,2009-04-03,60111.97
27238,RUT,2009-04-06,59361.85
27239,RUT,2009-04-07,58007.91
27240,RUT,2009-04-08,58355.04
27241,RUT,2009-04-09,61799.74
27242,RUT,2009-04-13,62455.43
27243,RUT,2009-04-14,60560.18
27244,RUT,2009-04-15,60824.85
27245,RUT,2009-04-16,63002.06
27246,RUT,2009-04-17,63950.35
27247,RUT,2009-04-20,60452.45
27248,RUT,2009-04-21,61864.91
27249,RUT,2009-04-22,63031.32
27250,RUT,2009-04-23,61794.42
27251,RUT,2009-04-24,64036.80
27252,RUT,2009-04-27,62677.54
27253,RUT,2009-04-28,62825.17
27254,RUT,2009-04-29,65188.58
27255,RUT,2009-04-30,65313.60
27256,RUT,2009-05-01,64737.71
27257,RUT,2009-05-04,66785.91
27258,RUT,2009-05-05,66812.51
27259,RUT,2009-05-06,66886.99
27260,RUT,2009-05-07,65386.75
27261,RUT,2009-05-08,67739.52
27262,RUT,2009-05-11,66863.05
27263,RUT,2009-05-12,65902.79
27264,RUT,2009-05-13,62963.49
27265,RUT,2009-05-14,63974.29
27266,RUT,2009-05-15,63399.73
27267,RUT,2009-05-18,65478.52
27268,RUT,2009-05-19,65864.22
27269,RUT,2009-05-20,64977.11
27270,RUT,2009-05-21,63693.66
27271,RUT,2009-05-22,64020.84
27272,RUT,2009-05-26,66186.08
27273,RUT,2009-05-27,65298.97
27274,RUT,2009-05-28,65434.63
27275,RUT,2009-05-29,66175.44
27276,RUT,2009-06-01,69282.32
27277,RUT,2009-06-02,70188.05
27278,RUT,2009-06-03,69052.23
27279,RUT,2009-06-04,70362.28
27280,RUT,2009-06-05,70529.86
27281,RUT,2009-06-08,70213.32
27282,RUT,2009-06-09,70423.46
27283,RUT,2009-06-10,69453.89
27284,RUT,2009-06-11,70278.49
27285,RUT,2009-06-12,69717.23
27286,RUT,2009-06-15,67895.13
27287,RUT,2009-06-16,67301.95
27288,RUT,2009-06-17,67532.04
27289,RUT,2009-06-18,67772.77
27290,RUT,2009-06-19,68306.10
27291,RUT,2009-06-22,65792.40
27292,RUT,2009-06-23,65312.27
27293,RUT,2009-06-24,65752.50
27294,RUT,2009-06-25,67275.35
27295,RUT,2009-06-26,68254.23
27296,RUT,2009-06-29,68056.06
27297,RUT,2009-06-30,67921.73
27298,RUT,2009-07-01,68755.64
27299,RUT,2009-07-02,66339.03
27300,RUT,2009-07-06,65479.85
27301,RUT,2009-07-07,64699.14
27302,RUT,2009-07-08,63780.11
27303,RUT,2009-07-09,63907.79
27304,RUT,2009-07-10,63782.77
27305,RUT,2009-07-13,65404.04
27306,RUT,2009-07-14,66015.84
27307,RUT,2009-07-15,68347.33
27308,RUT,2009-07-16,69545.66
27309,RUT,2009-07-17,68987.06
27310,RUT,2009-07-20,69926.04
27311,RUT,2009-07-21,69713.24
27312,RUT,2009-07-22,70169.43
27313,RUT,2009-07-23,72579.39
27314,RUT,2009-07-24,72769.58
27315,RUT,2009-07-27,73036.91
27316,RUT,2009-07-28,73305.57
27317,RUT,2009-07-29,73001.00
27318,RUT,2009-07-30,74001.16
27319,RUT,2009-07-31,74357.60
27320,RUT,2009-08-03,74993.34
27321,RUT,2009-08-04,75658.34
27322,RUT,2009-08-05,75178.21
27323,RUT,2009-08-06,74309.72
27324,RUT,2009-08-07,76312.70
27325,RUT,2009-08-10,76017.44
27326,RUT,2009-08-11,75129.00
27327,RUT,2009-08-12,76565.40
27328,RUT,2009-08-13,76388.51
27329,RUT,2009-08-14,74775.22
27330,RUT,2009-08-17,72875.98
27331,RUT,2009-08-18,74072.98
27332,RUT,2009-08-19,74578.38
27333,RUT,2009-08-20,75534.65
27334,RUT,2009-08-21,77274.29
27335,RUT,2009-08-24,77008.29
27336,RUT,2009-08-25,77620.09
27337,RUT,2009-08-26,77433.89
27338,RUT,2009-08-27,77500.39
27339,RUT,2009-08-28,77074.79
27340,RUT,2009-08-31,75992.17
27341,RUT,2009-09-01,74170.07
27342,RUT,2009-09-02,74116.87
27343,RUT,2009-09-03,74493.26
27344,RUT,2009-09-04,75578.54
27345,RUT,2009-09-08,76548.11
27346,RUT,2009-09-09,77842.20
27347,RUT,2009-09-10,78864.97
27348,RUT,2009-09-11,79079.10
27349,RUT,2009-09-14,79702.87
27350,RUT,2009-09-15,80290.73
27351,RUT,2009-09-16,81873.43
27352,RUT,2009-09-17,81833.53
27353,RUT,2009-09-18,82217.90
27354,RUT,2009-09-21,81953.23
27355,RUT,2009-09-22,82698.03
27356,RUT,2009-09-23,82159.38
27357,RUT,2009-09-24,80000.79
27358,RUT,2009-09-25,79484.75
27359,RUT,2009-09-28,81482.41
27360,RUT,2009-09-29,81455.81
27361,RUT,2009-09-30,80341.27
27362,RUT,2009-10-01,78016.43
27363,RUT,2009-10-02,77327.49
27364,RUT,2009-10-05,78625.57
27365,RUT,2009-10-06,79749.42
27366,RUT,2009-10-07,79944.93
27367,RUT,2009-10-08,81012.92
27368,RUT,2009-10-09,81671.27
27369,RUT,2009-10-12,81615.41
27370,RUT,2009-10-13,81160.55
27371,RUT,2009-10-14,82893.54
27372,RUT,2009-10-15,82784.48
27373,RUT,2009-10-16,82223.22
27374,RUT,2009-10-19,82771.18
27375,RUT,2009-10-20,81651.32
27376,RUT,2009-10-21,80701.70
27377,RUT,2009-10-22,81513.00
27378,RUT,2009-10-23,79873.11
27379,RUT,2009-10-26,78955.41
27380,RUT,2009-10-27,78338.29
27381,RUT,2009-10-28,75448.20
27382,RUT,2009-10-29,76971.05
27383,RUT,2009-10-30,75260.67
27384,RUT,2009-11-02,74554.44
27385,RUT,2009-11-03,75554.60
27386,RUT,2009-11-04,75240.72
27387,RUT,2009-11-05,77110.70
27388,RUT,2009-11-06,77101.39
27389,RUT,2009-11-09,78492.57
27390,RUT,2009-11-10,78117.51
27391,RUT,2009-11-11,78672.12
27392,RUT,2009-11-12,77209.12
27393,RUT,2009-11-13,77699.89
27394,RUT,2009-11-16,79897.05
27395,RUT,2009-11-17,80148.42
27396,RUT,2009-11-18,79645.68
27397,RUT,2009-11-19,78024.41
27398,RUT,2009-11-20,77785.01
27399,RUT,2009-11-23,78854.33
27400,RUT,2009-11-24,78632.22
27401,RUT,2009-11-25,78813.10
27402,RUT,2009-11-27,76768.89
27403,RUT,2009-11-30,76787.51
27404,RUT,2009-12-01,78303.71
27405,RUT,2009-12-02,79238.70
27406,RUT,2009-12-03,78735.96
27407,RUT,2009-12-04,79873.11
27408,RUT,2009-12-07,80192.31
27409,RUT,2009-12-08,79657.65
27410,RUT,2009-12-09,79474.11
27411,RUT,2009-12-10,79056.49
27412,RUT,2009-12-11,79758.73
27413,RUT,2009-12-14,80935.78
27414,RUT,2009-12-15,80734.95
27415,RUT,2009-12-16,81129.96
27416,RUT,2009-12-17,80528.80
27417,RUT,2009-12-18,80895.88
27418,RUT,2009-12-21,82207.26
27419,RUT,2009-12-22,82941.42
27420,RUT,2009-12-23,83853.80
27421,RUT,2009-12-24,84331.27
27422,RUT,2009-12-28,84139.75
27423,RUT,2009-12-29,84211.57
27424,RUT,2009-12-30,83772.67
27425,RUT,2009-12-31,83734.10
27426,RUT,2010-01-04,84784.80
27427,RUT,2010-01-05,85021.54
27428,RUT,2010-01-06,84766.18
27429,RUT,2010-01-07,85335.42
27430,RUT,2010-01-08,85620.04
27431,RUT,2010-01-11,85729.10
27432,RUT,2010-01-12,84283.39
27433,RUT,2010-01-13,85651.96
27434,RUT,2010-01-14,86054.95
27435,RUT,2010-01-15,84807.41
27436,RUT,2010-01-19,85959.19
27437,RUT,2010-01-20,85122.62
27438,RUT,2010-01-21,83823.21
27439,RUT,2010-01-22,82058.30
27440,RUT,2010-01-25,82199.28
27441,RUT,2010-01-26,81474.43
27442,RUT,2010-01-27,82196.62
27443,RUT,2010-01-28,81087.40
27444,RUT,2010-01-29,80224.23
27445,RUT,2010-02-01,80824.06
27446,RUT,2010-02-02,81741.76
27447,RUT,2010-02-03,81208.43
27448,RUT,2010-02-04,78697.39
27449,RUT,2010-02-05,78645.52
27450,RUT,2010-02-08,78388.83
27451,RUT,2010-02-09,79165.55
27452,RUT,2010-02-10,79009.94
27453,RUT,2010-02-11,80323.98
27454,RUT,2010-02-12,80965.04
27455,RUT,2010-02-16,82392.13
27456,RUT,2010-02-17,82925.46
27457,RUT,2010-02-18,83639.67
27458,RUT,2010-02-19,84063.94
27459,RUT,2010-02-22,83993.45
27460,RUT,2010-02-23,83323.13
27461,RUT,2010-02-24,83641.00
27462,RUT,2010-02-25,83764.69
27463,RUT,2010-02-26,83832.52
27464,RUT,2010-03-01,85315.47
27465,RUT,2010-03-02,85964.51
27466,RUT,2010-03-03,86402.08
27467,RUT,2010-03-04,86690.69
27468,RUT,2010-03-05,88418.36
27469,RUT,2010-03-08,88749.53
27470,RUT,2010-03-09,88885.19
27471,RUT,2010-03-10,89544.87
27472,RUT,2010-03-11,89910.62
27473,RUT,2010-03-12,89830.82
27474,RUT,2010-03-15,89660.58
27475,RUT,2010-03-16,90098.15
27476,RUT,2010-03-17,90900.14
27477,RUT,2010-03-18,90642.12
27478,RUT,2010-03-19,89322.76
27479,RUT,2010-03-22,90736.55
27480,RUT,2010-03-23,91832.47
27481,RUT,2010-03-24,91046.44
27482,RUT,2010-03-25,90881.52
27483,RUT,2010-03-26,90243.12
27484,RUT,2010-03-29,90631.48
27485,RUT,2010-03-30,90916.10
27486,RUT,2010-03-31,90630.15
27487,RUT,2010-04-01,90697.98
27488,RUT,2010-04-05,92304.62
27489,RUT,2010-04-06,93272.86
27490,RUT,2010-04-07,92625.15
27491,RUT,2010-04-08,93114.59
27492,RUT,2010-04-09,93326.06
27493,RUT,2010-04-12,93619.99
27494,RUT,2010-04-13,94036.28
27495,RUT,2010-04-14,95967.44
27496,RUT,2010-04-15,96302.60
27497,RUT,2010-04-16,95259.88
27498,RUT,2010-04-19,94374.10
27499,RUT,2010-04-20,95722.72
27500,RUT,2010-04-21,96543.33
27501,RUT,2010-04-22,97629.94
27502,RUT,2010-04-23,98353.46
27503,RUT,2010-04-26,98334.84
27504,RUT,2010-04-27,96371.76
27505,RUT,2010-04-28,96186.89
27506,RUT,2010-04-29,97781.56
27507,RUT,2010-04-30,95842.42
27508,RUT,2010-05-03,97189.71
27509,RUT,2010-05-04,93967.12
27510,RUT,2010-05-05,92982.92
27511,RUT,2010-05-06,89816.19
27512,RUT,2010-05-07,87132.25
27513,RUT,2010-05-10,91019.84
27514,RUT,2010-05-11,92605.20
27515,RUT,2010-05-12,95029.79
27516,RUT,2010-05-13,94040.27
27517,RUT,2010-05-14,91993.40
27518,RUT,2010-05-17,92299.30
27519,RUT,2010-05-18,90978.61
27520,RUT,2010-05-19,89849.44
27521,RUT,2010-05-20,86169.33
27522,RUT,2010-05-21,85844.81
27523,RUT,2010-05-24,86136.08
27524,RUT,2010-05-25,85072.08
27525,RUT,2010-05-26,85860.77
27526,RUT,2010-05-27,88675.05
27527,RUT,2010-05-28,88643.13
27528,RUT,2010-06-01,86230.51
27529,RUT,2010-06-02,87333.08
27530,RUT,2010-06-03,89023.51
27531,RUT,2010-06-04,84392.45
27532,RUT,2010-06-07,82432.03
27533,RUT,2010-06-08,82305.68
27534,RUT,2010-06-09,82114.16
27535,RUT,2010-06-10,84564.02
27536,RUT,2010-06-11,85961.85
27537,RUT,2010-06-14,86771.82
27538,RUT,2010-06-15,88830.66
27539,RUT,2010-06-16,88562.00
27540,RUT,2010-06-17,88307.97
27541,RUT,2010-06-18,88623.18
27542,RUT,2010-06-21,87350.37
27543,RUT,2010-06-22,86190.61
27544,RUT,2010-06-23,85963.18
27545,RUT,2010-06-24,84437.67
27546,RUT,2010-06-25,85492.36
27547,RUT,2010-06-28,85828.85
27548,RUT,2010-06-29,81913.33
27549,RUT,2010-06-30,81117.99
27550,RUT,2010-07-01,80496.88
27551,RUT,2010-07-02,80035.37
27552,RUT,2010-07-06,78632.22
27553,RUT,2010-07-07,80995.63
27554,RUT,2010-07-08,82328.29
27555,RUT,2010-07-09,83461.45
27556,RUT,2010-07-12,82888.22
27557,RUT,2010-07-13,85441.82
27558,RUT,2010-07-14,84771.50
27559,RUT,2010-07-15,84243.49
27560,RUT,2010-07-16,81442.51
27561,RUT,2010-07-19,81293.55
27562,RUT,2010-07-20,82571.68
27563,RUT,2010-07-21,81615.41
27564,RUT,2010-07-22,84202.26
27565,RUT,2010-07-23,86113.47
27566,RUT,2010-07-26,88198.91
27567,RUT,2010-07-27,88067.24
27568,RUT,2010-07-28,86578.97
27569,RUT,2010-07-29,86747.88
27570,RUT,2010-07-30,86662.76
27571,RUT,2010-08-02,88039.31
27572,RUT,2010-08-03,87353.03
27573,RUT,2010-08-04,88096.50
27574,RUT,2010-08-05,87376.97
27575,RUT,2010-08-06,86531.09
27576,RUT,2010-08-09,87750.70
27577,RUT,2010-08-10,86497.84
27578,RUT,2010-08-11,82634.19
27579,RUT,2010-08-12,82005.10
27580,RUT,2010-08-13,81413.25
27581,RUT,2010-08-16,81646.00
27582,RUT,2010-08-17,83466.77
27583,RUT,2010-08-18,83470.76
27584,RUT,2010-08-19,81467.78
27585,RUT,2010-08-20,81249.66
27586,RUT,2010-08-23,80429.05
27587,RUT,2010-08-24,79548.59
27588,RUT,2010-08-25,80357.23
27589,RUT,2010-08-26,80151.08
27590,RUT,2010-08-27,81890.72
27591,RUT,2010-08-30,80480.92
27592,RUT,2010-08-31,79931.63
27593,RUT,2010-09-01,82819.06
27594,RUT,2010-09-02,84012.07
27595,RUT,2010-09-03,85464.43
27596,RUT,2010-09-07,83964.19
27597,RUT,2010-09-08,84263.44
27598,RUT,2010-09-09,84405.75
27599,RUT,2010-09-10,84682.39
27600,RUT,2010-09-13,86856.94
27601,RUT,2010-09-14,86569.66
27602,RUT,2010-09-15,86787.78
27603,RUT,2010-09-16,86174.65
27604,RUT,2010-09-17,86693.35
27605,RUT,2010-09-20,88962.33
27606,RUT,2010-09-21,88550.03
27607,RUT,2010-09-22,87228.01
27608,RUT,2010-09-23,86194.60
27609,RUT,2010-09-24,89056.76
27610,RUT,2010-09-27,88996.91
27611,RUT,2010-09-28,89594.08
27612,RUT,2010-09-29,89778.95
27613,RUT,2010-09-30,89902.64
27614,RUT,2010-10-01,90261.74
27615,RUT,2010-10-04,88990.26
27616,RUT,2010-10-05,91553.17
27617,RUT,2010-10-06,91037.13
27618,RUT,2010-10-07,91241.95
27619,RUT,2010-10-08,92557.32
27620,RUT,2010-10-11,92331.22
27621,RUT,2010-10-12,92645.10
27622,RUT,2010-10-13,94279.67
27623,RUT,2010-10-14,93417.83
27624,RUT,2010-10-15,93584.08
27625,RUT,2010-10-18,94360.80
27626,RUT,2010-10-19,92000.05
27627,RUT,2010-10-20,93369.95
27628,RUT,2010-10-21,92703.62
27629,RUT,2010-10-22,93451.08
27630,RUT,2010-10-25,94292.97
27631,RUT,2010-10-26,94114.75
27632,RUT,2010-10-27,93545.51
27633,RUT,2010-10-28,93444.43
27634,RUT,2010-10-29,93771.61
27635,RUT,2010-11-01,92579.93
27636,RUT,2010-11-02,94464.54
27637,RUT,2010-11-03,94746.50
27638,RUT,2010-11-04,97296.11
27639,RUT,2010-11-05,97668.51
27640,RUT,2010-11-08,97983.72
27641,RUT,2010-11-09,96349.15
27642,RUT,2010-11-10,97480.98
27643,RUT,2010-11-11,97290.79
27644,RUT,2010-11-12,95825.13
27645,RUT,2010-11-15,96016.65
27646,RUT,2010-11-16,93420.49
27647,RUT,2010-11-17,93965.79
27648,RUT,2010-11-18,95750.65
27649,RUT,2010-11-19,96276.00
27650,RUT,2010-11-22,96850.56
27651,RUT,2010-11-23,95698.78
27652,RUT,2010-11-24,97739.00
27653,RUT,2010-11-26,97453.05
27654,RUT,2010-11-29,97403.84
27655,RUT,2010-11-30,96555.30
27656,RUT,2010-12-01,98844.23
27657,RUT,2010-12-02,99839.07
27658,RUT,2010-12-03,100521.36
27659,RUT,2010-12-06,101361.92
27660,RUT,2010-12-07,101651.86
27661,RUT,2010-12-08,101597.33
27662,RUT,2010-12-09,102233.07
27663,RUT,2010-12-10,103218.60
27664,RUT,2010-12-13,102941.96
27665,RUT,2010-12-14,102465.82
27666,RUT,2010-12-15,102564.24
27667,RUT,2010-12-16,103076.29
27668,RUT,2010-12-17,103503.22
27669,RUT,2010-12-20,104297.23
27670,RUT,2010-12-21,105115.18
27671,RUT,2010-12-22,105202.96
27672,RUT,2010-12-23,105026.07
27673,RUT,2010-12-27,105362.56
27674,RUT,2010-12-28,104998.14
27675,RUT,2010-12-29,105277.44
27676,RUT,2010-12-30,105349.26
27677,RUT,2010-12-31,104862.48
27678,RUT,2011-01-03,106216.42
27679,RUT,2011-01-04,104544.61
27680,RUT,2011-01-05,105570.04
27681,RUT,2011-01-06,105030.06
27682,RUT,2011-01-07,104569.88
27683,RUT,2011-01-10,105430.39
27684,RUT,2011-01-11,105600.63
27685,RUT,2011-01-12,106418.58
27686,RUT,2011-01-13,106164.55
27687,RUT,2011-01-14,107138.11
27688,RUT,2011-01-18,107260.47
27689,RUT,2011-01-19,104662.98
27690,RUT,2011-01-20,103705.38
27691,RUT,2011-01-21,102874.13
27692,RUT,2011-01-24,103641.54
27693,RUT,2011-01-25,103451.35
27694,RUT,2011-01-26,105414.43
27695,RUT,2011-01-27,106004.95
27696,RUT,2011-01-28,103249.19
27697,RUT,2011-01-31,103922.17
27698,RUT,2011-02-01,106280.26
27699,RUT,2011-02-02,105958.40
27700,RUT,2011-02-03,106163.22
27701,RUT,2011-02-04,106328.14
27702,RUT,2011-02-07,107398.79
27703,RUT,2011-02-08,107940.10
27704,RUT,2011-02-09,107571.69
27705,RUT,2011-02-10,108050.49
27706,RUT,2011-02-11,109163.70
27707,RUT,2011-02-14,109790.13
27708,RUT,2011-02-15,109130.45
27709,RUT,2011-02-16,110125.29
27710,RUT,2011-02-17,111108.16
27711,RUT,2011-02-18,110787.63
27712,RUT,2011-02-22,108101.03
27713,RUT,2011-02-23,106853.49
27714,RUT,2011-02-24,107033.04
27715,RUT,2011-02-25,108962.87
27716,RUT,2011-02-28,109062.62
27717,RUT,2011-03-01,107518.49
27718,RUT,2011-03-02,107823.06
27719,RUT,2011-03-03,110126.62
27720,RUT,2011-03-04,109304.68
27721,RUT,2011-03-07,108397.62
27722,RUT,2011-03-08,109796.78
27723,RUT,2011-03-09,109255.47
27724,RUT,2011-03-10,106720.49
27725,RUT,2011-03-11,107013.09
27726,RUT,2011-03-14,106354.74
27727,RUT,2011-03-15,105874.61
27728,RUT,2011-03-16,104601.80
27729,RUT,2011-03-17,104639.04
27730,RUT,2011-03-18,105450.34
27731,RUT,2011-03-21,107857.64
27732,RUT,2011-03-22,107698.04
27733,RUT,2011-03-23,108124.97
27734,RUT,2011-03-24,108764.70
27735,RUT,2011-03-25,109908.50
27736,RUT,2011-03-28,109464.28
27737,RUT,2011-03-29,110193.12
27738,RUT,2011-03-30,111795.77
27739,RUT,2011-03-31,112117.63
27740,RUT,2011-04-01,112519.29
27741,RUT,2011-04-04,112901.00
27742,RUT,2011-04-05,113494.18
27743,RUT,2011-04-06,113635.16
27744,RUT,2011-04-07,113249.46
27745,RUT,2011-04-08,111696.02
27746,RUT,2011-04-11,110771.67
27747,RUT,2011-04-12,109485.56
27748,RUT,2011-04-13,109606.59
27749,RUT,2011-04-14,109895.20
27750,RUT,2011-04-15,110827.53
27751,RUT,2011-04-18,108994.79
27752,RUT,2011-04-19,109353.89
27753,RUT,2011-04-20,111451.30
27754,RUT,2011-04-21,112278.56
27755,RUT,2011-04-25,112194.77
27756,RUT,2011-04-26,113470.24
27757,RUT,2011-04-27,114094.01
27758,RUT,2011-04-28,114539.56
27759,RUT,2011-04-29,115052.94
27760,RUT,2011-05-02,113619.20
27761,RUT,2011-05-03,112145.56
27762,RUT,2011-05-04,111142.74
27763,RUT,2011-05-05,110401.93
27764,RUT,2011-05-06,111074.91
27765,RUT,2011-05-09,111943.40
27766,RUT,2011-05-10,113699.00
27767,RUT,2011-05-11,111777.15
27768,RUT,2011-05-12,112603.08
27769,RUT,2011-05-13,111282.39
27770,RUT,2011-05-16,109742.25
27771,RUT,2011-05-17,109161.04
27772,RUT,2011-05-18,110782.31
27773,RUT,2011-05-19,111060.28
27774,RUT,2011-05-20,110568.18
27775,RUT,2011-05-23,108390.97
27776,RUT,2011-05-24,108118.32
27777,RUT,2011-05-25,109343.25
27778,RUT,2011-05-26,110468.43
27779,RUT,2011-05-27,111185.30
27780,RUT,2011-05-31,112435.50
27781,RUT,2011-06-01,109536.10
27782,RUT,2011-06-02,109224.88
27783,RUT,2011-06-03,107771.19
27784,RUT,2011-06-06,106055.49
27785,RUT,2011-06-07,106381.34
27786,RUT,2011-06-08,104863.81
27787,RUT,2011-06-09,105695.06
27788,RUT,2011-06-10,103855.67
27789,RUT,2011-06-13,103416.77
27790,RUT,2011-06-14,105546.10
27791,RUT,2011-06-15,103765.23
27792,RUT,2011-06-16,103814.44
27793,RUT,2011-06-17,104096.40
27794,RUT,2011-06-20,104697.56
27795,RUT,2011-06-21,107009.10
27796,RUT,2011-06-22,106579.51
27797,RUT,2011-06-23,106387.99
27798,RUT,2011-06-24,106012.93
27799,RUT,2011-06-27,107119.49
27800,RUT,2011-06-28,108417.57
27801,RUT,2011-06-29,109093.21
27802,RUT,2011-06-30,110182.48
27803,RUT,2011-07-01,111657.45
27804,RUT,2011-07-05,111866.26
27805,RUT,2011-07-06,112237.33
27806,RUT,2011-07-07,114051.45
27807,RUT,2011-07-08,113310.64
27808,RUT,2011-07-11,110956.54
27809,RUT,2011-07-12,110671.92
27810,RUT,2011-07-13,110963.19
27811,RUT,2011-07-14,109746.24
27812,RUT,2011-07-15,110183.81
27813,RUT,2011-07-18,108598.45
27814,RUT,2011-07-19,110883.39
27815,RUT,2011-07-20,110803.59
27816,RUT,2011-07-21,111765.18
27817,RUT,2011-07-22,111938.08
27818,RUT,2011-07-25,110906.00
27819,RUT,2011-07-26,109832.69
27820,RUT,2011-07-27,106832.21
27821,RUT,2011-07-28,106268.29
27822,RUT,2011-07-29,106090.07
27823,RUT,2011-08-01,105460.98
27824,RUT,2011-08-02,102763.74
27825,RUT,2011-08-03,102598.82
27826,RUT,2011-08-04,97161.78
27827,RUT,2011-08-05,95641.59
27828,RUT,2011-08-08,88766.82
27829,RUT,2011-08-09,89567.48
27830,RUT,2011-08-10,89246.95
27831,RUT,2011-08-11,93518.91
27832,RUT,2011-08-12,92662.39
27833,RUT,2011-08-15,95118.90
27834,RUT,2011-08-16,94359.47
27835,RUT,2011-08-17,93436.45
27836,RUT,2011-08-18,87677.55
27837,RUT,2011-08-19,86722.61
27838,RUT,2011-08-22,86793.10
27839,RUT,2011-08-23,90296.32
27840,RUT,2011-08-24,92174.28
27841,RUT,2011-08-25,89805.55
27842,RUT,2011-08-26,91772.62
27843,RUT,2011-08-29,96136.35
27844,RUT,2011-08-30,97288.13
27845,RUT,2011-08-31,96571.26
27846,RUT,2011-09-01,94169.28
27847,RUT,2011-09-02,91249.93
27848,RUT,2011-09-06,89865.40
27849,RUT,2011-09-07,94012.34
27850,RUT,2011-09-08,92920.41
27851,RUT,2011-09-09,89603.39
27852,RUT,2011-09-12,89725.75
27853,RUT,2011-09-13,92073.20
27854,RUT,2011-09-14,94078.84
27855,RUT,2011-09-15,94701.28
27856,RUT,2011-09-16,94638.77
27857,RUT,2011-09-19,93985.74
27858,RUT,2011-09-20,92276.69
27859,RUT,2011-09-21,89572.80
27860,RUT,2011-09-22,85179.81
27861,RUT,2011-09-23,86364.84
27862,RUT,2011-09-26,87984.78
27863,RUT,2011-09-27,90349.52
27864,RUT,2011-09-28,87412.88
27865,RUT,2011-09-29,87341.06
27866,RUT,2011-09-30,86564.34
27867,RUT,2011-10-03,81894.71
27868,RUT,2011-10-04,83627.70
27869,RUT,2011-10-05,87785.28
27870,RUT,2011-10-06,89101.98
27871,RUT,2011-10-07,88399.74
27872,RUT,2011-10-10,90103.47
27873,RUT,2011-10-11,91716.76
27874,RUT,2011-10-12,93677.18
27875,RUT,2011-10-13,92666.38
27876,RUT,2011-10-14,94532.37
27877,RUT,2011-10-17,92160.98
27878,RUT,2011-10-18,94174.60
27879,RUT,2011-10-19,92293.98
27880,RUT,2011-10-20,92421.66
27881,RUT,2011-10-21,93937.86
27882,RUT,2011-10-24,97632.60
27883,RUT,2011-10-25,95439.43
27884,RUT,2011-10-26,97103.26
27885,RUT,2011-10-27,101960.42
27886,RUT,2011-10-28,101408.47
27887,RUT,2011-10-31,99324.36
27888,RUT,2011-11-01,95399.53
27889,RUT,2011-11-02,97160.45
27890,RUT,2011-11-03,99893.60
27891,RUT,2011-11-04,99307.07
27892,RUT,2011-11-07,99010.48
27893,RUT,2011-11-08,100293.93
27894,RUT,2011-11-09,95781.24
27895,RUT,2011-11-10,96256.05
27896,RUT,2011-11-11,98816.30
27897,RUT,2011-11-14,97426.45
27898,RUT,2011-11-15,99063.68
27899,RUT,2011-11-16,97527.53
27900,RUT,2011-11-17,95303.77
27901,RUT,2011-11-18,95604.35
27902,RUT,2011-11-21,93681.17
27903,RUT,2011-11-22,92707.61
27904,RUT,2011-11-23,90320.26
27905,RUT,2011-11-25,88599.24
27906,RUT,2011-11-28,92055.91
27907,RUT,2011-11-29,92638.45
27908,RUT,2011-11-30,97343.99
27909,RUT,2011-12-01,97715.06
27910,RUT,2011-12-02,97812.15
27911,RUT,2011-12-05,98787.04
27912,RUT,2011-12-06,99583.71
27913,RUT,2011-12-07,99458.69
27914,RUT,2011-12-08,96696.28
27915,RUT,2011-12-09,99541.15
27916,RUT,2011-12-12,97191.04
27917,RUT,2011-12-13,95352.98
27918,RUT,2011-12-14,94207.85
27919,RUT,2011-12-15,95235.94
27920,RUT,2011-12-16,95817.15
27921,RUT,2011-12-19,94306.27
27922,RUT,2011-12-20,98068.84
27923,RUT,2011-12-21,98506.41
27924,RUT,2011-12-22,99138.16
27925,RUT,2011-12-23,99438.74
27926,RUT,2011-12-27,99946.80
27927,RUT,2011-12-28,97949.14
27928,RUT,2011-12-29,99172.74
27929,RUT,2011-12-30,98916.05
27930,RUT,2012-01-03,100081.13
27931,RUT,2012-01-04,99622.28
27932,RUT,2012-01-05,100083.79
27933,RUT,2012-01-06,99993.35
27934,RUT,2012-01-09,100230.09
27935,RUT,2012-01-10,101478.96
27936,RUT,2012-01-11,102030.91
27937,RUT,2012-01-12,102489.76
27938,RUT,2012-01-13,101592.01
27939,RUT,2012-01-17,101791.51
27940,RUT,2012-01-18,103414.11
27941,RUT,2012-01-19,104105.71
27942,RUT,2012-01-20,104085.76
27943,RUT,2012-01-23,104212.11
27944,RUT,2012-01-24,104757.41
27945,RUT,2012-01-25,105794.81
27946,RUT,2012-01-26,105286.75
27947,RUT,2012-01-27,106157.90
27948,RUT,2012-01-30,105426.40
27949,RUT,2012-01-31,105520.83
27950,RUT,2012-02-01,107321.65
27951,RUT,2012-02-02,108097.04
27952,RUT,2012-02-03,110600.10
27953,RUT,2012-02-06,110122.63
27954,RUT,2012-02-07,110154.55
27955,RUT,2012-02-08,110014.90
27956,RUT,2012-02-09,109735.60
27957,RUT,2012-02-10,108269.94
27958,RUT,2012-02-13,109568.02
27959,RUT,2012-02-14,108812.58
27960,RUT,2012-02-15,108236.69
27961,RUT,2012-02-16,110222.38
27962,RUT,2012-02-17,110195.78
27963,RUT,2012-02-21,109391.13
27964,RUT,2012-02-22,108803.27
27965,RUT,2012-02-23,110096.03
27966,RUT,2012-02-24,110037.51
27967,RUT,2012-02-27,110171.84
27968,RUT,2012-02-28,109509.50
27969,RUT,2012-02-29,108243.34
27970,RUT,2012-03-01,108692.88
27971,RUT,2012-03-02,106838.86
27972,RUT,2012-03-05,106805.61
27973,RUT,2012-03-06,104725.49
27974,RUT,2012-03-07,105867.96
27975,RUT,2012-03-08,107248.50
27976,RUT,2012-03-09,108530.62
27977,RUT,2012-03-12,108210.09
27978,RUT,2012-03-13,110366.02
27979,RUT,2012-03-14,109497.53
27980,RUT,2012-03-15,110507.00
27981,RUT,2012-03-16,110453.80
27982,RUT,2012-03-19,111547.06
27983,RUT,2012-03-20,110537.59
27984,RUT,2012-03-21,110594.78
27985,RUT,2012-03-22,109114.49
27986,RUT,2012-03-23,110122.63
27987,RUT,2012-03-26,112355.70
27988,RUT,2012-03-27,112056.45
27989,RUT,2012-03-28,110924.62
27990,RUT,2012-03-29,110771.67
27991,RUT,2012-03-30,110779.65
27992,RUT,2012-04-02,111553.71
27993,RUT,2012-04-03,110695.86
27994,RUT,2012-04-04,109157.05
27995,RUT,2012-04-05,108744.75
27996,RUT,2012-04-09,107110.18
27997,RUT,2012-04-10,104349.10
27998,RUT,2012-04-11,105640.53
27999,RUT,2012-04-12,107662.13
28000,RUT,2012-04-13,106090.07
28001,RUT,2012-04-16,106286.91
28002,RUT,2012-04-17,108291.22
28003,RUT,2012-04-18,106973.19
28004,RUT,2012-04-19,106326.81
28005,RUT,2012-04-20,106877.43
28006,RUT,2012-04-23,105361.23
28007,RUT,2012-04-24,105955.74
28008,RUT,2012-04-25,107876.26
28009,RUT,2012-04-26,108784.65
28010,RUT,2012-04-27,109800.77
28011,RUT,2012-04-30,108996.12
28012,RUT,2012-05-01,109078.58
28013,RUT,2012-05-02,108699.53
28014,RUT,2012-05-03,107380.17
28015,RUT,2012-05-04,105527.48
28016,RUT,2012-05-07,105635.21
28017,RUT,2012-05-08,105398.47
28018,RUT,2012-05-09,105248.18
28019,RUT,2012-05-10,105280.10
28020,RUT,2012-05-11,104911.69
28021,RUT,2012-05-14,103763.90
28022,RUT,2012-05-15,103294.41
28023,RUT,2012-05-16,102831.57
28024,RUT,2012-05-17,100547.96
28025,RUT,2012-05-18,99216.63
28026,RUT,2012-05-21,101542.80
28027,RUT,2012-05-22,100614.46
28028,RUT,2012-05-23,101899.24
28029,RUT,2012-05-24,101489.60
28030,RUT,2012-05-25,101810.13
28031,RUT,2012-05-29,103297.07
28032,RUT,2012-05-30,101423.10
28033,RUT,2012-05-31,101654.52
28034,RUT,2012-06-01,98131.35
28035,RUT,2012-06-04,97704.42
28036,RUT,2012-06-05,99174.07
28037,RUT,2012-06-06,101492.26
28038,RUT,2012-06-07,101166.41
28039,RUT,2012-06-08,102219.77
28040,RUT,2012-06-11,100655.69
28041,RUT,2012-06-12,101248.87
28042,RUT,2012-06-13,99908.23
28043,RUT,2012-06-15,102568.23
28044,RUT,2012-06-18,102794.33
28045,RUT,2012-06-19,104702.88
28046,RUT,2012-06-20,104283.93
28047,RUT,2012-06-21,101770.23
28048,RUT,2012-06-22,103043.04
28049,RUT,2012-06-25,101433.74
28050,RUT,2012-06-26,101993.67
28051,RUT,2012-06-27,103274.46
28052,RUT,2012-06-28,102773.05
28053,RUT,2012-06-29,105871.95
28054,RUT,2012-07-02,106841.52
28055,RUT,2012-07-03,108859.13
28056,RUT,2012-07-05,108763.37
28057,RUT,2012-07-06,107255.15
28058,RUT,2012-07-09,106955.90
28059,RUT,2012-07-10,105496.89
28060,RUT,2012-07-11,105274.78
28061,RUT,2012-07-12,105314.68
28062,RUT,2012-07-13,106560.89
28063,RUT,2012-07-16,105917.17
28064,RUT,2012-07-17,106281.59
28065,RUT,2012-07-18,107043.68
28066,RUT,2012-07-19,106834.87
28067,RUT,2012-07-20,105374.53
28068,RUT,2012-07-23,103846.36
28069,RUT,2012-07-24,102024.26
28070,RUT,2012-07-25,102190.51
28071,RUT,2012-07-26,103412.78
28072,RUT,2012-07-27,105953.08
28073,RUT,2012-07-30,105276.11
28074,RUT,2012-07-31,104887.75
28075,RUT,2012-08-01,103657.50
28076,RUT,2012-08-02,102203.81
28077,RUT,2012-08-03,104885.09
28078,RUT,2012-08-06,105840.03
28079,RUT,2012-08-07,106716.50
28080,RUT,2012-08-08,106429.22
28081,RUT,2012-08-09,106896.05
28082,RUT,2012-08-10,106485.08
28083,RUT,2012-08-13,106213.76
28084,RUT,2012-08-14,105814.76
28085,RUT,2012-08-15,106751.08
28086,RUT,2012-08-16,108113.00
28087,RUT,2012-08-17,108752.73
28088,RUT,2012-08-20,108512.00
28089,RUT,2012-08-21,108433.53
28090,RUT,2012-08-22,108101.03
28091,RUT,2012-08-23,107300.37
28092,RUT,2012-08-24,107759.22
28093,RUT,2012-08-27,107686.07
28094,RUT,2012-08-28,108269.94
28095,RUT,2012-08-29,108807.26
28096,RUT,2012-08-30,107800.45
28097,RUT,2012-08-31,107962.71
28098,RUT,2012-09-04,109375.17
28099,RUT,2012-09-05,109310.00
28100,RUT,2012-09-06,111269.09
28101,RUT,2012-09-07,111912.81
28102,RUT,2012-09-10,111618.88
28103,RUT,2012-09-11,111794.44
28104,RUT,2012-09-12,112201.42
28105,RUT,2012-09-13,113943.72
28106,RUT,2012-09-14,114967.82
28107,RUT,2012-09-17,113980.96
28108,RUT,2012-09-18,113798.75
28109,RUT,2012-09-19,113991.60
28110,RUT,2012-09-20,113213.55
28111,RUT,2012-09-21,113841.31
28112,RUT,2012-09-24,113257.44
28113,RUT,2012-09-25,111803.75
28114,RUT,2012-09-26,110753.05
28115,RUT,2012-09-27,112178.81
28116,RUT,2012-09-28,111656.12
28117,RUT,2012-10-01,111537.75
28118,RUT,2012-10-02,111637.50
28119,RUT,2012-10-03,111593.61
28120,RUT,2012-10-04,112177.48
28121,RUT,2012-10-05,112001.92
28122,RUT,2012-10-08,111567.01
28123,RUT,2012-10-09,110202.43
28124,RUT,2012-10-10,109815.40
28125,RUT,2012-10-11,110435.18
28126,RUT,2012-10-12,109506.84
28127,RUT,2012-10-15,109899.19
28128,RUT,2012-10-16,111000.43
28129,RUT,2012-10-17,112017.88
28130,RUT,2012-10-18,111525.78
28131,RUT,2012-10-19,109179.66
28132,RUT,2012-10-22,108896.37
28133,RUT,2012-10-23,108368.36
28134,RUT,2012-10-24,108047.83
28135,RUT,2012-10-25,108319.15
28136,RUT,2012-10-26,108164.87
28137,RUT,2012-10-31,108611.75
28138,RUT,2012-11-01,109956.38
28139,RUT,2012-11-02,108502.69
28140,RUT,2012-11-05,109079.91
28141,RUT,2012-11-06,109629.20
28142,RUT,2012-11-07,107244.51
28143,RUT,2012-11-08,105871.95
28144,RUT,2012-11-09,105855.99
28145,RUT,2012-11-12,105676.44
28146,RUT,2012-11-13,105032.72
28147,RUT,2012-11-14,102859.50
28148,RUT,2012-11-15,102288.93
28149,RUT,2012-11-16,103277.12
28150,RUT,2012-11-19,105121.83
28151,RUT,2012-11-20,105339.95
28152,RUT,2012-11-21,106002.29
28153,RUT,2012-11-23,107354.90
28154,RUT,2012-11-26,107321.65
28155,RUT,2012-11-27,107647.50
28156,RUT,2012-11-28,108019.90
28157,RUT,2012-11-29,109486.89
28158,RUT,2012-11-30,109182.32
28159,RUT,2012-12-03,109081.24
28160,RUT,2012-12-04,109308.67
28161,RUT,2012-12-05,109250.15
28162,RUT,2012-12-06,109147.74
28163,RUT,2012-12-07,109299.36
28164,RUT,2012-12-10,109798.11
28165,RUT,2012-12-11,110955.21
28166,RUT,2012-12-12,110239.67
28167,RUT,2012-12-13,109851.31
28168,RUT,2012-12-14,109458.96
28169,RUT,2012-12-17,110697.19
28170,RUT,2012-12-18,112494.02
28171,RUT,2012-12-19,112927.60
28172,RUT,2012-12-20,113217.54
28173,RUT,2012-12-21,112644.31
28174,RUT,2012-12-24,112350.38
28175,RUT,2012-12-26,111620.21
28176,RUT,2012-12-27,111471.25
28177,RUT,2012-12-28,110927.28
28178,RUT,2012-12-31,112491.36
28179,RUT,2013-01-02,116026.50
28180,RUT,2013-01-03,115978.62
28181,RUT,2013-01-04,117074.54
28182,RUT,2013-01-07,116522.59
28183,RUT,2013-01-08,116164.82
28184,RUT,2013-01-09,116885.68
28185,RUT,2013-01-10,117199.56
28186,RUT,2013-01-11,117115.77
28187,RUT,2013-01-14,116918.93
28188,RUT,2013-01-15,117663.73
28189,RUT,2013-01-16,117433.64
28190,RUT,2013-01-17,118460.40
28191,RUT,2013-01-18,118620.00
28192,RUT,2013-01-22,119400.71
28193,RUT,2013-01-23,119203.87
28194,RUT,2013-01-24,119762.47
28195,RUT,2013-01-25,120048.42
28196,RUT,2013-01-28,120609.68
28197,RUT,2013-01-29,120454.07
28198,RUT,2013-01-30,118973.78
28199,RUT,2013-01-31,119946.01
28200,RUT,2013-02-01,121253.40
28201,RUT,2013-02-04,119691.98
28202,RUT,2013-02-05,120866.37
28203,RUT,2013-02-06,121023.31
28204,RUT,2013-02-07,120745.34
28205,RUT,2013-02-08,121486.15
28206,RUT,2013-02-11,121403.69
28207,RUT,2013-02-12,121996.87
28208,RUT,2013-02-13,122119.23
28209,RUT,2013-02-14,122881.32
28210,RUT,2013-02-15,122846.74
28211,RUT,2013-02-19,123716.56
28212,RUT,2013-02-20,121962.29
28213,RUT,2013-02-21,120509.93
28214,RUT,2013-02-22,121591.22
28215,RUT,2013-02-25,119735.87
28216,RUT,2013-02-26,119907.44
28217,RUT,2013-02-27,121431.62
28218,RUT,2013-02-28,121446.25
28219,RUT,2013-03-01,121448.91
28220,RUT,2013-03-04,121732.20
28221,RUT,2013-03-05,123365.44
28222,RUT,2013-03-06,123482.48
28223,RUT,2013-03-07,124114.23
28224,RUT,2013-03-08,125337.83
28225,RUT,2013-03-11,125183.55
28226,RUT,2013-03-12,125110.40
28227,RUT,2013-03-13,125496.10
28228,RUT,2013-03-14,126615.96
28229,RUT,2013-03-15,126639.90
28230,RUT,2013-03-18,125779.39
28231,RUT,2013-03-19,125204.83
28232,RUT,2013-03-20,126541.48
28233,RUT,2013-03-21,125665.01
28234,RUT,2013-03-22,125718.21
28235,RUT,2013-03-25,125680.97
28236,RUT,2013-03-26,126182.38
28237,RUT,2013-03-27,126401.83
28238,RUT,2013-03-28,126634.58
28239,RUT,2013-04-01,124559.78
28240,RUT,2013-04-02,124094.28
28241,RUT,2013-04-03,122232.28
28242,RUT,2013-04-04,122797.53
28243,RUT,2013-04-05,122635.27
28244,RUT,2013-04-08,123599.52
28245,RUT,2013-04-09,124002.51
28246,RUT,2013-04-10,125820.62
28247,RUT,2013-04-11,125881.80
28248,RUT,2013-04-12,125329.85
28249,RUT,2013-04-15,120636.28
28250,RUT,2013-04-16,122535.52
28251,RUT,2013-04-17,120527.22
28252,RUT,2013-04-18,119879.51
28253,RUT,2013-04-19,121305.27
28254,RUT,2013-04-22,121829.29
28255,RUT,2013-04-23,123219.14
28256,RUT,2013-04-24,124207.33
28257,RUT,2013-04-25,125140.99
28258,RUT,2013-04-26,124577.07
28259,RUT,2013-04-29,125395.02
28260,RUT,2013-04-30,125795.35
28261,RUT,2013-05-01,123023.63
28262,RUT,2013-05-02,125049.22
28263,RUT,2013-05-03,127169.24
28264,RUT,2013-05-06,127675.97
28265,RUT,2013-05-07,128531.16
28266,RUT,2013-05-08,128638.89
28267,RUT,2013-05-09,128656.18
28268,RUT,2013-05-10,129599.15
28269,RUT,2013-05-13,129396.99
28270,RUT,2013-05-14,130974.37
28271,RUT,2013-05-15,131252.34
28272,RUT,2013-05-16,130840.04
28273,RUT,2013-05-17,132368.21
28274,RUT,2013-05-20,132647.51
28275,RUT,2013-05-21,132904.20
28276,RUT,2013-05-22,130354.59
28277,RUT,2013-05-23,130750.93
28278,RUT,2013-05-24,130587.34
28279,RUT,2013-05-28,132588.99
28280,RUT,2013-05-29,131443.86
28281,RUT,2013-05-30,132195.31
28282,RUT,2013-05-31,131441.20
28283,RUT,2013-06-03,131300.22
28284,RUT,2013-06-04,130958.41
28285,RUT,2013-06-05,129065.82
28286,RUT,2013-06-06,129669.64
28287,RUT,2013-06-07,131161.90
28288,RUT,2013-06-10,131925.32
28289,RUT,2013-06-11,130697.73
28290,RUT,2013-06-12,129246.70
28291,RUT,2013-06-13,131583.51
28292,RUT,2013-06-14,130592.66
28293,RUT,2013-06-17,131410.61
28294,RUT,2013-06-18,132900.21
28295,RUT,2013-06-19,131721.83
28296,RUT,2013-06-20,127476.47
28297,RUT,2013-06-21,128129.50
28298,RUT,2013-06-24,127037.57
28299,RUT,2013-06-25,127878.13
28300,RUT,2013-06-26,128406.14
28301,RUT,2013-06-27,130244.20
28302,RUT,2013-06-28,130540.79
28303,RUT,2013-07-01,131349.43
28304,RUT,2013-07-02,131193.82
28305,RUT,2013-07-03,131820.25
28306,RUT,2013-07-05,133172.86
28307,RUT,2013-07-08,134166.37
28308,RUT,2013-07-09,135416.57
28309,RUT,2013-07-10,135783.65
28310,RUT,2013-07-11,137259.95
28311,RUT,2013-07-12,137983.47
28312,RUT,2013-07-15,138684.38
28313,RUT,2013-07-16,137978.15
28314,RUT,2013-07-17,138548.72
28315,RUT,2013-07-18,139520.95
28316,RUT,2013-07-19,139676.56
28317,RUT,2013-07-22,140079.55
28318,RUT,2013-07-23,139947.88
28319,RUT,2013-07-24,138893.19
28320,RUT,2013-07-25,140034.33
28321,RUT,2013-07-26,139374.65
28322,RUT,2013-07-29,138466.26
28323,RUT,2013-07-30,138615.22
28324,RUT,2013-07-31,139614.05
28325,RUT,2013-08-01,140954.69
28326,RUT,2013-08-02,140894.84
28327,RUT,2013-08-05,141175.47
28328,RUT,2013-08-06,139945.22
28329,RUT,2013-08-07,138978.31
28330,RUT,2013-08-08,139667.25
28331,RUT,2013-08-09,139512.97
28332,RUT,2013-08-12,140052.95
28333,RUT,2013-08-13,139860.10
28334,RUT,2013-08-14,139409.23
28335,RUT,2013-08-15,136484.56
28336,RUT,2013-08-16,136293.04
28337,RUT,2013-08-19,134593.30
28338,RUT,2013-08-20,136515.15
28339,RUT,2013-08-21,136048.32
28340,RUT,2013-08-22,137551.22
28341,RUT,2013-08-23,137752.05
28342,RUT,2013-08-26,138076.57
28343,RUT,2013-08-27,134496.21
28344,RUT,2013-08-28,135149.24
28345,RUT,2013-08-29,136166.69
28346,RUT,2013-08-30,134122.48
28347,RUT,2013-09-03,135100.03
28348,RUT,2013-09-04,135984.48
28349,RUT,2013-09-05,136899.52
28350,RUT,2013-09-06,136950.06
28351,RUT,2013-09-09,138894.52
28352,RUT,2013-09-10,140009.06
28353,RUT,2013-09-11,140155.36
28354,RUT,2013-09-12,139628.68
28355,RUT,2013-09-13,140087.53
28356,RUT,2013-09-16,140345.55
28357,RUT,2013-09-17,141759.34
28358,RUT,2013-09-18,143170.47
28359,RUT,2013-09-19,143157.17
28360,RUT,2013-09-20,142591.92
28361,RUT,2013-09-23,142700.98
28362,RUT,2013-09-24,143143.87
28363,RUT,2013-09-25,142921.76
28364,RUT,2013-09-26,142865.90
28365,RUT,2013-09-27,142820.68
28366,RUT,2013-09-30,142573.30
28367,RUT,2013-10-01,144145.36
28368,RUT,2013-10-02,143685.18
28369,RUT,2013-10-03,142522.76
28370,RUT,2013-10-04,143457.75
28371,RUT,2013-10-07,141913.62
28372,RUT,2013-10-08,139653.95
28373,RUT,2013-10-09,139035.50
28374,RUT,2013-10-10,142218.19
28375,RUT,2013-10-11,143851.43
28376,RUT,2013-10-14,144851.59
28377,RUT,2013-10-15,143747.69
28378,RUT,2013-10-16,145294.48
28379,RUT,2013-10-17,146475.52
28380,RUT,2013-10-18,147625.97
28381,RUT,2013-10-21,147651.24
28382,RUT,2013-10-22,148313.58
28383,RUT,2013-10-23,147692.47
28384,RUT,2013-10-24,148704.60
28385,RUT,2013-10-25,148412.00
28386,RUT,2013-10-28,148365.45
28387,RUT,2013-10-29,148791.05
28388,RUT,2013-10-30,147252.24
28389,RUT,2013-10-31,146617.83
28390,RUT,2013-11-01,145315.76
28391,RUT,2013-11-04,147101.95
28392,RUT,2013-11-05,146809.35
28393,RUT,2013-11-06,145971.45
28394,RUT,2013-11-07,143538.88
28395,RUT,2013-11-08,146262.72
28396,RUT,2013-11-11,146609.85
28397,RUT,2013-11-12,146387.74
28398,RUT,2013-11-13,147655.23
28399,RUT,2013-11-14,147911.92
28400,RUT,2013-11-15,148114.08
28401,RUT,2013-11-18,147035.45
28402,RUT,2013-11-19,146059.23
28403,RUT,2013-11-20,145970.12
28404,RUT,2013-11-21,148667.36
28405,RUT,2013-11-22,149589.05
28406,RUT,2013-11-25,149345.66
28407,RUT,2013-11-26,151028.11
28408,RUT,2013-11-27,151641.24
28409,RUT,2013-11-29,151651.88
28410,RUT,2013-12-02,149961.45
28411,RUT,2013-12-03,149018.48
28412,RUT,2013-12-04,149468.02
28413,RUT,2013-12-05,149179.41
28414,RUT,2013-12-06,150433.60
28415,RUT,2013-12-09,149829.78
28416,RUT,2013-12-10,149039.76
28417,RUT,2013-12-11,146221.49
28418,RUT,2013-12-12,147059.39
28419,RUT,2013-12-13,147442.43
28420,RUT,2013-12-16,148908.09
28421,RUT,2013-12-17,148912.08
28422,RUT,2013-12-18,150665.02
28423,RUT,2013-12-19,149664.86
28424,RUT,2013-12-20,152402.00
28425,RUT,2013-12-23,153720.03
28426,RUT,2013-12-24,154641.72
28427,RUT,2013-12-26,154756.10
28428,RUT,2013-12-27,154305.23
28429,RUT,2013-12-30,154490.10
28430,RUT,2013-12-31,154895.75
28431,RUT,2014-01-02,152830.26
28432,RUT,2014-01-03,153827.76
28433,RUT,2014-01-06,152533.67
28434,RUT,2014-01-07,153964.75
28435,RUT,2014-01-08,153443.39
28436,RUT,2014-01-09,153693.43
28437,RUT,2014-01-10,154777.38
28438,RUT,2014-01-13,151876.65
28439,RUT,2014-01-14,154753.44
28440,RUT,2014-01-15,155785.52
28441,RUT,2014-01-16,155922.51
28442,RUT,2014-01-17,154943.63
28443,RUT,2014-01-21,155981.03
28444,RUT,2014-01-22,156902.72
28445,RUT,2014-01-23,155441.05
28446,RUT,2014-01-24,151860.69
28447,RUT,2014-01-27,150482.81
28448,RUT,2014-01-28,151025.45
28449,RUT,2014-01-29,149071.68
28450,RUT,2014-01-30,151731.68
28451,RUT,2014-01-31,150422.96
28452,RUT,2014-02-03,145376.94
28453,RUT,2014-02-04,146475.52
28454,RUT,2014-02-05,145305.12
28455,RUT,2014-02-06,146543.35
28456,RUT,2014-02-07,148070.19
28457,RUT,2014-02-10,148547.66
28458,RUT,2014-02-11,150143.66
28459,RUT,2014-02-12,150284.64
28460,RUT,2014-02-13,152602.83
28461,RUT,2014-02-14,152735.83
28462,RUT,2014-02-18,154464.83
28463,RUT,2014-02-19,152902.08
28464,RUT,2014-02-20,154625.76
28465,RUT,2014-02-21,154806.64
28466,RUT,2014-02-24,156255.01
28467,RUT,2014-02-25,155749.61
28468,RUT,2014-02-26,156675.29
28469,RUT,2014-02-27,157610.28
28470,RUT,2014-02-28,157115.52
28471,RUT,2014-03-03,156152.60
28472,RUT,2014-03-04,161037.69
28473,RUT,2014-03-05,159921.82
28474,RUT,2014-03-06,160274.27
28475,RUT,2014-03-07,159584.00
28476,RUT,2014-03-10,159196.97
28477,RUT,2014-03-11,157514.52
28478,RUT,2014-03-12,158063.81
28479,RUT,2014-03-13,156546.28
28480,RUT,2014-03-14,156978.53
28481,RUT,2014-03-17,158011.94
28482,RUT,2014-03-18,160013.59
28483,RUT,2014-03-19,158873.78
28484,RUT,2014-03-20,159090.57
28485,RUT,2014-03-21,158473.45
28486,RUT,2014-03-24,156783.02
28487,RUT,2014-03-25,156647.36
28488,RUT,2014-03-26,154097.75
28489,RUT,2014-03-27,152935.33
28490,RUT,2014-03-28,152890.11
28491,RUT,2014-03-31,155921.18
28492,RUT,2014-04-01,157924.16
28493,RUT,2014-04-02,158554.58
28494,RUT,2014-04-03,157192.66
28495,RUT,2014-04-04,153333.00
28496,RUT,2014-04-07,151274.16
28497,RUT,2014-04-08,152225.11
28498,RUT,2014-04-09,154055.19
28499,RUT,2014-04-10,150091.79
28500,RUT,2014-04-11,148157.97
28501,RUT,2014-04-14,147953.15
28502,RUT,2014-04-15,148559.63
28503,RUT,2014-04-16,150441.58
28504,RUT,2014-04-17,151248.89
28505,RUT,2014-04-21,151347.31
28506,RUT,2014-04-22,153230.59
28507,RUT,2014-04-23,152516.38
28508,RUT,2014-04-24,151891.28
28509,RUT,2014-04-25,149394.87
28510,RUT,2014-04-28,148834.94
28511,RUT,2014-04-29,148709.92
28512,RUT,2014-04-30,149738.01
28513,RUT,2014-05-01,149021.14
28514,RUT,2014-05-02,149675.50
28515,RUT,2014-05-05,149481.32
28516,RUT,2014-05-06,147463.71
28517,RUT,2014-05-07,146886.49
28518,RUT,2014-05-08,145895.64
28519,RUT,2014-05-09,146994.22
28520,RUT,2014-05-12,150863.19
28521,RUT,2014-05-13,149393.54
28522,RUT,2014-05-14,146817.33
28523,RUT,2014-05-15,145923.57
28524,RUT,2014-05-16,146004.70
28525,RUT,2014-05-19,147805.52
28526,RUT,2014-05-20,146135.04
28527,RUT,2014-05-21,146557.98
28528,RUT,2014-05-22,148043.59
28529,RUT,2014-05-23,149561.12
28530,RUT,2014-05-27,151604.00
28531,RUT,2014-05-28,151332.68
28532,RUT,2014-05-29,151376.57
28533,RUT,2014-05-30,150808.66
28534,RUT,2014-06-02,149992.04
28535,RUT,2014-06-03,149620.97
28536,RUT,2014-06-04,150192.87
28537,RUT,2014-06-05,153206.65
28538,RUT,2014-06-06,154799.99
28539,RUT,2014-06-09,156095.41
28540,RUT,2014-06-10,155762.91
28541,RUT,2014-06-11,155205.64
28542,RUT,2014-06-12,153773.23
28543,RUT,2014-06-13,154209.47
28544,RUT,2014-06-16,154922.35
28545,RUT,2014-06-17,156495.74
28546,RUT,2014-06-18,157368.22
28547,RUT,2014-06-19,157418.76
28548,RUT,2014-06-20,157639.54
28549,RUT,2014-06-23,157301.72
28550,RUT,2014-06-24,155860.00
28551,RUT,2014-06-25,157067.64
28552,RUT,2014-06-26,156809.62
28553,RUT,2014-06-27,157811.11
28554,RUT,2014-06-30,158324.49
28555,RUT,2014-07-01,160577.51
28556,RUT,2014-07-02,159369.87
28557,RUT,2014-07-03,160504.36
28558,RUT,2014-07-07,157869.63
28559,RUT,2014-07-08,155762.91
28560,RUT,2014-07-09,156145.95
28561,RUT,2014-07-10,154773.39
28562,RUT,2014-07-11,154342.47
28563,RUT,2014-07-14,155026.09
28564,RUT,2014-07-15,153434.08
28565,RUT,2014-07-16,153061.68
28566,RUT,2014-07-17,150469.51
28567,RUT,2014-07-18,152649.38
28568,RUT,2014-07-21,152384.71
28569,RUT,2014-07-22,153452.70
28570,RUT,2014-07-23,153749.29
28571,RUT,2014-07-24,153467.33
28572,RUT,2014-07-25,151925.86
28573,RUT,2014-07-28,151518.88
28574,RUT,2014-07-29,151895.27
28575,RUT,2014-07-30,152334.17
28576,RUT,2014-07-31,149249.90
28577,RUT,2014-08-01,147913.25
28578,RUT,2014-08-04,149553.14
28579,RUT,2014-08-05,148809.67
28580,RUT,2014-08-06,149764.61
28581,RUT,2014-08-07,148717.90
28582,RUT,2014-08-08,150364.44
28583,RUT,2014-08-11,151796.85
28584,RUT,2014-08-12,150597.19
28585,RUT,2014-08-13,151747.64
28586,RUT,2014-08-14,151985.71
28587,RUT,2014-08-15,151244.90
28588,RUT,2014-08-18,153331.67
28589,RUT,2014-08-19,154343.80
28590,RUT,2014-08-20,153888.94
28591,RUT,2014-08-21,154129.67
28592,RUT,2014-08-22,154196.17
28593,RUT,2014-08-25,154797.33
28594,RUT,2014-08-26,156048.86
28595,RUT,2014-08-27,155750.94
28596,RUT,2014-08-28,155103.23
28597,RUT,2014-08-29,155881.28
28598,RUT,2014-09-02,156700.56
28599,RUT,2014-09-03,155596.66
28600,RUT,2014-09-04,154773.39
28601,RUT,2014-09-05,155415.78
28602,RUT,2014-09-08,155745.62
28603,RUT,2014-09-09,154000.66
28604,RUT,2014-09-10,154749.45
28605,RUT,2014-09-11,155708.38
28606,RUT,2014-09-12,154146.96
28607,RUT,2014-09-15,152644.06
28608,RUT,2014-09-16,152987.20
28609,RUT,2014-09-17,153467.33
28610,RUT,2014-09-18,153652.20
28611,RUT,2014-09-19,152084.13
28612,RUT,2014-09-22,150102.43
28613,RUT,2014-09-23,149073.01
28614,RUT,2014-09-24,149848.40
28615,RUT,2014-09-25,147695.13
28616,RUT,2014-09-26,148321.56
28617,RUT,2014-09-29,148213.83
28618,RUT,2014-09-30,147024.81
28619,RUT,2014-10-01,144330.23
28620,RUT,2014-10-02,145551.17
28621,RUT,2014-10-03,146816.00
28622,RUT,2014-10-06,145793.23
28623,RUT,2014-10-07,143417.85
28624,RUT,2014-10-08,145726.73
28625,RUT,2014-10-09,142509.46
28626,RUT,2014-10-10,140498.50
28627,RUT,2014-10-13,139821.53
28628,RUT,2014-10-14,141112.96
28629,RUT,2014-10-15,142952.35
28630,RUT,2014-10-16,144697.31
28631,RUT,2014-10-17,143883.35
28632,RUT,2014-10-20,144972.62
28633,RUT,2014-10-21,147550.16
28634,RUT,2014-10-22,146065.88
28635,RUT,2014-10-23,148107.43
28636,RUT,2014-10-24,148494.46
28637,RUT,2014-10-27,148333.53
28638,RUT,2014-10-28,152423.28
28639,RUT,2014-10-29,152584.21
28640,RUT,2014-10-30,153217.29
28641,RUT,2014-10-31,156004.97
28642,RUT,2014-11-03,155125.84
28643,RUT,2014-11-04,154914.37
28644,RUT,2014-11-05,155048.70
28645,RUT,2014-11-06,155648.53
28646,RUT,2014-11-07,155563.41
28647,RUT,2014-11-10,156491.75
28648,RUT,2014-11-11,156896.07
28649,RUT,2014-11-12,157852.34
28650,RUT,2014-11-13,156583.52
28651,RUT,2014-11-14,156259.00
28652,RUT,2014-11-17,154943.63
28653,RUT,2014-11-18,155871.97
28654,RUT,2014-11-19,153948.79
28655,RUT,2014-11-20,155648.53
28656,RUT,2014-11-21,156014.28
28657,RUT,2014-11-24,157425.41
28658,RUT,2014-11-25,157483.93
28659,RUT,2014-11-26,158186.17
28660,RUT,2014-11-28,155905.22
28661,RUT,2014-12-01,153649.54
28662,RUT,2014-12-02,155113.87
28663,RUT,2014-12-03,157053.01
28664,RUT,2014-12-04,155582.03
28665,RUT,2014-12-05,157013.11
28666,RUT,2014-12-08,155225.59
28667,RUT,2014-12-09,157623.58
28668,RUT,2014-12-10,154736.15
28669,RUT,2014-12-11,155276.13
28670,RUT,2014-12-12,153525.85
28671,RUT,2014-12-15,152117.38
28672,RUT,2014-12-16,151885.96
28673,RUT,2014-12-17,156019.60
28674,RUT,2014-12-18,158518.67
28675,RUT,2014-12-19,159352.58
28676,RUT,2014-12-22,159662.47
28677,RUT,2014-12-23,159637.20
28678,RUT,2014-12-24,160690.56
28679,RUT,2014-12-26,161773.18
28680,RUT,2014-12-29,162047.16
28681,RUT,2014-12-30,161449.99
28682,RUT,2014-12-31,160360.72
28683,RUT,2015-01-02,159252.83
28684,RUT,2015-01-05,157023.75
28685,RUT,2015-01-06,154801.32
28686,RUT,2015-01-07,155914.53
28687,RUT,2015-01-08,158726.15
28688,RUT,2015-01-09,158087.75
28689,RUT,2015-01-12,156701.89
28690,RUT,2015-01-13,156724.50
28691,RUT,2015-01-14,156526.33
28692,RUT,2015-01-15,153713.38
28693,RUT,2015-01-16,155777.54
28694,RUT,2015-01-20,155675.13
28695,RUT,2015-01-21,154740.14
28696,RUT,2015-01-22,158002.63
28697,RUT,2015-01-23,158163.56
28698,RUT,2015-01-26,159219.58
28699,RUT,2015-01-27,158738.12
28700,RUT,2015-01-28,155756.26
28701,RUT,2015-01-29,157901.55
28702,RUT,2015-01-30,155010.13
28703,RUT,2015-02-02,156102.06
28704,RUT,2015-02-03,158929.64
28705,RUT,2015-02-04,158405.62
28706,RUT,2015-02-05,160839.52
28707,RUT,2015-02-06,159903.20
28708,RUT,2015-02-09,159066.63
28709,RUT,2015-02-10,160258.31
28710,RUT,2015-02-11,159980.34
28711,RUT,2015-02-12,161629.54
28712,RUT,2015-02-13,162787.97
28713,RUT,2015-02-17,162537.93
28714,RUT,2015-02-18,162971.51
28715,RUT,2015-02-19,163081.90
28716,RUT,2015-02-20,163468.93
28717,RUT,2015-02-23,163092.54
28718,RUT,2015-02-24,163777.49
28719,RUT,2015-02-25,163905.17
28720,RUT,2015-02-26,164584.80
28721,RUT,2015-02-27,164116.64
28722,RUT,2015-03-02,164946.56
28723,RUT,2015-03-03,163976.99
28724,RUT,2015-03-04,163577.99
28725,RUT,2015-03-05,163898.52
28726,RUT,2015-03-06,161548.41
28727,RUT,2015-03-09,162615.07
28728,RUT,2015-03-10,160932.62
28729,RUT,2015-03-11,161442.01
28730,RUT,2015-03-12,164322.79
28731,RUT,2015-03-13,163951.72
28732,RUT,2015-03-16,164657.95
28733,RUT,2015-03-17,165147.39
28734,RUT,2015-03-18,166631.67
28735,RUT,2015-03-19,166787.28
28736,RUT,2015-03-20,168005.56
28737,RUT,2015-03-23,168324.76
28738,RUT,2015-03-24,168009.55
28739,RUT,2015-03-25,164257.62
28740,RUT,2015-03-26,163660.45
28741,RUT,2015-03-27,164777.65
28742,RUT,2015-03-30,167262.09
28743,RUT,2015-03-31,166320.45
28744,RUT,2015-04-01,165725.94
28745,RUT,2015-04-02,166889.69
28746,RUT,2015-04-06,167490.85
28747,RUT,2015-04-07,166756.69
28748,RUT,2015-04-08,167758.18
28749,RUT,2015-04-09,167274.06
28750,RUT,2015-04-10,168046.79
28751,RUT,2015-04-13,168424.51
28752,RUT,2015-04-14,168342.05
28753,RUT,2015-04-15,169895.49
28754,RUT,2015-04-16,169428.66
28755,RUT,2015-04-17,166432.17
28756,RUT,2015-04-20,167877.88
28757,RUT,2015-04-21,167972.31
28758,RUT,2015-04-22,168122.60
28759,RUT,2015-04-23,169070.89
28760,RUT,2015-04-24,168283.53
28761,RUT,2015-04-27,166281.88
28762,RUT,2015-04-28,167166.33
28763,RUT,2015-04-29,165824.36
28764,RUT,2015-04-30,162035.19
28765,RUT,2015-05-01,163032.69
28766,RUT,2015-05-04,163970.34
28767,RUT,2015-05-05,161394.13
28768,RUT,2015-05-06,161495.21
28769,RUT,2015-05-07,162572.51
28770,RUT,2015-05-08,164176.49
28771,RUT,2015-05-11,164505.00
28772,RUT,2015-05-12,163843.99
28773,RUT,2015-05-13,163830.69
28774,RUT,2015-05-14,165428.02
28775,RUT,2015-05-15,165042.32
28776,RUT,2015-05-18,167059.93
28777,RUT,2015-05-19,166522.61
28778,RUT,2015-05-20,167115.79
28779,RUT,2015-05-21,167062.59
28780,RUT,2015-05-22,166425.52
28781,RUT,2015-05-26,164627.36
28782,RUT,2015-05-27,166363.01
28783,RUT,2015-05-28,166231.34
28784,RUT,2015-05-29,165912.14
28785,RUT,2015-06-01,166055.78
28786,RUT,2015-06-02,166248.63
28787,RUT,2015-06-03,168041.47
28788,RUT,2015-06-04,166194.10
28789,RUT,2015-06-05,167266.08
28790,RUT,2015-06-08,166945.55
28791,RUT,2015-06-09,165962.68
28792,RUT,2015-06-10,168569.48
28793,RUT,2015-06-11,168397.91
28794,RUT,2015-06-12,168202.40
28795,RUT,2015-06-15,167959.01
28796,RUT,2015-06-16,168807.55
28797,RUT,2015-06-17,168835.48
28798,RUT,2015-06-18,171157.66
28799,RUT,2015-06-19,170680.19
28800,RUT,2015-06-22,171693.65
28801,RUT,2015-06-23,172089.99
28802,RUT,2015-06-24,170745.36
28803,RUT,2015-06-25,170226.66
28804,RUT,2015-06-26,169642.79
28805,RUT,2015-06-29,165848.30
28806,RUT,2015-06-30,166430.84
28807,RUT,2015-07-01,166762.01
28808,RUT,2015-07-02,165997.26
28809,RUT,2015-07-06,165369.50
28810,RUT,2015-07-07,165856.28
28811,RUT,2015-07-08,163349.23
28812,RUT,2015-07-09,164354.71
28813,RUT,2015-07-10,166380.30
28814,RUT,2015-07-13,168322.10
28815,RUT,2015-07-14,169306.30
28816,RUT,2015-07-15,168173.14
28817,RUT,2015-07-16,169064.24
28818,RUT,2015-07-17,168307.47
28819,RUT,2015-07-20,167058.60
28820,RUT,2015-07-21,166598.42
28821,RUT,2015-07-22,166742.06
28822,RUT,2015-07-23,165377.48
28823,RUT,2015-07-24,162714.82
28824,RUT,2015-07-27,161114.83
28825,RUT,2015-07-28,162584.48
28826,RUT,2015-07-29,163609.91
28827,RUT,2015-07-30,163653.80
28828,RUT,2015-07-31,164189.79
28829,RUT,2015-08-03,163527.45
28830,RUT,2015-08-04,163112.49
28831,RUT,2015-08-05,163652.47
28832,RUT,2015-08-06,161548.41
28833,RUT,2015-08-07,160186.49
28834,RUT,2015-08-10,162133.61
28835,RUT,2015-08-11,160957.89
28836,RUT,2015-08-12,160766.37
28837,RUT,2015-08-13,160034.87
28838,RUT,2015-08-14,161097.54
28839,RUT,2015-08-17,162468.77
28840,RUT,2015-08-18,161649.49
28841,RUT,2015-08-19,160336.78
28842,RUT,2015-08-20,156749.77
28843,RUT,2015-08-21,153942.14
28844,RUT,2015-08-24,149312.41
28845,RUT,2015-08-25,146909.10
28846,RUT,2015-08-26,150371.09
28847,RUT,2015-08-27,152366.09
28848,RUT,2015-08-28,153862.34
28849,RUT,2015-08-31,154117.70
28850,RUT,2015-09-01,149344.33
28851,RUT,2015-09-02,151542.82
28852,RUT,2015-09-03,152076.15
28853,RUT,2015-09-04,151118.55
28854,RUT,2015-09-08,154342.47
28855,RUT,2015-09-09,152834.25
28856,RUT,2015-09-10,152927.35
28857,RUT,2015-09-11,153600.33
28858,RUT,2015-09-14,153327.68
28859,RUT,2015-09-15,155201.65
28860,RUT,2015-09-16,156393.33
28861,RUT,2015-09-17,156873.46
28862,RUT,2015-09-18,153998.00
28863,RUT,2015-09-21,153919.53
28864,RUT,2015-09-22,151999.01
28865,RUT,2015-09-23,151448.39
28866,RUT,2015-09-24,151102.59
28867,RUT,2015-09-25,149175.42
28868,RUT,2015-09-28,145374.28
28869,RUT,2015-09-29,143653.26
28870,RUT,2015-09-30,146363.80
28871,RUT,2015-10-01,145197.39
28872,RUT,2015-10-02,147433.12
28873,RUT,2015-10-05,151530.85
28874,RUT,2015-10-06,150760.78
28875,RUT,2015-10-07,152866.17
28876,RUT,2015-10-08,154526.01
28877,RUT,2015-10-09,154948.95
28878,RUT,2015-10-12,154809.30
28879,RUT,2015-10-13,152774.40
28880,RUT,2015-10-14,151488.29
28881,RUT,2015-10-15,154029.92
28882,RUT,2015-10-16,154389.02
28883,RUT,2015-10-19,154339.81
28884,RUT,2015-10-20,154472.81
28885,RUT,2015-10-21,152179.89
28886,RUT,2015-10-22,153110.89
28887,RUT,2015-10-23,154754.77
28888,RUT,2015-10-26,153872.98
28889,RUT,2015-10-27,151832.76
28890,RUT,2015-10-28,156088.76
28891,RUT,2015-10-29,154919.69
28892,RUT,2015-10-30,154136.32
28893,RUT,2015-11-02,157530.48
28894,RUT,2015-11-03,158348.43
28895,RUT,2015-11-04,157873.62
28896,RUT,2015-11-05,158367.05
28897,RUT,2015-11-06,159321.99
28898,RUT,2015-11-09,157815.10
28899,RUT,2015-11-10,157898.89
28900,RUT,2015-11-11,156822.92
28901,RUT,2015-11-12,153672.15
28902,RUT,2015-11-13,152605.49
28903,RUT,2015-11-16,153532.50
28904,RUT,2015-11-17,153599.00
28905,RUT,2015-11-18,155449.03
28906,RUT,2015-11-19,155084.61
28907,RUT,2015-11-20,155752.27
28908,RUT,2015-11-23,156497.07
28909,RUT,2015-11-24,157622.25
28910,RUT,2015-11-25,158904.37
28911,RUT,2015-11-27,159542.77
28912,RUT,2015-11-30,159232.88
28913,RUT,2015-12-01,159686.41
28914,RUT,2015-12-02,158235.38
28915,RUT,2015-12-03,155270.81
28916,RUT,2015-12-04,156939.96
28917,RUT,2015-12-07,154185.53
28918,RUT,2015-12-08,153868.99
28919,RUT,2015-12-09,152158.61
28920,RUT,2015-12-10,152405.99
28921,RUT,2015-12-11,148701.94
28922,RUT,2015-12-14,147637.94
28923,RUT,2015-12-15,150055.88
28924,RUT,2015-12-16,152618.79
28925,RUT,2015-12-17,151077.32
28926,RUT,2015-12-18,149243.25
28927,RUT,2015-12-21,149155.47
28928,RUT,2015-12-22,150746.15
28929,RUT,2015-12-23,152935.33
28930,RUT,2015-12-24,152854.20
28931,RUT,2015-12-28,152359.44
28932,RUT,2015-12-29,154146.96
28933,RUT,2015-12-30,153077.64
28934,RUT,2015-12-31,151772.91
28935,RUT,2016-01-04,147062.05
28936,RUT,2016-01-05,147612.67
28937,RUT,2016-01-06,145669.54
28938,RUT,2016-01-07,141648.95
28939,RUT,2016-01-08,139639.32
28940,RUT,2016-01-11,139087.37
28941,RUT,2016-01-12,138600.59
28942,RUT,2016-01-13,134646.50
28943,RUT,2016-01-14,136742.58
28944,RUT,2016-01-15,133343.10
28945,RUT,2016-01-19,132471.95
28946,RUT,2016-01-20,133167.54
28947,RUT,2016-01-21,133118.33
28948,RUT,2016-01-22,135283.57
28949,RUT,2016-01-25,132354.91
28950,RUT,2016-01-26,135199.78
28951,RUT,2016-01-27,133067.79
28952,RUT,2016-01-28,132847.01
28953,RUT,2016-01-29,136771.84
28954,RUT,2016-02-01,137787.96
28955,RUT,2016-02-02,133974.85
28956,RUT,2016-02-03,134210.26
28957,RUT,2016-02-04,134867.28
28958,RUT,2016-02-05,131426.57
28959,RUT,2016-02-08,128912.87
28960,RUT,2016-02-09,128277.13
28961,RUT,2016-02-10,128245.21
28962,RUT,2016-02-11,127566.91
28963,RUT,2016-02-12,129057.84
28964,RUT,2016-02-16,132454.66
28965,RUT,2016-02-17,134456.31
28966,RUT,2016-02-18,133553.24
28967,RUT,2016-02-19,133962.88
28968,RUT,2016-02-22,135665.28
28969,RUT,2016-02-23,134500.20
28970,RUT,2016-02-24,135553.56
28971,RUT,2016-02-25,136789.13
28972,RUT,2016-02-26,137605.75
28973,RUT,2016-02-29,137649.64
28974,RUT,2016-03-01,139570.16
28975,RUT,2016-03-02,141273.89
28976,RUT,2016-03-03,142726.25
28977,RUT,2016-03-04,143674.54
28978,RUT,2016-03-07,144989.91
28979,RUT,2016-03-08,142251.44
28980,RUT,2016-03-09,142344.54
28981,RUT,2016-03-10,141249.95
28982,RUT,2016-03-11,144472.54
28983,RUT,2016-03-14,144342.20
28984,RUT,2016-03-15,141805.89
28985,RUT,2016-03-16,142896.49
28986,RUT,2016-03-17,145605.70
28987,RUT,2016-03-18,146221.49
28988,RUT,2016-03-21,145755.99
28989,RUT,2016-03-22,145636.29
28990,RUT,2016-03-23,143167.81
28991,RUT,2016-03-24,143138.55
28992,RUT,2016-03-28,143464.40
28993,RUT,2016-03-29,147047.42
28994,RUT,2016-03-30,147836.11
28995,RUT,2016-03-31,148253.73
28996,RUT,2016-04-01,148594.21
28997,RUT,2016-04-04,147321.40
28998,RUT,2016-04-05,145807.86
28999,RUT,2016-04-06,147204.36
29000,RUT,2016-04-07,145040.45
29001,RUT,2016-04-08,145505.95
29002,RUT,2016-04-11,145509.94
29003,RUT,2016-04-12,146902.45
29004,RUT,2016-04-13,150300.60
29005,RUT,2016-04-14,150094.45
29006,RUT,2016-04-15,150090.46
29007,RUT,2016-04-18,151270.17
29008,RUT,2016-04-19,151316.72
29009,RUT,2016-04-20,151653.21
29010,RUT,2016-04-21,150843.24
29011,RUT,2016-04-22,151867.34
29012,RUT,2016-04-25,150927.03
29013,RUT,2016-04-26,152828.93
29014,RUT,2016-04-27,153493.93
29015,RUT,2016-04-28,151658.53
29016,RUT,2016-04-29,150203.51
29017,RUT,2016-05-02,151427.11
29018,RUT,2016-05-03,148861.54
29019,RUT,2016-05-04,148220.48
29020,RUT,2016-05-05,147645.92
29021,RUT,2016-05-06,147506.27
29022,RUT,2016-05-09,148720.56
29023,RUT,2016-05-10,149937.51
29024,RUT,2016-05-11,148181.91
29025,RUT,2016-05-12,147427.80
29026,RUT,2016-05-13,146619.16
29027,RUT,2016-05-16,148558.30
29028,RUT,2016-05-17,145709.44
29029,RUT,2016-05-18,146274.69
29030,RUT,2016-05-19,145689.49
29031,RUT,2016-05-20,147317.41
29032,RUT,2016-05-23,147704.44
29033,RUT,2016-05-24,150791.37
29034,RUT,2016-05-25,151569.42
29035,RUT,2016-05-26,151602.67
29036,RUT,2016-05-27,152581.55
29037,RUT,2016-05-31,153435.41
29038,RUT,2016-06-01,154556.60
29039,RUT,2016-06-02,155072.64
29040,RUT,2016-06-03,154704.23
29041,RUT,2016-06-06,156485.10
29042,RUT,2016-06-07,156745.78
29043,RUT,2016-06-08,158066.47
29044,RUT,2016-06-09,157080.94
29045,RUT,2016-06-10,154765.41
29046,RUT,2016-06-13,152937.99
29047,RUT,2016-06-14,152657.36
29048,RUT,2016-06-15,152988.53
29049,RUT,2016-06-16,152686.62
29050,RUT,2016-06-17,151875.32
29051,RUT,2016-06-20,153927.51
29052,RUT,2016-06-21,153172.07
29053,RUT,2016-06-22,152711.89
29054,RUT,2016-06-23,155407.80
29055,RUT,2016-06-24,149716.73
29056,RUT,2016-06-27,144872.87
29057,RUT,2016-06-28,146898.46
29058,RUT,2016-06-29,150234.10
29059,RUT,2016-06-30,152219.79
29060,RUT,2016-07-01,153781.21
29061,RUT,2016-07-05,151699.76
29062,RUT,2016-07-06,152541.65
29063,RUT,2016-07-07,152793.02
29064,RUT,2016-07-08,156328.16
29065,RUT,2016-07-11,158320.50
29066,RUT,2016-07-12,160420.57
29067,RUT,2016-07-13,159770.20
29068,RUT,2016-07-14,160008.27
29069,RUT,2016-07-15,160038.86
29070,RUT,2016-07-18,160453.82
29071,RUT,2016-07-19,159396.47
29072,RUT,2016-07-20,160584.16
29073,RUT,2016-07-21,159791.48
29074,RUT,2016-07-22,160980.50
29075,RUT,2016-07-25,160589.48
29076,RUT,2016-07-26,161419.40
29077,RUT,2016-07-27,161876.92
29078,RUT,2016-07-28,161934.11
29079,RUT,2016-07-29,161907.51
29080,RUT,2016-08-01,161697.37
29081,RUT,2016-08-02,159907.19
29082,RUT,2016-08-03,160750.41
29083,RUT,2016-08-04,161286.40
29084,RUT,2016-08-05,163728.28
29085,RUT,2016-08-08,163398.44
29086,RUT,2016-08-09,163769.51
29087,RUT,2016-08-10,162511.33
29088,RUT,2016-08-11,163503.51
29089,RUT,2016-08-12,163555.38
29090,RUT,2016-08-15,165136.75
29091,RUT,2016-08-16,164058.12
29092,RUT,2016-08-17,163281.40
29093,RUT,2016-08-18,164261.61
29094,RUT,2016-08-19,164129.94
29095,RUT,2016-08-22,164431.85
29096,RUT,2016-08-23,165858.94
29097,RUT,2016-08-24,164172.50
29098,RUT,2016-08-25,164479.73
29099,RUT,2016-08-26,164318.80
29100,RUT,2016-08-29,165208.57
29101,RUT,2016-08-30,165470.58
29102,RUT,2016-08-31,165096.85
29103,RUT,2016-09-01,164184.47
29104,RUT,2016-09-02,166085.04
29105,RUT,2016-09-06,166398.92
29106,RUT,2016-09-07,167486.86
29107,RUT,2016-09-08,167252.78
29108,RUT,2016-09-09,162806.59
29109,RUT,2016-09-12,164239.00
29110,RUT,2016-09-13,161229.21
29111,RUT,2016-09-14,161219.90
29112,RUT,2016-09-15,163133.77
29113,RUT,2016-09-16,162450.15
29114,RUT,2016-09-19,163588.63
29115,RUT,2016-09-20,163374.50
29116,RUT,2016-09-21,165261.77
29117,RUT,2016-09-22,167744.88
29118,RUT,2016-09-23,166820.53
29119,RUT,2016-09-26,164947.89
29120,RUT,2016-09-27,165316.30
29121,RUT,2016-09-28,166667.58
29122,RUT,2016-09-29,164884.05
29123,RUT,2016-09-30,166817.87
29124,RUT,2016-10-03,165478.56
29125,RUT,2016-10-04,164865.43
29126,RUT,2016-10-05,166094.35
29127,RUT,2016-10-06,165740.57
29128,RUT,2016-10-07,164445.15
29129,RUT,2016-10-10,166333.75
29130,RUT,2016-10-11,163087.22
29131,RUT,2016-10-12,163175.00
29132,RUT,2016-10-13,161891.55
29133,RUT,2016-10-14,161580.33
29134,RUT,2016-10-17,161031.04
29135,RUT,2016-10-18,161900.86
29136,RUT,2016-10-19,162782.65
29137,RUT,2016-10-20,162149.57
29138,RUT,2016-10-21,161715.99
29139,RUT,2016-10-24,162669.60
29140,RUT,2016-10-25,161418.07
29141,RUT,2016-10-26,160041.52
29142,RUT,2016-10-27,157978.69
29143,RUT,2016-10-28,157624.91
29144,RUT,2016-10-31,158365.72
29145,RUT,2016-11-01,156486.43
29146,RUT,2016-11-02,154905.06
29147,RUT,2016-11-03,153591.02
29148,RUT,2016-11-04,154815.95
29149,RUT,2016-11-07,158066.47
29150,RUT,2016-11-08,159071.95
29151,RUT,2016-11-09,163491.54
29152,RUT,2016-11-10,166571.82
29153,RUT,2016-11-11,170323.75
29154,RUT,2016-11-14,172221.66
29155,RUT,2016-11-15,173523.73
29156,RUT,2016-11-16,173389.40
29157,RUT,2016-11-17,174188.73
29158,RUT,2016-11-18,174877.67
29159,RUT,2016-11-21,175182.24
29160,RUT,2016-11-22,176795.53
29161,RUT,2016-11-23,178071.00
29162,RUT,2016-11-25,179131.01
29163,RUT,2016-11-28,176655.88
29164,RUT,2016-11-29,176502.93
29165,RUT,2016-11-30,176024.13
29166,RUT,2016-12-01,174107.60
29167,RUT,2016-12-02,174835.11
29168,RUT,2016-12-05,177734.51
29169,RUT,2016-12-06,179663.01
29170,RUT,2016-12-07,181768.40
29171,RUT,2016-12-08,184231.56
29172,RUT,2016-12-09,184650.51
29173,RUT,2016-12-12,182608.96
29174,RUT,2016-12-13,182859.00
29175,RUT,2016-12-14,180713.71
29176,RUT,2016-12-15,181788.35
29177,RUT,2016-12-16,181179.21
29178,RUT,2016-12-19,182342.96
29179,RUT,2016-12-20,183739.46
29180,RUT,2016-12-21,183486.76
29181,RUT,2016-12-22,181325.51
29182,RUT,2016-12-23,182103.56
29183,RUT,2016-12-27,183367.06
29184,RUT,2016-12-28,180820.11
29185,RUT,2016-12-29,181112.71
29186,RUT,2016-12-30,180487.61
29187,RUT,2017-01-03,181192.51
29188,RUT,2017-01-04,184754.25
29189,RUT,2017-01-05,182469.31
29190,RUT,2017-01-06,182110.21
29191,RUT,2017-01-09,180784.20
29192,RUT,2017-01-10,182349.61
29193,RUT,2017-01-11,182462.66
29194,RUT,2017-01-12,180959.76
29195,RUT,2017-01-13,182546.45
29196,RUT,2017-01-17,179968.91
29197,RUT,2017-01-18,180447.71
29198,RUT,2017-01-19,178980.72
29199,RUT,2017-01-20,179510.06
29200,RUT,2017-01-23,179403.66
29201,RUT,2017-01-24,182269.81
29202,RUT,2017-01-25,183945.61
29203,RUT,2017-01-26,182821.76
29204,RUT,2017-01-27,182227.25
29205,RUT,2017-01-30,179676.31
29206,RUT,2017-01-31,181285.61
29207,RUT,2017-02-01,180866.66
29208,RUT,2017-02-02,180135.16
29209,RUT,2017-02-03,183111.70
29210,RUT,2017-02-06,181677.96
29211,RUT,2017-02-07,180833.41
29212,RUT,2017-02-08,180804.15
29213,RUT,2017-02-09,183198.15
29214,RUT,2017-02-10,184610.61
29215,RUT,2017-02-13,185040.20
29216,RUT,2017-02-14,185705.20
29217,RUT,2017-02-15,186735.95
29218,RUT,2017-02-16,185851.50
29219,RUT,2017-02-17,185754.41
29220,RUT,2017-02-21,187277.26
29221,RUT,2017-02-22,186492.56
29222,RUT,2017-02-23,185355.41
29223,RUT,2017-02-24,185086.75
29224,RUT,2017-02-27,186860.97
29225,RUT,2017-02-28,184318.01
29226,RUT,2017-03-01,187982.16
29227,RUT,2017-03-02,185594.81
29228,RUT,2017-03-03,185255.66
29229,RUT,2017-03-06,184298.06
29230,RUT,2017-03-07,182837.72
29231,RUT,2017-03-08,181684.61
29232,RUT,2017-03-09,180830.75
29233,RUT,2017-03-10,181402.65
29234,RUT,2017-03-13,182063.66
29235,RUT,2017-03-14,181425.26
29236,RUT,2017-03-15,184138.46
29237,RUT,2017-03-16,184155.75
29238,RUT,2017-03-17,184953.75
29239,RUT,2017-03-20,184224.91
29240,RUT,2017-03-21,179397.01
29241,RUT,2017-03-22,178539.16
29242,RUT,2017-03-23,179569.91
29243,RUT,2017-03-24,180724.35
29244,RUT,2017-03-27,180833.41
29245,RUT,2017-03-28,181840.22
29246,RUT,2017-03-29,182422.76
29247,RUT,2017-03-30,183905.71
29248,RUT,2017-03-31,184799.47
29249,RUT,2017-04-03,182263.16
29250,RUT,2017-04-04,181465.16
29251,RUT,2017-04-05,179944.97
29252,RUT,2017-04-06,180959.76
29253,RUT,2017-04-07,181474.47
29254,RUT,2017-04-10,181868.15
29255,RUT,2017-04-11,182928.16
29256,RUT,2017-04-12,180653.86
29257,RUT,2017-04-13,178980.72
29258,RUT,2017-04-17,180567.41
29259,RUT,2017-04-18,181126.01
29260,RUT,2017-04-19,181731.16
29261,RUT,2017-04-20,183901.72
29262,RUT,2017-04-21,183790.00
29263,RUT,2017-04-24,186090.90
29264,RUT,2017-04-25,187939.60
29265,RUT,2017-04-26,189192.46
29266,RUT,2017-04-27,188571.35
29267,RUT,2017-04-28,186395.47
29268,RUT,2017-05-01,186785.16
29269,RUT,2017-05-02,185718.50
29270,RUT,2017-05-03,184899.22
29271,RUT,2017-05-04,184577.36
29272,RUT,2017-05-05,185512.35
29273,RUT,2017-05-08,184710.36
29274,RUT,2017-05-09,184275.45
29275,RUT,2017-05-10,186047.01
29276,RUT,2017-05-11,185098.72
29277,RUT,2017-05-12,183832.56
29278,RUT,2017-05-15,185046.85
29279,RUT,2017-05-16,185386.00
29280,RUT,2017-05-17,180899.91
29281,RUT,2017-05-18,180973.06
29282,RUT,2017-05-19,181684.61
29283,RUT,2017-05-22,182992.00
29284,RUT,2017-05-23,183510.70
29285,RUT,2017-05-24,183829.90
29286,RUT,2017-05-25,184025.41
29287,RUT,2017-05-26,183772.71
29288,RUT,2017-05-30,182526.50
29289,RUT,2017-05-31,182110.21
29290,RUT,2017-06-01,185222.41
29291,RUT,2017-06-02,187197.46
29292,RUT,2017-06-05,185929.97
29293,RUT,2017-06-06,185814.26
29294,RUT,2017-06-07,185625.40
29295,RUT,2017-06-08,188234.86
29296,RUT,2017-06-09,188607.26
29297,RUT,2017-06-12,188464.95
29298,RUT,2017-06-13,189562.20
29299,RUT,2017-06-14,188351.90
29300,RUT,2017-06-15,187141.60
29301,RUT,2017-06-16,186718.66
29302,RUT,2017-06-19,188474.26
29303,RUT,2017-06-20,186622.90
29304,RUT,2017-06-21,186086.91
29305,RUT,2017-06-22,186908.85
29306,RUT,2017-06-23,188008.76
29307,RUT,2017-06-26,188580.66
29308,RUT,2017-06-27,186931.46
29309,RUT,2017-06-28,189369.35
29310,RUT,2017-06-29,188212.25
29311,RUT,2017-06-30,188804.10
29312,RUT,2017-07-03,189352.06
29313,RUT,2017-07-05,188999.61
29314,RUT,2017-07-06,186150.75
29315,RUT,2017-07-07,188214.91
29316,RUT,2017-07-10,187762.71
29317,RUT,2017-07-11,188019.40
29318,RUT,2017-07-12,189538.26
29319,RUT,2017-07-13,189349.40
29320,RUT,2017-07-14,190252.47
29321,RUT,2017-07-17,190229.86
29322,RUT,2017-07-18,189897.36
29323,RUT,2017-07-19,191633.01
29324,RUT,2017-07-20,191981.47
29325,RUT,2017-07-21,190848.31
29326,RUT,2017-07-24,191134.26
29327,RUT,2017-07-25,192840.65
29328,RUT,2017-07-26,192022.70
29329,RUT,2017-07-27,190346.90
29330,RUT,2017-07-28,190037.01
29331,RUT,2017-07-31,189890.71
29332,RUT,2017-08-01,189923.96
29333,RUT,2017-08-02,187813.25
29334,RUT,2017-08-03,186592.31
29335,RUT,2017-08-04,187543.26
29336,RUT,2017-08-07,188052.65
29337,RUT,2017-08-08,187347.75
29338,RUT,2017-08-09,185472.45
29339,RUT,2017-08-10,182841.71
29340,RUT,2017-08-11,182755.26
29341,RUT,2017-08-14,185193.15
29342,RUT,2017-08-15,184341.95
29343,RUT,2017-08-16,183839.21
29344,RUT,2017-08-17,181199.16
29345,RUT,2017-08-18,180613.96
29346,RUT,2017-08-21,180381.21
29347,RUT,2017-08-22,182309.71
29348,RUT,2017-08-23,182409.46
29349,RUT,2017-08-24,182642.21
29350,RUT,2017-08-25,183194.16
29351,RUT,2017-08-28,183786.01
29352,RUT,2017-08-29,184178.36
29353,RUT,2017-08-30,184913.85
29354,RUT,2017-08-31,186971.36
29355,RUT,2017-09-01,187769.36
29356,RUT,2017-09-05,186100.21
29357,RUT,2017-09-06,186718.66
29358,RUT,2017-09-07,185960.56
29359,RUT,2017-09-08,186029.72
29360,RUT,2017-09-11,188148.41
29361,RUT,2017-09-12,189209.75
29362,RUT,2017-09-13,189724.46
29363,RUT,2017-09-14,189276.25
29364,RUT,2017-09-15,190216.56
29365,RUT,2017-09-18,191746.06
29366,RUT,2017-09-19,191573.16
29367,RUT,2017-09-20,192045.31
29368,RUT,2017-09-21,192328.60
29369,RUT,2017-09-22,193126.60
29370,RUT,2017-09-25,193086.70
29371,RUT,2017-09-26,194186.61
29372,RUT,2017-09-27,197817.51
29373,RUT,2017-09-28,197977.11
29374,RUT,2017-09-29,198416.01
29375,RUT,2017-10-02,200517.41
29376,RUT,2017-10-03,201135.86
29377,RUT,2017-10-04,200670.36
29378,RUT,2017-10-05,201215.66
29379,RUT,2017-10-06,200940.35
29380,RUT,2017-10-09,199956.15
29381,RUT,2017-10-10,200587.90
29382,RUT,2017-10-11,200548.00
29383,RUT,2017-10-12,200467.54
29384,RUT,2017-10-13,200091.82
29385,RUT,2017-10-16,200018.67
29386,RUT,2017-10-17,199100.97
29387,RUT,2017-10-18,200557.32
29388,RUT,2017-10-19,199706.12
29389,RUT,2017-10-20,200816.67
29390,RUT,2017-10-23,199300.47
29391,RUT,2017-10-24,199812.52
29392,RUT,2017-10-25,198775.12
29393,RUT,2017-10-26,199210.69
29394,RUT,2017-10-27,200440.94
29395,RUT,2017-10-30,198116.77
29396,RUT,2017-10-31,200307.94
29397,RUT,2017-11-01,198708.62
29398,RUT,2017-11-02,199187.42
29399,RUT,2017-11-03,198791.75
29400,RUT,2017-11-06,199353.67
29401,RUT,2017-11-07,196667.07
29402,RUT,2017-11-08,197145.87
29403,RUT,2017-11-09,196088.52
29404,RUT,2017-11-10,196510.79
29405,RUT,2017-11-13,196174.97
29406,RUT,2017-11-14,195609.72
29407,RUT,2017-11-15,194851.62
29408,RUT,2017-11-16,197874.04
29409,RUT,2017-11-17,198688.66
29410,RUT,2017-11-20,199765.96
29411,RUT,2017-11-21,201767.61
29412,RUT,2017-11-22,202140.01
29413,RUT,2017-11-24,201784.24
29414,RUT,2017-11-27,201601.37
29415,RUT,2017-11-28,204248.07
29416,RUT,2017-11-29,205105.92
29417,RUT,2017-11-30,205258.87
29418,RUT,2017-12-01,204231.45
29419,RUT,2017-12-04,204115.08
29420,RUT,2017-12-05,202113.43
29421,RUT,2017-12-06,201009.53
29422,RUT,2017-12-07,202066.88
29423,RUT,2017-12-08,202419.33
29424,RUT,2017-12-11,201854.08
29425,RUT,2017-12-12,201794.23
29426,RUT,2017-12-13,202758.48
29427,RUT,2017-12-14,200696.98
29428,RUT,2017-12-15,204081.83
29429,RUT,2017-12-18,205744.33
29430,RUT,2017-12-19,204667.03
29431,RUT,2017-12-20,205125.88
29432,RUT,2017-12-21,206169.93
29433,RUT,2017-12-22,205095.96
29434,RUT,2017-12-26,205598.03
29435,RUT,2017-12-27,205278.83
29436,RUT,2017-12-28,205637.93
29437,RUT,2017-12-29,204823.31
29438,RUT,2018-01-02,205750.98
29439,RUT,2018-01-03,206582.23
29440,RUT,2018-01-04,207104.25
29441,RUT,2018-01-05,207080.98
29442,RUT,2018-01-08,207845.73
29443,RUT,2018-01-09,207759.28
29444,RUT,2018-01-10,207213.98
29445,RUT,2018-01-11,210961.25
29446,RUT,2018-01-12,211593.00
29447,RUT,2018-01-16,209840.73
29448,RUT,2018-01-17,211190.68
29449,RUT,2018-01-18,209957.11
29450,RUT,2018-01-19,212407.63
29451,RUT,2018-01-22,213132.48
29452,RUT,2018-01-23,214269.63
29453,RUT,2018-01-24,212813.28
29454,RUT,2018-01-25,212387.68
29455,RUT,2018-01-26,213834.05
29456,RUT,2018-01-29,212799.98
29457,RUT,2018-01-30,210851.53
29458,RUT,2018-01-31,209797.51
29459,RUT,2018-02-01,209288.79
29460,RUT,2018-02-02,206073.52
29461,RUT,2018-02-05,200344.55
29462,RUT,2018-02-06,200923.10
29463,RUT,2018-02-07,201408.55
29464,RUT,2018-02-08,196647.15
29465,RUT,2018-02-09,196660.45
29466,RUT,2018-02-12,198748.55
29467,RUT,2018-02-13,198602.25
29468,RUT,2018-02-14,202060.25
29469,RUT,2018-02-15,204108.45
29470,RUT,2018-02-16,205371.95
29471,RUT,2018-02-20,203263.90
29472,RUT,2018-02-21,204447.60
29473,RUT,2018-02-22,203709.45
29474,RUT,2018-02-23,205528.22
29475,RUT,2018-02-26,207446.74
29476,RUT,2018-02-27,204686.99
29477,RUT,2018-02-28,202356.17
29478,RUT,2018-03-01,200311.30
29479,RUT,2018-03-02,204088.50
29480,RUT,2018-03-05,206229.80
29481,RUT,2018-03-06,207652.90
29482,RUT,2018-03-07,209727.70
29483,RUT,2018-03-08,208810.00
29484,RUT,2018-03-09,212457.52
29485,RUT,2018-03-12,213125.84
29486,RUT,2018-03-13,211676.14
29487,RUT,2018-03-14,210665.34
29488,RUT,2018-03-15,209501.59
29489,RUT,2018-03-16,211263.84
29490,RUT,2018-03-19,208630.44
29491,RUT,2018-03-20,209002.84
29492,RUT,2018-03-21,210492.44
29493,RUT,2018-03-22,205963.79
29494,RUT,2018-03-23,202203.22
29495,RUT,2018-03-26,205139.19
29496,RUT,2018-03-27,200962.99
29497,RUT,2018-03-28,201089.34
29498,RUT,2018-03-29,203599.71
29499,RUT,2018-04-02,197963.84
29500,RUT,2018-04-03,201235.64
29501,RUT,2018-04-04,203629.64
29502,RUT,2018-04-05,205172.44
29503,RUT,2018-04-06,201391.92
29504,RUT,2018-04-09,202199.89
29505,RUT,2018-04-10,205644.59
29506,RUT,2018-04-11,205824.14
29507,RUT,2018-04-12,207513.24
29508,RUT,2018-04-13,205893.97
29509,RUT,2018-04-16,208291.29
29510,RUT,2018-04-17,210625.44
29511,RUT,2018-04-18,211164.09
29512,RUT,2018-04-19,209624.62
29513,RUT,2018-04-20,208085.15
29514,RUT,2018-04-23,207805.85
29515,RUT,2018-04-24,205997.05
29516,RUT,2018-04-25,206156.65
29517,RUT,2018-04-26,207353.65
29518,RUT,2018-04-27,207064.38
29519,RUT,2018-04-30,205734.38
29520,RUT,2018-05-01,206256.40
29521,RUT,2018-05-02,207087.65
29522,RUT,2018-05-03,205637.95
29523,RUT,2018-05-04,208274.67
29524,RUT,2018-05-07,210206.49
29525,RUT,2018-05-08,210944.64
29526,RUT,2018-05-09,212334.49
29527,RUT,2018-05-10,213232.24
29528,RUT,2018-05-11,213867.31
29529,RUT,2018-05-14,213112.54
29530,RUT,2018-05-15,212806.64
29531,RUT,2018-05-16,214927.99
29532,RUT,2018-05-17,216257.99
29533,RUT,2018-05-18,216756.74
29534,RUT,2018-05-21,217541.44
29535,RUT,2018-05-22,216510.69
29536,RUT,2018-05-23,216337.79
29537,RUT,2018-05-24,216553.91
29538,RUT,2018-05-25,216294.56
29539,RUT,2018-05-29,216105.04
29540,RUT,2018-05-30,219183.99
29541,RUT,2018-05-31,217478.27
29542,RUT,2018-06-01,219223.89
29543,RUT,2018-06-04,219735.94
29544,RUT,2018-06-05,221165.69
29545,RUT,2018-06-06,222741.74
29546,RUT,2018-06-07,222229.69
29547,RUT,2018-06-08,222392.61
29548,RUT,2018-06-11,222974.48
29549,RUT,2018-06-12,223446.63
29550,RUT,2018-06-13,223100.83
29551,RUT,2018-06-14,223962.00
29552,RUT,2018-06-15,224091.67
29553,RUT,2018-06-18,225029.32
29554,RUT,2018-06-19,225288.67
29555,RUT,2018-06-20,227277.02
29556,RUT,2018-06-21,224251.27
29557,RUT,2018-06-22,223642.80
29558,RUT,2018-06-25,220533.93
29559,RUT,2018-06-26,222129.93
29560,RUT,2018-06-27,218984.48
29561,RUT,2018-06-28,218678.58
29562,RUT,2018-06-29,218651.98
29563,RUT,2018-07-02,219656.13
29564,RUT,2018-07-03,221205.58
29565,RUT,2018-07-05,222868.08
29566,RUT,2018-07-06,225016.03
29567,RUT,2018-07-09,226625.33
29568,RUT,2018-07-10,225381.78
29569,RUT,2018-07-11,224257.93
29570,RUT,2018-07-12,224783.28
29571,RUT,2018-07-13,224470.73
29572,RUT,2018-07-16,223167.33
29573,RUT,2018-07-17,224570.48
29574,RUT,2018-07-18,224949.53
29575,RUT,2018-07-19,226166.48
29576,RUT,2018-07-20,226166.48
29577,RUT,2018-07-23,225966.98
29578,RUT,2018-07-24,223499.83
29579,RUT,2018-07-25,223958.68
29580,RUT,2018-07-26,225700.98
29581,RUT,2018-07-27,221418.38
29582,RUT,2018-07-30,220095.03
29583,RUT,2018-07-31,222309.48
29584,RUT,2018-08-01,222070.08
29585,RUT,2018-08-02,223559.68
29586,RUT,2018-08-03,222352.71
29587,RUT,2018-08-06,223805.73
29588,RUT,2018-08-07,224497.33
29589,RUT,2018-08-08,224663.58
29590,RUT,2018-08-09,225145.70
29591,RUT,2018-08-10,224700.15
29592,RUT,2018-08-13,223240.48
29593,RUT,2018-08-14,225042.63
29594,RUT,2018-08-15,222256.28
29595,RUT,2018-08-16,224201.40
29596,RUT,2018-08-17,225202.22
29597,RUT,2018-08-20,226080.02
29598,RUT,2018-08-21,228740.02
29599,RUT,2018-08-22,229212.17
29600,RUT,2018-08-23,228417.50
29601,RUT,2018-08-24,229720.90
29602,RUT,2018-08-27,229850.57
29603,RUT,2018-08-28,229910.42
29604,RUT,2018-08-29,230981.07
29605,RUT,2018-08-30,230216.32
29606,RUT,2018-08-31,231153.97
29607,RUT,2018-09-04,230355.97
29608,RUT,2018-09-05,229817.32
29609,RUT,2018-09-06,228247.92
29610,RUT,2018-09-07,227629.47
29611,RUT,2018-09-10,228407.52
29612,RUT,2018-09-11,228607.02
29613,RUT,2018-09-12,228640.27
29614,RUT,2018-09-13,227656.07
29615,RUT,2018-09-14,229262.04
29616,RUT,2018-09-17,226578.77
29617,RUT,2018-09-18,227809.02
29618,RUT,2018-09-19,226445.77
29619,RUT,2018-09-20,228600.37
29620,RUT,2018-09-21,227676.02
29621,RUT,2018-09-24,226764.97
29622,RUT,2018-09-25,227436.62
29623,RUT,2018-09-26,225448.27
29624,RUT,2018-09-27,224843.12
29625,RUT,2018-09-28,225305.29
29626,RUT,2018-10-01,222203.07
29627,RUT,2018-10-02,220301.17
29628,RUT,2018-10-03,222242.97
29629,RUT,2018-10-04,218818.22
29630,RUT,2018-10-05,217175.67
29631,RUT,2018-10-08,217129.12
29632,RUT,2018-10-09,215925.47
29633,RUT,2018-10-10,210366.07
29634,RUT,2018-10-11,206489.12
29635,RUT,2018-10-12,205528.20
29636,RUT,2018-10-15,207127.52
29637,RUT,2018-10-16,212361.07
29638,RUT,2018-10-17,211237.22
29639,RUT,2018-10-18,207726.02
29640,RUT,2018-10-19,205378.57
29641,RUT,2018-10-22,205179.07
29642,RUT,2018-10-23,203416.82
29643,RUT,2018-10-24,196753.52
29644,RUT,2018-10-25,199732.72
29645,RUT,2018-10-26,196886.52
29646,RUT,2018-10-29,194352.87
29647,RUT,2018-10-30,200126.40
29648,RUT,2018-10-31,201348.67
29649,RUT,2018-11-01,205617.97
29650,RUT,2018-11-02,205973.08
29651,RUT,2018-11-05,205611.32
29652,RUT,2018-11-06,206322.87
29653,RUT,2018-11-07,210046.87
29654,RUT,2018-11-08,209461.67
29655,RUT,2018-11-09,206551.63
29656,RUT,2018-11-12,202834.28
29657,RUT,2018-11-13,201517.58
29658,RUT,2018-11-14,200486.83
29659,RUT,2018-11-15,202284.99
29660,RUT,2018-11-16,203438.10
29661,RUT,2018-11-19,198942.70
29662,RUT,2018-11-20,195750.70
29663,RUT,2018-11-21,198044.95
29664,RUT,2018-11-23,197540.88
29665,RUT,2018-11-26,200246.10
29666,RUT,2018-11-27,198650.10
29667,RUT,2018-11-28,203317.07
29668,RUT,2018-11-29,203044.42
29669,RUT,2018-11-30,204311.24
29670,RUT,2018-12-03,205877.31
29671,RUT,2018-12-04,196919.76
29672,RUT,2018-12-06,195849.11
29673,RUT,2018-12-07,192607.24
29674,RUT,2018-12-10,192065.27
29675,RUT,2018-12-11,191859.12
29676,RUT,2018-12-12,194346.22
29677,RUT,2018-12-13,191054.47
29678,RUT,2018-12-14,187177.52
29679,RUT,2018-12-17,183041.22
29680,RUT,2018-12-18,183706.22
29681,RUT,2018-12-19,179011.32
29682,RUT,2018-12-20,176750.32
29683,RUT,2018-12-21,172055.42
29684,RUT,2018-12-24,167792.77
29685,RUT,2018-12-26,176371.27
29686,RUT,2018-12-27,175852.57
29687,RUT,2018-12-28,177541.67
29688,RUT,2018-12-31,179077.82
29689,RUT,2019-01-02,179104.42
29690,RUT,2019-01-03,177641.42
29691,RUT,2019-01-04,183526.67
29692,RUT,2019-01-07,186944.77
29693,RUT,2019-01-08,189511.67
29694,RUT,2019-01-09,191493.37
29695,RUT,2019-01-10,192098.52
29696,RUT,2019-01-11,192391.12
29697,RUT,2019-01-14,190848.32
29698,RUT,2019-01-15,192091.87
29699,RUT,2019-01-16,193315.47
29700,RUT,2019-01-17,194944.72
29701,RUT,2019-01-18,197059.42
29702,RUT,2019-01-22,193654.62
29703,RUT,2019-01-23,193302.17
29704,RUT,2019-01-24,194499.17
29705,RUT,2019-01-25,197195.74
29706,RUT,2019-01-28,195902.32
29707,RUT,2019-01-29,196081.87
29708,RUT,2019-01-30,197458.42
29709,RUT,2019-02-01,199443.44
29710,RUT,2019-02-04,201169.11
29711,RUT,2019-02-05,202186.56
29712,RUT,2019-02-06,201913.91
29713,RUT,2019-02-07,200311.26
29714,RUT,2019-02-08,200118.41
29715,RUT,2019-02-11,201834.11
29716,RUT,2019-02-12,204334.51
29717,RUT,2019-02-13,205378.56
29718,RUT,2019-02-14,206040.23
29719,RUT,2019-02-15,208497.40
29720,RUT,2019-02-19,209893.90
29721,RUT,2019-02-20,210592.15
29722,RUT,2019-02-21,209075.95
29723,RUT,2019-02-22,211114.17
29724,RUT,2019-02-25,211802.44
29725,RUT,2019-02-26,210445.84
29726,RUT,2019-02-27,210113.34
29727,RUT,2019-02-28,210103.37
29728,RUT,2019-03-01,211503.19
29729,RUT,2019-03-04,209514.84
29730,RUT,2019-03-05,208836.54
29731,RUT,2019-03-06,204853.19
29732,RUT,2019-03-07,202878.14
29733,RUT,2019-03-08,202173.24
29734,RUT,2019-03-11,205750.94
29735,RUT,2019-03-12,206236.39
29736,RUT,2019-03-13,207174.04
29737,RUT,2019-03-14,206462.49
29738,RUT,2019-03-15,206615.44
29739,RUT,2019-03-18,208031.89
29740,RUT,2019-03-19,206469.14
29741,RUT,2019-03-20,205844.04
29742,RUT,2019-03-21,207885.59
29743,RUT,2019-03-22,200720.22
29744,RUT,2019-03-25,201561.44
29745,RUT,2019-03-26,202439.24
29746,RUT,2019-03-27,202864.84
29747,RUT,2019-03-28,204035.24
29748,RUT,2019-03-29,204839.89
29749,RUT,2019-04-01,206781.69
29750,RUT,2019-04-02,206622.09
29751,RUT,2019-04-03,207499.89
29752,RUT,2019-04-04,208284.59
29753,RUT,2019-04-05,210432.54
29754,RUT,2019-04-08,209853.99
29755,RUT,2019-04-09,207885.59
29756,RUT,2019-04-10,210392.64
29757,RUT,2019-04-11,209927.14
29758,RUT,2019-04-12,210765.04
29759,RUT,2019-04-15,209900.54
29760,RUT,2019-04-16,210193.14
29761,RUT,2019-04-17,208490.33
29762,RUT,2019-04-18,208244.37
29763,RUT,2019-04-22,207485.88
29764,RUT,2019-04-23,210817.32
29765,RUT,2019-04-24,211221.53
29766,RUT,2019-04-25,209556.28
29767,RUT,2019-04-26,211711.42
29768,RUT,2019-04-29,212581.32
29769,RUT,2019-04-30,211630.97
29770,RUT,2019-05-01,209658.39
29771,RUT,2019-05-02,210492.49
29772,RUT,2019-05-03,214664.84
29773,RUT,2019-05-06,214791.68
29774,RUT,2019-05-07,210447.37
29775,RUT,2019-05-08,209471.56
29776,RUT,2019-05-09,208817.48
29777,RUT,2019-05-10,209207.97
29778,RUT,2019-05-13,202559.08
29779,RUT,2019-05-14,205226.71
29780,RUT,2019-05-15,205920.03
29781,RUT,2019-05-16,207112.73
29782,RUT,2019-05-17,204256.44
29783,RUT,2019-05-20,202820.03
29784,RUT,2019-05-21,205517.89
29785,RUT,2019-05-22,203706.07
29786,RUT,2019-05-23,199683.46
29787,RUT,2019-05-24,201376.38
29788,RUT,2019-05-28,200034.52
29789,RUT,2019-05-29,198163.52
29790,RUT,2019-05-30,197575.55
29791,RUT,2019-05-31,194909.70
29792,RUT,2019-06-03,195507.68
29793,RUT,2019-06-04,200638.59
29794,RUT,2019-06-05,200403.38
29795,RUT,2019-06-06,199970.53
29796,RUT,2019-06-07,201413.90
29797,RUT,2019-06-10,202633.55
29798,RUT,2019-06-11,202041.27
29799,RUT,2019-06-12,202132.22
29800,RUT,2019-06-13,204261.83
29801,RUT,2019-06-14,202492.28
29802,RUT,2019-06-17,203855.97
29803,RUT,2019-06-18,206180.40
29804,RUT,2019-06-19,206892.02
29805,RUT,2019-06-20,207944.75
29806,RUT,2019-06-21,206100.45
29807,RUT,2019-06-24,203501.05
29808,RUT,2019-06-25,202297.64
29809,RUT,2019-06-26,201864.06
29810,RUT,2019-06-27,205691.13
29811,RUT,2019-06-28,208354.00
29812,RUT,2019-07-01,208765.18
29813,RUT,2019-07-02,207551.45
29814,RUT,2019-07-03,209092.17
29815,RUT,2019-07-05,209557.99
29816,RUT,2019-07-08,207664.35
29817,RUT,2019-07-09,207824.20
29818,RUT,2019-07-10,208151.09
29819,RUT,2019-07-11,207203.40
29820,RUT,2019-07-12,208809.72
29821,RUT,2019-07-15,207722.03
29822,RUT,2019-07-16,207745.28
29823,RUT,2019-07-17,206253.37
29824,RUT,2019-07-18,206897.91
29825,RUT,2019-07-19,205870.09
29826,RUT,2019-07-22,205456.11
29827,RUT,2019-07-23,206809.85
29828,RUT,2019-07-24,210195.46
29829,RUT,2019-07-25,207672.66
29830,RUT,2019-07-26,210002.59
29831,RUT,2019-07-29,208680.25
29832,RUT,2019-07-30,210884.58
29833,RUT,2019-07-31,209422.39
29834,RUT,2019-08-01,206251.56
29835,RUT,2019-08-02,203976.58
29836,RUT,2019-08-05,197825.94
29837,RUT,2019-08-06,199777.33
29838,RUT,2019-08-07,199591.13
29839,RUT,2019-08-08,203773.49
29840,RUT,2019-08-09,201234.59
29841,RUT,2019-08-12,198763.66
29842,RUT,2019-08-13,200906.41
29843,RUT,2019-08-14,195180.36
29844,RUT,2019-08-15,194399.08
29845,RUT,2019-08-16,198654.01
29846,RUT,2019-08-19,200676.95
29847,RUT,2019-08-20,199234.73
29848,RUT,2019-08-21,200809.99
29849,RUT,2019-08-22,200298.21
29850,RUT,2019-08-23,194111.45
29851,RUT,2019-08-26,196308.24
29852,RUT,2019-08-27,193653.15
29853,RUT,2019-08-28,195870.70
29854,RUT,2019-08-29,199063.70
29855,RUT,2019-08-30,198813.57
29856,RUT,2019-09-03,195813.53
29857,RUT,2019-09-04,197472.69
29858,RUT,2019-09-05,200929.07
29859,RUT,2019-09-06,200187.28
29860,RUT,2019-09-09,202722.62
29861,RUT,2019-09-10,205217.42
29862,RUT,2019-09-11,209569.66
29863,RUT,2019-09-12,209483.68
29864,RUT,2019-09-13,209892.32
29865,RUT,2019-09-16,210751.39
29866,RUT,2019-09-17,209912.49
29867,RUT,2019-09-18,208589.70
29868,RUT,2019-09-19,207676.03
29869,RUT,2019-09-20,207448.67
29870,RUT,2019-09-23,207246.74
29871,RUT,2019-09-24,203966.87
29872,RUT,2019-09-25,206236.98
29873,RUT,2019-09-26,203932.33
29874,RUT,2019-09-27,202223.31
29875,RUT,2019-09-30,202608.53
29876,RUT,2019-10-01,198626.35
29877,RUT,2019-10-02,196790.76
29878,RUT,2019-10-03,197684.04
29879,RUT,2019-10-04,199593.28
29880,RUT,2019-10-07,199205.63
29881,RUT,2019-10-08,195855.48
29882,RUT,2019-10-09,196768.25
29883,RUT,2019-10-10,197553.31
29884,RUT,2019-10-11,201082.70
29885,RUT,2019-10-14,200221.96
29886,RUT,2019-10-15,202599.05
29887,RUT,2019-10-16,202832.53
29888,RUT,2019-10-17,205065.21
29889,RUT,2019-10-18,204219.06
29890,RUT,2019-10-21,206168.47
29891,RUT,2019-10-22,206265.05
29892,RUT,2019-10-23,206529.65
29893,RUT,2019-10-24,206173.92
29894,RUT,2019-10-25,207308.16
29895,RUT,2019-10-28,209192.37
29896,RUT,2019-10-29,209814.08
29897,RUT,2019-10-30,209195.63
29898,RUT,2019-10-31,207353.83
29899,RUT,2019-11-01,211048.95
29900,RUT,2019-11-04,212307.06
29901,RUT,2019-11-05,212856.39
29902,RUT,2019-11-06,211522.93
29903,RUT,2019-11-07,211526.72
29904,RUT,2019-11-08,212388.19
29905,RUT,2019-11-11,211855.10
29906,RUT,2019-11-12,212146.16
29907,RUT,2019-11-13,211520.75
29908,RUT,2019-11-14,211414.20
29909,RUT,2019-11-15,212219.71
29910,RUT,2019-11-18,211717.94
29911,RUT,2019-11-19,212905.70
29912,RUT,2019-11-20,212067.07
29913,RUT,2019-11-21,210836.82
29914,RUT,2019-11-22,211473.68
29915,RUT,2019-11-25,215854.99
29916,RUT,2019-11-26,216052.00
29917,RUT,2019-11-27,217223.20
29918,RUT,2019-11-29,216058.87
29919,RUT,2019-12-02,213966.40
29920,RUT,2019-12-03,212929.33
29921,RUT,2019-12-04,214848.43
29922,RUT,2019-12-05,214871.21
29923,RUT,2019-12-06,217538.78
29924,RUT,2019-12-09,217018.79
29925,RUT,2019-12-10,216612.77
29926,RUT,2019-12-11,216936.12
29927,RUT,2019-12-12,219030.48
29928,RUT,2019-12-13,217543.25
29929,RUT,2019-12-16,219457.62
29930,RUT,2019-12-17,220281.10
29931,RUT,2019-12-18,221171.22
29932,RUT,2019-12-19,221585.99
29933,RUT,2019-12-20,222364.52
29934,RUT,2019-12-23,222519.65
29935,RUT,2019-12-24,223175.31
29936,RUT,2019-12-26,222943.38
29937,RUT,2019-12-27,221912.38
29938,RUT,2019-12-30,221365.15
29939,RUT,2019-12-31,222387.45
29940,RUT,2020-01-02,220938.95
29941,RUT,2020-01-03,220992.71
29942,RUT,2020-01-06,221186.25
29943,RUT,2020-01-07,220760.32
29944,RUT,2020-01-08,221768.31
29945,RUT,2020-01-09,221375.52
29946,RUT,2020-01-10,220220.52
29947,RUT,2020-01-13,221612.70
29948,RUT,2020-01-14,222964.60
29949,RUT,2020-01-15,222947.20
29950,RUT,2020-01-16,226561.14
29951,RUT,2020-01-17,226059.26
29952,RUT,2020-01-21,224383.18
29953,RUT,2020-01-22,223979.60
29954,RUT,2020-01-23,224301.09
29955,RUT,2020-01-24,220549.52
29956,RUT,2020-01-27,219405.22
29957,RUT,2020-01-28,220651.55
29958,RUT,2020-01-29,219699.87
29959,RUT,2020-01-30,218808.42
29960,RUT,2020-01-31,214698.67
29961,RUT,2020-02-03,217213.27
29962,RUT,2020-02-04,220551.69
29963,RUT,2020-02-05,223689.12
29964,RUT,2020-02-06,223408.93
29965,RUT,2020-02-07,220522.06
29966,RUT,2020-02-10,221575.45
29967,RUT,2020-02-11,223284.26
29968,RUT,2020-02-12,224671.34
29969,RUT,2020-02-13,225046.44
29970,RUT,2020-02-14,224363.86
29971,RUT,2020-02-18,223876.63
29972,RUT,2020-02-19,225561.43
29973,RUT,2020-02-20,225511.33
29974,RUT,2020-02-21,223092.57
29975,RUT,2020-02-24,216751.48
29976,RUT,2020-02-25,209461.61
29977,RUT,2020-02-26,206662.65
29978,RUT,2020-02-27,201529.93
29979,RUT,2020-02-28,192666.00
29980,RUT,2020-03-02,199790.87
29981,RUT,2020-03-03,198562.78
29982,RUT,2020-03-04,202913.90
29983,RUT,2020-03-05,195530.00
29984,RUT,2020-03-06,190960.27
29985,RUT,2020-03-09,176231.30
29986,RUT,2020-03-10,178181.44
29987,RUT,2020-03-11,168071.86
29988,RUT,2020-03-12,150611.95
29989,RUT,2020-03-13,154886.14
29990,RUT,2020-03-16,140490.27
29991,RUT,2020-03-17,145133.09
29992,RUT,2020-03-18,130360.31
29993,RUT,2020-03-19,142168.13
29994,RUT,2020-03-20,136020.17
29995,RUT,2020-03-23,131363.38
29996,RUT,2020-03-24,144328.39
29997,RUT,2020-03-25,149877.16
29998,RUT,2020-03-26,154558.61
29999,RUT,2020-03-27,152108.63
30000,RUT,2020-03-30,154056.16
30001,RUT,2020-03-31,153362.65
30002,RUT,2020-04-01,142575.13
30003,RUT,2020-04-02,144412.42
30004,RUT,2020-04-03,139922.98
30005,RUT,2020-04-06,151457.40
30006,RUT,2020-04-07,151509.55
30007,RUT,2020-04-08,158491.22
30008,RUT,2020-04-09,165814.52
30009,RUT,2020-04-13,161201.48
30010,RUT,2020-04-14,164565.23
30011,RUT,2020-04-15,157468.92
30012,RUT,2020-04-16,156685.84
30013,RUT,2020-04-17,163470.02
30014,RUT,2020-04-20,161375.19
30015,RUT,2020-04-21,157617.48
30016,RUT,2020-04-22,159802.47
30017,RUT,2020-04-23,161470.54
30018,RUT,2020-04-24,163996.06
30019,RUT,2020-04-27,171357.14
30020,RUT,2020-04-28,173485.14
30021,RUT,2020-04-29,182203.29
30022,RUT,2020-04-30,174914.89
30023,RUT,2020-05-01,166878.37
30024,RUT,2020-05-04,167892.49
30025,RUT,2020-05-05,169335.54
30026,RUT,2020-05-06,168324.74
30027,RUT,2020-05-07,170253.24
30028,RUT,2020-05-08,176743.64
30029,RUT,2020-05-11,175998.84
30030,RUT,2020-05-12,170665.54
30031,RUT,2020-05-13,163490.19
30032,RUT,2020-05-14,163290.69
30033,RUT,2020-05-15,166575.79
30034,RUT,2020-05-18,177827.59
30035,RUT,2020-05-19,175726.19
30036,RUT,2020-05-20,179111.04
30037,RUT,2020-05-21,179782.69
30038,RUT,2020-05-22,179702.89
30039,RUT,2020-05-26,185847.49
30040,RUT,2020-05-27,190954.69
30041,RUT,2020-05-28,186289.41
30042,RUT,2020-05-29,185406.64
30043,RUT,2020-06-01,186914.39
30044,RUT,2020-06-02,188621.54
30045,RUT,2020-06-03,193127.88
30046,RUT,2020-06-04,193124.26
30047,RUT,2020-06-05,200451.32
30048,RUT,2020-06-08,204406.95
30049,RUT,2020-06-09,200437.71
30050,RUT,2020-06-10,195162.85
30051,RUT,2020-06-11,180377.66
30052,RUT,2020-06-12,184562.00
30053,RUT,2020-06-15,188807.69
30054,RUT,2020-06-16,192464.23
30055,RUT,2020-06-17,189728.59
30056,RUT,2020-06-18,189800.94
30057,RUT,2020-06-19,188678.29
30058,RUT,2020-06-22,190659.04
30059,RUT,2020-06-23,191431.85
30060,RUT,2020-06-24,184835.43
30061,RUT,2020-06-25,187970.81
30062,RUT,2020-06-26,183377.72
30063,RUT,2020-06-29,189020.51
30064,RUT,2020-06-30,191701.54
30065,RUT,2020-07-01,189832.70
30066,RUT,2020-07-02,190437.29
30067,RUT,2020-07-06,191903.26
30068,RUT,2020-07-07,188327.44
30069,RUT,2020-07-08,189844.46
30070,RUT,2020-07-09,186056.28
30071,RUT,2020-07-10,189216.25
30072,RUT,2020-07-13,186674.26
30073,RUT,2020-07-14,189958.49
30074,RUT,2020-07-15,196609.87
30075,RUT,2020-07-16,195185.91
30076,RUT,2020-07-17,195951.39
30077,RUT,2020-07-20,195164.12
30078,RUT,2020-07-21,197524.87
30079,RUT,2020-07-22,197598.02
30080,RUT,2020-07-23,197930.52
30081,RUT,2020-07-24,195110.92
30082,RUT,2020-07-27,197019.47
30083,RUT,2020-07-28,196095.12
30084,RUT,2020-07-29,199366.92
30085,RUT,2020-07-30,198834.92
30086,RUT,2020-07-31,195363.25
30087,RUT,2020-08-03,200017.50
30088,RUT,2020-08-04,201277.09
30089,RUT,2020-08-05,204869.86
30090,RUT,2020-08-06,205385.00
30091,RUT,2020-08-07,207948.47
30092,RUT,2020-08-10,210858.39
30093,RUT,2020-08-11,210185.24
30094,RUT,2020-08-12,210349.24
30095,RUT,2020-08-13,210107.59
30096,RUT,2020-08-14,208973.99
30097,RUT,2020-08-17,210472.10
30098,RUT,2020-08-18,208545.70
30099,RUT,2020-08-19,208995.56
30100,RUT,2020-08-20,208264.62
30101,RUT,2020-08-21,205804.12
30102,RUT,2020-08-24,207958.72
30103,RUT,2020-08-25,208743.42
30104,RUT,2020-08-26,207499.87
30105,RUT,2020-08-27,208517.32
30106,RUT,2020-08-28,209454.97
30107,RUT,2020-08-31,208397.62
30108,RUT,2020-09-01,209171.43
30109,RUT,2020-09-02,211928.77
30110,RUT,2020-09-03,205219.77
30111,RUT,2020-09-04,204001.97
30112,RUT,2020-09-08,201361.92
30113,RUT,2020-09-09,203297.07
30114,RUT,2020-09-10,201481.62
30115,RUT,2020-09-11,198834.92
30116,RUT,2020-09-14,204214.77
30117,RUT,2020-09-15,203968.72
30118,RUT,2020-09-16,206575.52
30119,RUT,2020-09-17,204700.22
30120,RUT,2020-09-18,204121.67
30121,RUT,2020-09-21,196866.52
30122,RUT,2020-09-22,198748.47
30123,RUT,2020-09-23,194140.02
30124,RUT,2020-09-24,192863.22
30125,RUT,2020-09-25,195882.32
30126,RUT,2020-09-28,201262.17
30127,RUT,2020-09-29,200178.22
30128,RUT,2020-09-30,200164.92
30129,RUT,2020-10-01,202678.62
30130,RUT,2020-10-02,205378.52
30131,RUT,2020-10-05,210179.82
30132,RUT,2020-10-06,210924.62
30133,RUT,2020-10-07,214508.97
30134,RUT,2020-10-08,216796.57
30135,RUT,2020-10-09,217774.12
30136,RUT,2020-10-12,219855.57
30137,RUT,2020-10-13,218266.22
30138,RUT,2020-10-14,216470.72
30139,RUT,2020-10-15,218286.17
30140,RUT,2020-10-16,217548.02
30141,RUT,2020-10-19,215047.62
30142,RUT,2020-10-20,215400.07
30143,RUT,2020-10-21,213425.02
30144,RUT,2020-10-22,216936.22
30145,RUT,2020-10-23,218153.17
30146,RUT,2020-10-26,212826.52
30147,RUT,2020-10-27,212021.87
30148,RUT,2020-10-28,205857.32
30149,RUT,2020-10-29,207109.33
30150,RUT,2020-10-30,203121.30
30151,RUT,2020-11-02,207566.37
30152,RUT,2020-11-03,214828.17
30153,RUT,2020-11-04,214149.87
30154,RUT,2020-11-05,220394.22
30155,RUT,2020-11-06,219137.37
30156,RUT,2020-11-09,229252.02
30157,RUT,2020-11-10,230828.07
30158,RUT,2020-11-11,229970.22
30159,RUT,2020-11-12,226419.12
30160,RUT,2020-11-13,232809.77
30161,RUT,2020-11-16,237132.27
30162,RUT,2020-11-17,238429.02
30163,RUT,2020-11-18,236567.02
30164,RUT,2020-11-19,237218.72
30165,RUT,2020-11-20,237365.02
30166,RUT,2020-11-23,241880.37
30167,RUT,2020-11-24,245976.77
30168,RUT,2020-11-25,245271.87
30169,RUT,2020-11-27,246754.82
30170,RUT,2020-11-30,242498.82
30171,RUT,2020-12-01,244008.37
30172,RUT,2020-12-02,245152.17
30173,RUT,2020-12-03,245325.07
30174,RUT,2020-12-04,251635.92
30175,RUT,2020-12-07,251469.67
30176,RUT,2020-12-08,254535.32
30177,RUT,2020-12-09,253418.12
30178,RUT,2020-12-10,255346.62
30179,RUT,2020-12-11,254083.12
30180,RUT,2020-12-14,255213.62
30181,RUT,2020-12-15,260154.57
30182,RUT,2020-12-16,260387.32
30183,RUT,2020-12-17,262654.97
30184,RUT,2020-12-18,261837.02
30185,RUT,2020-12-21,260852.82
30186,RUT,2020-12-22,264264.27
30187,RUT,2020-12-23,267429.67
30188,RUT,2020-12-24,266731.42
30189,RUT,2020-12-28,266126.27
30190,RUT,2020-12-29,260832.87
30191,RUT,2020-12-30,263526.12
30192,RUT,2020-12-31,263486.22
30193,RUT,2021-01-04,259230.22
30194,RUT,2021-01-05,264284.22
30195,RUT,2021-01-06,273607.52
30196,RUT,2021-01-07,278847.72
30197,RUT,2021-01-08,277604.17
30198,RUT,2021-01-11,277504.42
30199,RUT,2021-01-12,282704.72
30200,RUT,2021-01-13,281035.57
30201,RUT,2021-01-14,287226.72
30202,RUT,2021-01-15,282019.77
30203,RUT,2021-01-19,285757.07
30204,RUT,2021-01-20,286914.17
30205,RUT,2021-01-21,285604.12
30206,RUT,2021-01-22,287286.57
30207,RUT,2021-01-25,286954.07
30208,RUT,2021-01-26,286102.87
30209,RUT,2021-01-27,279452.87
30210,RUT,2021-01-28,280703.07
30211,RUT,2021-01-29,275875.17
30212,RUT,2021-02-01,282325.67
30213,RUT,2021-02-02,286142.77
30214,RUT,2021-02-03,286455.32
30215,RUT,2021-02-04,292294.02
30216,RUT,2021-02-05,296569.97
30217,RUT,2021-02-08,303791.87
30218,RUT,2021-02-09,305959.77
30219,RUT,2021-02-10,303020.47
30220,RUT,2021-02-11,303033.77
30221,RUT,2021-02-12,303565.77
30222,RUT,2021-02-16,302661.37
30223,RUT,2021-02-17,300420.32
30224,RUT,2021-02-18,296377.12
30225,RUT,2021-02-19,300832.62
30226,RUT,2021-02-22,299456.07
30227,RUT,2021-02-23,296725.83
30228,RUT,2021-02-24,303124.12
30229,RUT,2021-02-25,292671.79
30230,RUT,2021-02-26,294221.86
30231,RUT,2021-03-01,302379.19
30232,RUT,2021-03-02,297514.26
30233,RUT,2021-03-03,295160.16
30234,RUT,2021-03-04,285497.71
30235,RUT,2021-03-05,290096.82
30236,RUT,2021-03-08,294235.80
30237,RUT,2021-03-09,299276.50
30238,RUT,2021-03-10,304091.10
30239,RUT,2021-03-11,310235.70
30240,RUT,2021-03-12,312802.60
30241,RUT,2021-03-15,312643.00
30242,RUT,2021-03-16,308387.00
30243,RUT,2021-03-17,309803.45
30244,RUT,2021-03-18,301697.10
30245,RUT,2021-03-19,304330.50
30246,RUT,2021-03-22,301564.10
30247,RUT,2021-03-23,289720.45
30248,RUT,2021-03-24,284553.40
30249,RUT,2021-03-25,290505.15
30250,RUT,2021-03-26,293444.45
30251,RUT,2021-03-29,288104.50
30252,RUT,2021-03-30,292287.35
30253,RUT,2021-03-31,297308.10
30254,RUT,2021-04-01,298491.80
